"id1","id2","name1","name2","geneName1","geneName2","altName1","altName2","altId1","altId2","source","sourceLink","intType","species"
"BSU_00010","BSU_00330","DnaA","DnaH","dnaA","BSU_00330","DnaA","YabA","BSU_00010","BSU_00330","subtiwiki","224308.BSU00010/224308.BSU00330","physical","txid224308"
"BSU_00010","BSU_40960","DnaA","ParB","dnaA","parB","DnaA","ParB","BSU_00010","BSU_40960","string-db","224308.BSU40960/224308.BSU00010","physical","txid224308"
"BSU_00010","BSU_24300","DnaA","XseA","dnaA","BSU_24300","DnaA","XseA","BSU_00010","BSU_24300","string-db","224308.BSU24300/224308.BSU00010","physical","txid224308"
"BSU_00010","BSU_40440","DnaA","DnaC","dnaA","BSU_40440","DnaA","DnaC","BSU_00010","BSU_40440","subtiwiki","224308.BSU40440/224308.BSU00010","physical","txid224308"
"BSU_00010","BSU_17900","DnaA","PcfA","dnaA","sirA","DnaA","SirA","BSU_00010","BSU_17900","subtiwiki","224308.BSU17900/224308.BSU00010","physical","txid224308"
"BSU_00010","BSU_28990","DnaA","DnaB","dnaA","BSU_28990","DnaA","DnaB","BSU_00010","BSU_28990","subtiwiki","224308.BSU28990/224308.BSU00010","physical","txid224308"
"BSU_00010","BSU_29090","DnaA","PolA","dnaA","polA","DnaA","PolA","BSU_00010","BSU_29090","string-db","224308.BSU29090/224308.BSU00010","physical","txid224308"
"BSU_00010","BSU_22350","DnaA","DnaD","dnaA","BSU_22350","DnaA","DnaD","BSU_00010","BSU_22350","subtiwiki","224308.BSU00010/224308.BSU22350","physical","txid224308"
"BSU_00010","BSU_26260","DnaA","YqaM","dnaA","yqaM","DnaA","YqaM","BSU_00010","BSU_26260","string-db","224308.BSU26260/224308.BSU00010","physical","txid224308"
"BSU_00010","BSU_13060","DnaA","YkjA","dnaA","BSU_13060","DnaA","YkjA","BSU_00010","BSU_13060","string-db","224308.BSU13060/224308.BSU00010","physical","txid224308"
"BSU_00010","BSU_26310","DnaA","YqaH","dnaA","yqaH","DnaA","YqaH","BSU_00010","BSU_26310","subtiwiki","224308.BSU00010/224308.BSU26310","physical","txid224308"
"BSU_00010","BSU_21000","DnaA","YonT","dnaA","yonT","DnaA","YonT","BSU_00010","BSU_21000","string-db","224308.BSU21000/224308.BSU00010","physical","txid224308"
"BSU_00010","BSU_40970","DnaA","ParA","dnaA","parA","DnaA","ParA","BSU_00010","BSU_40970","subtiwiki","224308.BSU40970/224308.BSU00010","physical","txid224308"
"BSU_00010","BSU_41050","DnaA","RnpA","dnaA","BSU_41050","DnaA","RnpA","BSU_00010","BSU_41050","string-db","224308.BSU41050/224308.BSU00010","physical","txid224308"
"BSU_00010","BSU_00020","DnaA","DnaN","dnaA","dnaN","DnaA","DnaN","BSU_00010","BSU_00020","subtiwiki","224308.BSU00010/224308.BSU00020","physical","txid224308"
"BSU_00010","BSU_28980","DnaA","DnaI","dnaA","BSU_28980","DnaA","DnaI","BSU_00010","BSU_28980","subtiwiki","224308.BSU00010/224308.BSU28980","physical","txid224308"
"BSU_00010","BSU_25210","DnaA","DnaG","dnaA","dnaG","DnaA","DnaG","BSU_00010","BSU_25210","subtiwiki","224308.BSU00010/224308.BSU25210","physical","txid224308"
"BSU_40970","BSU_29000","ParA","NrdR","parA","nrdR","ParA","NrdR","BSU_40970","BSU_29000","subtiwiki","224308.BSU40970/224308.BSU29000","physical","txid224308"
"BSU_41050","BSU_41060","RnpA","RpmH","BSU_41050","rpmH","RnpA","RpmH","BSU_41050","BSU_41060","subtiwiki","224308.BSU41050/224308.BSU41060","physical","txid224308"
"BSU_29090","BSU_34360","PolA","EpsB","polA","epsB","PolA","EpsB","BSU_29090","BSU_34360","string-db","224308.BSU34360/224308.BSU29090","physical","txid224308"
"BSU_29090","BSU_29230","PolA","DnaE","polA","dnaE","PolA","DnaE","BSU_29090","BSU_29230","string-db","224308.BSU29230/224308.BSU29090","physical","txid224308"
"BSU_29090","BSU_39940","PolA","YxaL","polA","yxaL","PolA","YxaL","BSU_29090","BSU_39940","string-db","224308.BSU39940/224308.BSU29090","physical","txid224308"
"BSU_29090","BSU_36240","PolA","YwqE","polA","ptpZ","PolA","PtpZ","BSU_29090","BSU_36240","string-db","224308.BSU36240/224308.BSU29090","physical","txid224308"
"BSU_29090","BSU_00020","PolA","DnaN","polA","dnaN","PolA","DnaN","BSU_29090","BSU_00020","subtiwiki","224308.BSU29090/224308.BSU00020","physical","txid224308"
"BSU_40440","BSU_29230","DnaC","DnaE","BSU_40440","dnaE","DnaC","DnaE","BSU_40440","BSU_29230","subtiwiki","224308.BSU40440/224308.BSU29230","physical","txid224308"
"BSU_40440","BSU_25280","DnaC","RecO","BSU_40440","recO","DnaC","RecO","BSU_40440","BSU_25280","subtiwiki","224308.BSU40440/224308.BSU25280","physical","txid224308"
"BSU_40440","BSU_16940","DnaC","RecA","BSU_40440","recA","DnaC","RecA","BSU_40440","BSU_16940","subtiwiki","224308.BSU40440/224308.BSU16940","physical","txid224308"
"BSU_40440","BSU_40900","DnaC","SsbA","BSU_40440","ssbA","DnaC","SsbA","BSU_40440","BSU_40900","subtiwiki","224308.BSU40440/224308.BSU40900","physical","txid224308"
"BSU_40440","BSU_00210","DnaC","RecR","BSU_40440","BSU_00210","DnaC","RecR","BSU_40440","BSU_00210","subtiwiki","224308.BSU40440/224308.BSU00210","physical","txid224308"
"BSU_40440","BSU_00040","DnaC","RecF","BSU_40440","recF","DnaC","RecF","BSU_40440","BSU_00040","subtiwiki","224308.BSU40440/224308.BSU00040","physical","txid224308"
"BSU_40440","BSU_00310","DnaC","HolB","BSU_40440","BSU_00310","DnaC","HolB","BSU_40440","BSU_00310","subtiwiki","224308.BSU40440/224308.BSU00310","physical","txid224308"
"BSU_40440","BSU_25560","DnaC","HolA","BSU_40440","BSU_25560","DnaC","HolA","BSU_40440","BSU_25560","subtiwiki","224308.BSU40440/224308.BSU25560","physical","txid224308"
"BSU_28990","BSU_33690","DnaB","YvaQ","BSU_28990","yvaQ","DnaB","YvaQ","BSU_28990","BSU_33690","string-db","224308.BSU33690/224308.BSU28990","physical","txid224308"
"BSU_28990","BSU_40970","DnaB","ParA","BSU_28990","parA","DnaB","ParA","BSU_28990","BSU_40970","string-db","224308.BSU40970/224308.BSU28990","physical","txid224308"
"BSU_28990","BSU_40440","DnaB","DnaC","BSU_28990","BSU_40440","DnaB","DnaC","BSU_28990","BSU_40440","subtiwiki","224308.BSU28990/224308.BSU40440","physical","txid224308"
"BSU_28990","BSU_31240","DnaB","McpA","BSU_28990","mcpA","DnaB","McpA","BSU_28990","BSU_31240","string-db","224308.BSU31240/224308.BSU28990","physical","txid224308"
"BSU_28990","BSU_00190","DnaB","DnaX","BSU_28990","BSU_00190","DnaB","DnaX","BSU_28990","BSU_00190","subtiwiki","224308.BSU28990/224308.BSU00190","physical","txid224308"
"BSU_28990","BSU_00310","DnaB","HolB","BSU_28990","BSU_00310","DnaB","HolB","BSU_28990","BSU_00310","subtiwiki","224308.BSU28990/224308.BSU00310","physical","txid224308"
"BSU_28990","BSU_00020","DnaB","DnaN","BSU_28990","dnaN","DnaB","DnaN","BSU_28990","BSU_00020","subtiwiki","224308.BSU28990/224308.BSU00020","physical","txid224308"
"BSU_28990","BSU_00040","DnaB","RecF","BSU_28990","recF","DnaB","RecF","BSU_28990","BSU_00040","subtiwiki","224308.BSU28990/224308.BSU00040","physical","txid224308"
"BSU_28990","BSU_29230","DnaB","DnaE","BSU_28990","dnaE","DnaB","DnaE","BSU_28990","BSU_29230","subtiwiki","224308.BSU28990/224308.BSU29230","physical","txid224308"
"BSU_28990","BSU_00210","DnaB","RecR","BSU_28990","BSU_00210","DnaB","RecR","BSU_28990","BSU_00210","subtiwiki","224308.BSU28990/224308.BSU00210","physical","txid224308"
"BSU_28990","BSU_16940","DnaB","RecA","BSU_28990","recA","DnaB","RecA","BSU_28990","BSU_16940","subtiwiki","224308.BSU28990/224308.BSU16940","physical","txid224308"
"BSU_28990","BSU_25280","DnaB","RecO","BSU_28990","recO","DnaB","RecO","BSU_28990","BSU_25280","subtiwiki","224308.BSU28990/224308.BSU25280","physical","txid224308"
"BSU_28990","BSU_40900","DnaB","SsbA","BSU_28990","ssbA","DnaB","SsbA","BSU_28990","BSU_40900","subtiwiki","224308.BSU28990/224308.BSU40900","physical","txid224308"
"BSU_28990","BSU_29920","DnaB","CcrZ","BSU_28990","BSU_29920","DnaB","CcrZ","BSU_28990","BSU_29920","subtiwiki","224308.BSU28990/224308.BSU29920","physical","txid224308"
"BSU_40960","BSU_15420","ParB","DivIVA","parB","divIVA","ParB","DivIVA","BSU_40960","BSU_15420","subtiwiki","224308.BSU40960/224308.BSU15420","physical","txid224308"
"BSU_40960","BSU_40970","ParB","ParA","parB","parA","ParB","ParA","BSU_40960","BSU_40970","subtiwiki","224308.BSU40970/224308.BSU40960","physical","txid224308"
"BSU_26260","BSU_40440","YqaM","DnaC","yqaM","BSU_40440","YqaM","DnaC","BSU_26260","BSU_40440","subtiwiki","224308.BSU40440/224308.BSU26260","physical","txid224308"
"BSU_00330","BSU_00660","DnaH","YabT","BSU_00330","yabT","YabA","YabT","BSU_00330","BSU_00660","subtiwiki","224308.BSU00330/224308.BSU00660","physical","txid224308"
"BSU_00330","BSU_39940","DnaH","YxaL","BSU_00330","yxaL","YabA","YxaL","BSU_00330","BSU_39940","string-db","224308.BSU39940/224308.BSU00330","physical","txid224308"
"BSU_00330","BSU_40970","DnaH","ParA","BSU_00330","parA","YabA","ParA","BSU_00330","BSU_40970","string-db","224308.BSU40970/224308.BSU00330","physical","txid224308"
"BSU_00330","BSU_05240","DnaH","YdeL","BSU_00330","BSU_05240","YabA","YdeL","BSU_00330","BSU_05240","string-db","224308.BSU05240/224308.BSU00330","physical","txid224308"
"BSU_00330","BSU_31240","DnaH","McpA","BSU_00330","mcpA","YabA","McpA","BSU_00330","BSU_31240","string-db","224308.BSU31240/224308.BSU00330","physical","txid224308"
"BSU_00330","BSU_29700","DnaH","AcuB","BSU_00330","acuB","YabA","AcuB","BSU_00330","BSU_29700","string-db","224308.BSU29700/224308.BSU00330","physical","txid224308"
"BSU_00330","BSU_31250","DnaH","TlpA","BSU_00330","tlpA","YabA","TlpA","BSU_00330","BSU_31250","string-db","224308.BSU31250/224308.BSU00330","physical","txid224308"
"BSU_17900","BSU_17910","PcfA","YneF","sirA","yneF","SirA","YneF","BSU_17900","BSU_17910","string-db","224308.BSU17910/224308.BSU17900","physical","txid224308"
"BSU_24300","BSU_37950","XseA","YwdI","BSU_24300","ywdI","XseA","YwdI","BSU_24300","BSU_37950","string-db","224308.BSU37950/224308.BSU24300","physical","txid224308"
"BSU_24300","BSU_35500","XseA","DegS","BSU_24300","degS","XseA","DegS","BSU_24300","BSU_35500","string-db","224308.BSU35500/224308.BSU24300","physical","txid224308"
"BSU_24300","BSU_40440","XseA","DnaC","BSU_24300","BSU_40440","XseA","DnaC","BSU_24300","BSU_40440","string-db","224308.BSU40440/224308.BSU24300","physical","txid224308"
"BSU_24300","BSU_37450","XseA","YwhK","BSU_24300","BSU_37450","XseA","YwhK","BSU_24300","BSU_37450","string-db","224308.BSU37450/224308.BSU24300","physical","txid224308"
"BSU_24300","BSU_27600","XseA","Rsh","BSU_24300","BSU_27600","XseA","Rel","BSU_24300","BSU_27600","string-db","224308.BSU27600/224308.BSU24300","physical","txid224308"
"BSU_24300","BSU_29440","XseA","ArgH","BSU_24300","argH","XseA","ArgH","BSU_24300","BSU_29440","string-db","224308.BSU29440/224308.BSU24300","physical","txid224308"
"BSU_24300","BSU_25340","XseA","PhoH","BSU_24300","BSU_25340","XseA","PhoH","BSU_24300","BSU_25340","string-db","224308.BSU25340/224308.BSU24300","physical","txid224308"
"BSU_24300","BSU_29610","XseA","EzrA","BSU_24300","ezrA","XseA","EzrA","BSU_24300","BSU_29610","string-db","224308.BSU29610/224308.BSU24300","physical","txid224308"
"BSU_24300","BSU_40900","XseA","SsbA","BSU_24300","ssbA","XseA","SsbA","BSU_24300","BSU_40900","subtiwiki","224308.BSU40900/224308.BSU24300","physical","txid224308"
"BSU_24300","BSU_31240","XseA","McpA","BSU_24300","mcpA","XseA","McpA","BSU_24300","BSU_31240","string-db","224308.BSU31240/224308.BSU24300","physical","txid224308"
"BSU_24300","BSU_25490","XseA","HrcA","BSU_24300","hrcA","XseA","HrcA","BSU_24300","BSU_25490","string-db","224308.BSU25490/224308.BSU24300","physical","txid224308"
"BSU_24300","BSU_25250","XseA","CcpN","BSU_24300","ccpN","XseA","CcpN","BSU_24300","BSU_25250","string-db","224308.BSU25250/224308.BSU24300","physical","txid224308"
"BSU_24300","BSU_28980","XseA","DnaI","BSU_24300","BSU_28980","XseA","DnaI","BSU_24300","BSU_28980","string-db","224308.BSU28980/224308.BSU24300","physical","txid224308"
"BSU_24300","BSU_39580","XseA","YxeE","BSU_24300","yxeE","XseA","YxeE","BSU_24300","BSU_39580","string-db","224308.BSU39580/224308.BSU24300","physical","txid224308"
"BSU_24300","BSU_37030","XseA","RacA","BSU_24300","racA","XseA","RacA","BSU_24300","BSU_37030","string-db","224308.BSU37030/224308.BSU24300","physical","txid224308"
"BSU_22350","BSU_25560","DnaD","HolA","BSU_22350","BSU_25560","DnaD","HolA","BSU_22350","BSU_25560","subtiwiki","224308.BSU22350/224308.BSU25560","physical","txid224308"
"BSU_22350","BSU_00040","DnaD","RecF","BSU_22350","recF","DnaD","RecF","BSU_22350","BSU_00040","subtiwiki","224308.BSU22350/224308.BSU00040","physical","txid224308"
"BSU_22350","BSU_00310","DnaD","HolB","BSU_22350","BSU_00310","DnaD","HolB","BSU_22350","BSU_00310","subtiwiki","224308.BSU22350/224308.BSU00310","physical","txid224308"
"BSU_22350","BSU_25210","DnaD","DnaG","BSU_22350","dnaG","DnaD","DnaG","BSU_22350","BSU_25210","subtiwiki","224308.BSU22350/224308.BSU25210","physical","txid224308"
"BSU_22350","BSU_40440","DnaD","DnaC","BSU_22350","BSU_40440","DnaD","DnaC","BSU_22350","BSU_40440","subtiwiki","224308.BSU40440/224308.BSU22350","physical","txid224308"
"BSU_22350","BSU_23020","DnaD","RecQ","BSU_22350","BSU_23020","DnaD","RecS","BSU_22350","BSU_23020","string-db","224308.BSU23020/224308.BSU22350","physical","txid224308"
"BSU_22350","BSU_28990","DnaD","DnaB","BSU_22350","BSU_28990","DnaD","DnaB","BSU_22350","BSU_28990","subtiwiki","224308.BSU28990/224308.BSU22350","physical","txid224308"
"BSU_22350","BSU_40970","DnaD","ParA","BSU_22350","parA","DnaD","ParA","BSU_22350","BSU_40970","string-db","224308.BSU40970/224308.BSU22350","physical","txid224308"
"BSU_22350","BSU_28980","DnaD","DnaI","BSU_22350","BSU_28980","DnaD","DnaI","BSU_22350","BSU_28980","subtiwiki","224308.BSU28980/224308.BSU22350","physical","txid224308"
"BSU_13060","BSU_26150","YkjA","YqbD","BSU_13060","BSU_26150","YkjA","YqbD","BSU_13060","BSU_26150","string-db","224308.BSU26150/224308.BSU13060","physical","txid224308"
"BSU_13060","BSU_19400","YkjA","SodC","BSU_13060","BSU_19400","YkjA","SodC","BSU_13060","BSU_19400","string-db","224308.BSU19400/224308.BSU13060","physical","txid224308"
"BSU_13060","BSU_25330","YkjA","YqfF","BSU_13060","BSU_25330","YkjA","YqfF","BSU_13060","BSU_25330","string-db","224308.BSU25330/224308.BSU13060","physical","txid224308"
"BSU_13060","BSU_31890","YkjA","YukC","BSU_13060","essB","YkjA","EssB","BSU_13060","BSU_31890","string-db","224308.BSU31890/224308.BSU13060","physical","txid224308"
"BSU_13060","BSU_14400","YkjA","FruA","BSU_13060","fruA","YkjA","FruA","BSU_13060","BSU_14400","string-db","224308.BSU14400/224308.BSU13060","physical","txid224308"
"BSU_13060","BSU_37030","YkjA","RacA","BSU_13060","racA","YkjA","RacA","BSU_13060","BSU_37030","string-db","224308.BSU37030/224308.BSU13060","physical","txid224308"
"BSU_26310","BSU_33020","YqaH","CssS","yqaH","cssS","YqaH","CssS","BSU_26310","BSU_33020","string-db","224308.BSU33020/224308.BSU26310","physical","txid224308"
"BSU_26310","BSU_40440","YqaH","DnaC","yqaH","BSU_40440","YqaH","DnaC","BSU_26310","BSU_40440","string-db","224308.BSU40440/224308.BSU26310","physical","txid224308"
"BSU_00020","BSU_41050","DnaN","RnpA","dnaN","BSU_41050","DnaN","RnpA","BSU_00020","BSU_41050","string-db","224308.BSU41050/224308.BSU00020","physical","txid224308"
"BSU_00020","BSU_17050","DnaN","MutL","dnaN","BSU_17050","DnaN","MutL","BSU_00020","BSU_17050","subtiwiki","224308.BSU00020/224308.BSU17050","physical","txid224308"
"BSU_00020","BSU_25210","DnaN","DnaG","dnaN","dnaG","DnaN","DnaG","BSU_00020","BSU_25210","subtiwiki","224308.BSU00020/224308.BSU25210","physical","txid224308"
"BSU_00020","BSU_40440","DnaN","DnaC","dnaN","BSU_40440","DnaN","DnaC","BSU_00020","BSU_40440","subtiwiki","224308.BSU40440/224308.BSU00020","physical","txid224308"
"BSU_00020","BSU_00310","DnaN","HolB","dnaN","BSU_00310","DnaN","HolB","BSU_00020","BSU_00310","subtiwiki","224308.BSU00020/224308.BSU00310","physical","txid224308"
"BSU_00020","BSU_16580","DnaN","PolC","dnaN","BSU_16580","DnaN","PolC","BSU_00020","BSU_16580","subtiwiki","224308.BSU00020/224308.BSU16580","physical","txid224308"
"BSU_00020","BSU_25560","DnaN","HolA","dnaN","BSU_25560","DnaN","HolA","BSU_00020","BSU_25560","subtiwiki","224308.BSU00020/224308.BSU25560","physical","txid224308"
"BSU_00020","BSU_20340","DnaN","YorL","dnaN","BSU_20340","DnaN","YorL","BSU_00020","BSU_20340","string-db","224308.BSU20340/224308.BSU00020","physical","txid224308"
"BSU_00020","BSU_29230","DnaN","DnaE","dnaN","dnaE","DnaN","DnaE","BSU_00020","BSU_29230","subtiwiki","224308.BSU29230/224308.BSU00020","physical","txid224308"
"BSU_00020","BSU_29740","DnaN","CcpA","dnaN","ccpA","DnaN","CcpA","BSU_00020","BSU_29740","string-db","224308.BSU29740/224308.BSU00020","physical","txid224308"
"BSU_00020","BSU_22350","DnaN","DnaD","dnaN","BSU_22350","DnaN","DnaD","BSU_00020","BSU_22350","subtiwiki","224308.BSU00020/224308.BSU22350","physical","txid224308"
"BSU_00020","BSU_00330","DnaN","DnaH","dnaN","BSU_00330","DnaN","YabA","BSU_00020","BSU_00330","subtiwiki","224308.BSU00020/224308.BSU00330","physical","txid224308"
"BSU_00020","BSU_23870","DnaN","PolY1","dnaN","BSU_23870","DnaN","PolYA","BSU_00020","BSU_23870","subtiwiki","224308.BSU00020/224308.BSU23870","physical","txid224308"
"BSU_00020","BSU_00190","DnaN","DnaX","dnaN","BSU_00190","DnaN","DnaX","BSU_00020","BSU_00190","subtiwiki","224308.BSU00190/224308.BSU00020","physical","txid224308"
"BSU_00020","BSU_23710","DnaN","PolYB","dnaN","polY2","DnaN","PolY2","BSU_00020","BSU_23710","subtiwiki","224308.BSU00020/224308.BSU23710","physical","txid224308"
"BSU_00020","BSU_40900","DnaN","SsbA","dnaN","ssbA","DnaN","SsbA","BSU_00020","BSU_40900","subtiwiki","224308.BSU00020/224308.BSU40900","physical","txid224308"
"BSU_00020","BSU_16940","DnaN","RecA","dnaN","recA","DnaN","RecA","BSU_00020","BSU_16940","subtiwiki","224308.BSU00020/224308.BSU16940","physical","txid224308"
"BSU_00020","BSU_28980","DnaN","DnaI","dnaN","BSU_28980","DnaN","DnaI","BSU_00020","BSU_28980","subtiwiki","224308.BSU00020/224308.BSU28980","physical","txid224308"
"BSU_00020","BSU_00040","DnaN","RecF","dnaN","recF","DnaN","RecF","BSU_00020","BSU_00040","subtiwiki","224308.BSU00020/224308.BSU00040","physical","txid224308"
"BSU_00020","BSU_15710","DnaN","PriA","dnaN","BSU_15710","DnaN","PriA","BSU_00020","BSU_15710","subtiwiki","224308.BSU00020/224308.BSU15710","physical","txid224308"
"BSU_00020","BSU_00210","DnaN","RecR","dnaN","BSU_00210","DnaN","RecR","BSU_00020","BSU_00210","subtiwiki","224308.BSU00020/224308.BSU00210","physical","txid224308"
"BSU_00020","BSU_17040","DnaN","MutS","dnaN","BSU_17040","DnaN","MutS","BSU_00020","BSU_17040","subtiwiki","224308.BSU00020/224308.BSU17040","physical","txid224308"
"BSU_20340","BSU_25560","YorL","HolA","BSU_20340","BSU_25560","YorL","HolA","BSU_20340","BSU_25560","string-db","224308.BSU25560/224308.BSU20340","physical","txid224308"
"BSU_20340","BSU_29230","YorL","DnaE","BSU_20340","dnaE","YorL","DnaE","BSU_20340","BSU_29230","string-db","224308.BSU29230/224308.BSU20340","physical","txid224308"
"BSU_00310","BSU_29090","HolB","PolA","BSU_00310","polA","HolB","PolA","BSU_00310","BSU_29090","string-db","224308.BSU29090/224308.BSU00310","physical","txid224308"
"BSU_00310","BSU_25560","HolB","HolA","BSU_00310","BSU_25560","HolB","HolA","BSU_00310","BSU_25560","subtiwiki","224308.BSU25560/224308.BSU00310","physical","txid224308"
"BSU_00310","BSU_29230","HolB","DnaE","BSU_00310","dnaE","HolB","DnaE","BSU_00310","BSU_29230","subtiwiki","224308.BSU29230/224308.BSU00310","physical","txid224308"
"BSU_00310","BSU_16580","HolB","PolC","BSU_00310","BSU_16580","HolB","PolC","BSU_00310","BSU_16580","subtiwiki","224308.BSU00310/224308.BSU16580","physical","txid224308"
"BSU_00310","BSU_20340","HolB","YorL","BSU_00310","BSU_20340","HolB","YorL","BSU_00310","BSU_20340","string-db","224308.BSU20340/224308.BSU00310","physical","txid224308"
"BSU_00310","BSU_25210","HolB","DnaG","BSU_00310","dnaG","HolB","DnaG","BSU_00310","BSU_25210","subtiwiki","224308.BSU00310/224308.BSU25210","physical","txid224308"
"BSU_00310","BSU_00040","HolB","RecF","BSU_00310","recF","HolB","RecF","BSU_00310","BSU_00040","subtiwiki","224308.BSU00310/224308.BSU00040","physical","txid224308"
"BSU_00310","BSU_00860","HolB","ClpC","BSU_00310","clpC","HolB","ClpC","BSU_00310","BSU_00860","subtiwiki","224308.BSU00310/224308.BSU00860","physical","txid224308"
"BSU_16580","BSU_28990","PolC","DnaB","BSU_16580","BSU_28990","PolC","DnaB","BSU_16580","BSU_28990","subtiwiki","224308.BSU28990/224308.BSU16580","physical","txid224308"
"BSU_16580","BSU_20340","PolC","YorL","BSU_16580","BSU_20340","PolC","YorL","BSU_16580","BSU_20340","string-db","224308.BSU20340/224308.BSU16580","physical","txid224308"
"BSU_16580","BSU_29090","PolC","PolA","BSU_16580","polA","PolC","PolA","BSU_16580","BSU_29090","string-db","224308.BSU29090/224308.BSU16580","physical","txid224308"
"BSU_16580","BSU_40440","PolC","DnaC","BSU_16580","BSU_40440","PolC","DnaC","BSU_16580","BSU_40440","subtiwiki","224308.BSU40440/224308.BSU16580","physical","txid224308"
"BSU_16580","BSU_29230","PolC","DnaE","BSU_16580","dnaE","PolC","DnaE","BSU_16580","BSU_29230","subtiwiki","224308.BSU29230/224308.BSU16580","physical","txid224308"
"BSU_16580","BSU_22350","PolC","DnaD","BSU_16580","BSU_22350","PolC","DnaD","BSU_16580","BSU_22350","subtiwiki","224308.BSU22350/224308.BSU16580","physical","txid224308"
"BSU_16580","BSU_25560","PolC","HolA","BSU_16580","BSU_25560","PolC","HolA","BSU_16580","BSU_25560","subtiwiki","224308.BSU25560/224308.BSU16580","physical","txid224308"
"BSU_29230","BSU_29980","DnaE","YtjP","dnaE","BSU_29980","DnaE","YtjP","BSU_29230","BSU_29980","string-db","224308.BSU29980/224308.BSU29230","physical","txid224308"
"BSU_29230","BSU_37450","DnaE","YwhK","dnaE","BSU_37450","DnaE","YwhK","BSU_29230","BSU_37450","string-db","224308.BSU37450/224308.BSU29230","physical","txid224308"
"BSU_29230","BSU_40900","DnaE","SsbA","dnaE","ssbA","DnaE","SsbA","BSU_29230","BSU_40900","subtiwiki","224308.BSU29230/224308.BSU40900","physical","txid224308"
"BSU_29230","BSU_25210","DnaE","DnaG","dnaE","dnaG","DnaE","DnaG","BSU_29230","BSU_25210","subtiwiki","224308.BSU29230/224308.BSU25210","physical","txid224308"
"BSU_29230","BSU_28980","DnaE","DnaI","dnaE","BSU_28980","DnaE","DnaI","BSU_29230","BSU_28980","subtiwiki","224308.BSU29230/224308.BSU28980","physical","txid224308"
"BSU_29230","BSU_22350","DnaE","DnaD","dnaE","BSU_22350","DnaE","DnaD","BSU_29230","BSU_22350","subtiwiki","224308.BSU29230/224308.BSU22350","physical","txid224308"
"BSU_29230","BSU_00040","DnaE","RecF","dnaE","recF","DnaE","RecF","BSU_29230","BSU_00040","subtiwiki","224308.BSU29230/224308.BSU00040","physical","txid224308"
"BSU_29230","BSU_15710","DnaE","PriA","dnaE","BSU_15710","DnaE","PriA","BSU_29230","BSU_15710","subtiwiki","224308.BSU29230/224308.BSU15710","physical","txid224308"
"BSU_29230","BSU_16940","DnaE","RecA","dnaE","recA","DnaE","RecA","BSU_29230","BSU_16940","subtiwiki","224308.BSU29230/224308.BSU16940","physical","txid224308"
"BSU_29230","BSU_25280","DnaE","RecO","dnaE","recO","DnaE","RecO","BSU_29230","BSU_25280","subtiwiki","224308.BSU29230/224308.BSU25280","physical","txid224308"
"BSU_29230","BSU_00210","DnaE","RecR","dnaE","BSU_00210","DnaE","RecR","BSU_29230","BSU_00210","subtiwiki","224308.BSU29230/224308.BSU00210","physical","txid224308"
"BSU_29230","BSU_17050","DnaE","MutL","dnaE","BSU_17050","DnaE","MutL","BSU_29230","BSU_17050","subtiwiki","224308.BSU29230/224308.BSU17050","physical","txid224308"
"BSU_29230","BSU_17040","DnaE","MutS","dnaE","BSU_17040","DnaE","MutS","BSU_29230","BSU_17040","subtiwiki","224308.BSU29230/224308.BSU17040","physical","txid224308"
"BSU_29230","BSU_29180","DnaE","Pyk","dnaE","BSU_29180","DnaE","Pyk","BSU_29230","BSU_29180","subtiwiki","224308.BSU29230/224308.BSU29180","physical","txid224308"
"BSU_00190","BSU_25560","DnaX","HolA","BSU_00190","BSU_25560","DnaX","HolA","BSU_00190","BSU_25560","subtiwiki","224308.BSU00190/224308.BSU25560","physical","txid224308"
"BSU_00190","BSU_00310","DnaX","HolB","BSU_00190","BSU_00310","DnaX","HolB","BSU_00190","BSU_00310","subtiwiki","224308.BSU00190/224308.BSU00310","physical","txid224308"
"BSU_00190","BSU_29230","DnaX","DnaE","BSU_00190","dnaE","DnaX","DnaE","BSU_00190","BSU_29230","subtiwiki","224308.BSU29230/224308.BSU00190","physical","txid224308"
"BSU_00190","BSU_16030","DnaX","TrmD","BSU_00190","trmD","DnaX","TrmD","BSU_00190","BSU_16030","string-db","224308.BSU16030/224308.BSU00190","physical","txid224308"
"BSU_00190","BSU_30540","DnaX","AsnB","BSU_00190","BSU_30540","DnaX","AsnB","BSU_00190","BSU_30540","string-db","224308.BSU30540/224308.BSU00190","physical","txid224308"
"BSU_00190","BSU_20340","DnaX","YorL","BSU_00190","BSU_20340","DnaX","YorL","BSU_00190","BSU_20340","string-db","224308.BSU20340/224308.BSU00190","physical","txid224308"
"BSU_00190","BSU_26150","DnaX","YqbD","BSU_00190","BSU_26150","DnaX","YqbD","BSU_00190","BSU_26150","string-db","224308.BSU26150/224308.BSU00190","physical","txid224308"
"BSU_00190","BSU_16580","DnaX","PolC","BSU_00190","BSU_16580","DnaX","PolC","BSU_00190","BSU_16580","subtiwiki","224308.BSU00190/224308.BSU16580","physical","txid224308"
"BSU_00190","BSU_40440","DnaX","DnaC","BSU_00190","BSU_40440","DnaX","DnaC","BSU_00190","BSU_40440","subtiwiki","224308.BSU40440/224308.BSU00190","physical","txid224308"
"BSU_00190","BSU_22350","DnaX","DnaD","BSU_00190","BSU_22350","DnaX","DnaD","BSU_00190","BSU_22350","subtiwiki","224308.BSU00190/224308.BSU22350","physical","txid224308"
"BSU_00190","BSU_25280","DnaX","RecO","BSU_00190","recO","DnaX","RecO","BSU_00190","BSU_25280","subtiwiki","224308.BSU00190/224308.BSU25280","physical","txid224308"
"BSU_00190","BSU_15710","DnaX","PriA","BSU_00190","BSU_15710","DnaX","PriA","BSU_00190","BSU_15710","subtiwiki","224308.BSU00190/224308.BSU15710","physical","txid224308"
"BSU_00190","BSU_00040","DnaX","RecF","BSU_00190","recF","DnaX","RecF","BSU_00190","BSU_00040","subtiwiki","224308.BSU00190/224308.BSU00040","physical","txid224308"
"BSU_00190","BSU_25210","DnaX","DnaG","BSU_00190","dnaG","DnaX","DnaG","BSU_00190","BSU_25210","subtiwiki","224308.BSU00190/224308.BSU25210","physical","txid224308"
"BSU_00190","BSU_00210","DnaX","RecR","BSU_00190","BSU_00210","DnaX","RecR","BSU_00190","BSU_00210","subtiwiki","224308.BSU00190/224308.BSU00210","physical","txid224308"
"BSU_00190","BSU_40900","DnaX","SsbA","BSU_00190","ssbA","DnaX","SsbA","BSU_00190","BSU_40900","subtiwiki","224308.BSU00190/224308.BSU40900","physical","txid224308"
"BSU_00190","BSU_28980","DnaX","DnaI","BSU_00190","BSU_28980","DnaX","DnaI","BSU_00190","BSU_28980","subtiwiki","224308.BSU00190/224308.BSU28980","physical","txid224308"
"BSU_00190","BSU_16940","DnaX","RecA","BSU_00190","recA","DnaX","RecA","BSU_00190","BSU_16940","subtiwiki","224308.BSU00190/224308.BSU16940","physical","txid224308"
"BSU_17050","BSU_36240","MutL","YwqE","BSU_17050","ptpZ","MutL","PtpZ","BSU_17050","BSU_36240","string-db","224308.BSU36240/224308.BSU17050","physical","txid224308"
"BSU_17050","BSU_32620","MutL","YurQ","BSU_17050","BSU_32620","MutL","YurQ","BSU_17050","BSU_32620","string-db","224308.BSU32620/224308.BSU17050","physical","txid224308"
"BSU_17050","BSU_28490","MutL","UvrC","BSU_17050","uvrC","MutL","UvrC","BSU_17050","BSU_28490","string-db","224308.BSU28490/224308.BSU17050","physical","txid224308"
"BSU_17050","BSU_35160","MutL","UvrA","BSU_17050","uvrA","MutL","UvrA","BSU_17050","BSU_35160","string-db","224308.BSU35160/224308.BSU17050","physical","txid224308"
"BSU_17050","BSU_34360","MutL","EpsB","BSU_17050","epsB","MutL","EpsB","BSU_17050","BSU_34360","string-db","224308.BSU34360/224308.BSU17050","physical","txid224308"
"BSU_17050","BSU_35170","MutL","UvrB","BSU_17050","uvrB","MutL","UvrB","BSU_17050","BSU_35170","string-db","224308.BSU35170/224308.BSU17050","physical","txid224308"
"BSU_17050","BSU_17040","MutL","MutS","BSU_17050","BSU_17040","MutL","MutS","BSU_17050","BSU_17040","subtiwiki","224308.BSU17050/224308.BSU17040","physical","txid224308"
"BSU_29740","BSU_38860","CcpA","GalE","ccpA","galE","CcpA","GalE","BSU_29740","BSU_38860","string-db","224308.BSU38860/224308.BSU29740","physical","txid224308"
"BSU_29740","BSU_37110","CcpA","YwjH","ccpA","BSU_37110","CcpA","YwjH","BSU_29740","BSU_37110","string-db","224308.BSU37110/224308.BSU29740","physical","txid224308"
"BSU_29740","BSU_39220","CcpA","YxxG","ccpA","wapI","CcpA","WapI","BSU_29740","BSU_39220","string-db","224308.BSU39220/224308.BSU29740","physical","txid224308"
"BSU_29740","BSU_30230","CcpA","BioK","ccpA","bioA","CcpA","BioK","BSU_29740","BSU_30230","string-db","224308.BSU30230/224308.BSU29740","physical","txid224308"
"BSU_29740","BSU_33900","CcpA","Eno","ccpA","eno","CcpA","Eno","BSU_29740","BSU_33900","string-db","224308.BSU33900/224308.BSU29740","physical","txid224308"
"BSU_29740","BSU_33430","CcpA","CysI","ccpA","cysI","CcpA","CysI","BSU_29740","BSU_33430","string-db","224308.BSU33430/224308.BSU29740","physical","txid224308"
"BSU_29740","BSU_35160","CcpA","UvrA","ccpA","uvrA","CcpA","UvrA","BSU_29740","BSU_35160","string-db","224308.BSU35160/224308.BSU29740","physical","txid224308"
"BSU_29740","BSU_35670","CcpA","GtaB","ccpA","gtaB","CcpA","GtaB","BSU_29740","BSU_35670","string-db","224308.BSU35670/224308.BSU29740","physical","txid224308"
"BSU_29740","BSU_30320","CcpA","LeuS","ccpA","leuS","CcpA","LeuS","BSU_29740","BSU_30320","string-db","224308.BSU30320/224308.BSU29740","physical","txid224308"
"BSU_29740","BSU_31980","CcpA","DhbE","ccpA","dhbE","CcpA","DhbE","BSU_29740","BSU_31980","string-db","224308.BSU31980/224308.BSU29740","physical","txid224308"
"BSU_29740","BSU_30550","CcpA","MetK","ccpA","metK","CcpA","MetK","BSU_29740","BSU_30550","string-db","224308.BSU30550/224308.BSU29740","physical","txid224308"
"BSU_29740","BSU_31970","CcpA","DhbB","ccpA","dhbB","CcpA","DhbB","BSU_29740","BSU_31970","string-db","224308.BSU31970/224308.BSU29740","physical","txid224308"
"BSU_29740","BSU_38950","CcpA","YxjH","ccpA","yxjH","CcpA","YxjH","BSU_29740","BSU_38950","string-db","224308.BSU38950/224308.BSU29740","physical","txid224308"
"BSU_29740","BSU_31370","CcpA","YugJ","ccpA","yugJ","CcpA","YugJ","BSU_29740","BSU_31370","string-db","224308.BSU31370/224308.BSU29740","physical","txid224308"
"BSU_29740","BSU_32000","CcpA","DhbA","ccpA","dhbA","CcpA","DhbA","BSU_29740","BSU_32000","string-db","224308.BSU32000/224308.BSU29740","physical","txid224308"
"BSU_29740","BSU_32700","CcpA","SufD","ccpA","sufD","CcpA","SufD","BSU_29740","BSU_32700","string-db","224308.BSU32700/224308.BSU29740","physical","txid224308"
"BSU_29740","BSU_30700","CcpA","RpmEB","ccpA","rpmEB","CcpA","RpmEB","BSU_29740","BSU_30700","string-db","224308.BSU30700/224308.BSU29740","physical","txid224308"
"BSU_29740","BSU_33910","CcpA","Pgm","ccpA","pgm","CcpA","Pgm","BSU_29740","BSU_33910","string-db","224308.BSU33910/224308.BSU29740","physical","txid224308"
"BSU_29740","BSU_36830","CcpA","AtpA","ccpA","atpA","CcpA","AtpA","BSU_29740","BSU_36830","string-db","224308.BSU36830/224308.BSU29740","physical","txid224308"
"BSU_29740","BSU_40100","CcpA","AhpF","ccpA","ahpF","CcpA","AhpF","BSU_29740","BSU_40100","string-db","224308.BSU40100/224308.BSU29740","physical","txid224308"
"BSU_29740","BSU_32110","CcpA","YumC","ccpA","BSU_32110","CcpA","YumC","BSU_29740","BSU_32110","string-db","224308.BSU32110/224308.BSU29740","physical","txid224308"
"BSU_29740","BSU_34030","CcpA","LutC","ccpA","lutC","CcpA","LutC","BSU_29740","BSU_34030","string-db","224308.BSU34030/224308.BSU29740","physical","txid224308"
"BSU_29740","BSU_38960","CcpA","YxjG","ccpA","yxjG","CcpA","YxjG","BSU_29740","BSU_38960","string-db","224308.BSU38960/224308.BSU29740","physical","txid224308"
"BSU_29740","BSU_31960","CcpA","DhbF","ccpA","dhbF","CcpA","DhbF","BSU_29740","BSU_31960","string-db","224308.BSU31960/224308.BSU29740","physical","txid224308"
"BSU_29740","BSU_32710","CcpA","SufC","ccpA","sufC","CcpA","SufC","BSU_29740","BSU_32710","string-db","224308.BSU32710/224308.BSU29740","physical","txid224308"
"BSU_29740","BSU_33940","CcpA","GapA","ccpA","gapA","CcpA","GapA","BSU_29740","BSU_33940","string-db","224308.BSU33940/224308.BSU29740","physical","txid224308"
"BSU_29740","BSU_31990","CcpA","DhbC","ccpA","dhbC","CcpA","DhbC","BSU_29740","BSU_31990","string-db","224308.BSU31990/224308.BSU29740","physical","txid224308"
"BSU_29740","BSU_35310","CcpA","Hpf","ccpA","hpf","CcpA","Hpf","BSU_29740","BSU_35310","string-db","224308.BSU35310/224308.BSU29740","physical","txid224308"
"BSU_29740","BSU_37330","CcpA","ArgS","ccpA","BSU_37330","CcpA","ArgS","BSU_29740","BSU_37330","string-db","224308.BSU37330/224308.BSU29740","physical","txid224308"
"BSU_29740","BSU_36900","CcpA","GlyA","ccpA","glyA","CcpA","GlyA","BSU_29740","BSU_36900","string-db","224308.BSU36900/224308.BSU29740","physical","txid224308"
"BSU_29740","BSU_40920","CcpA","EngD","ccpA","yyaF","CcpA","EngD","BSU_29740","BSU_40920","string-db","224308.BSU40920/224308.BSU29740","physical","txid224308"
"BSU_29740","BSU_34040","CcpA","LutB","ccpA","lutB","CcpA","LutB","BSU_29740","BSU_34040","string-db","224308.BSU34040/224308.BSU29740","physical","txid224308"
"BSU_29740","BSU_34740","CcpA","Crh","ccpA","crh","CcpA","Crh","BSU_29740","BSU_34740","subtiwiki","224308.BSU34740/224308.BSU29740","physical","txid224308"
"BSU_29740","BSU_32690","CcpA","SufS","ccpA","sufS","CcpA","SufS","BSU_29740","BSU_32690","string-db","224308.BSU32690/224308.BSU29740","physical","txid224308"
"BSU_29740","BSU_35300","CcpA","SecA","ccpA","secA","CcpA","SecA","BSU_29740","BSU_35300","string-db","224308.BSU35300/224308.BSU29740","physical","txid224308"
"BSU_29740","BSU_32250","CcpA","ThrC","ccpA","thrC","CcpA","ThrC","BSU_29740","BSU_32250","string-db","224308.BSU32250/224308.BSU29740","physical","txid224308"
"BSU_29740","BSU_32750","CcpA","MetN","ccpA","metN","CcpA","MetN","BSU_29740","BSU_32750","string-db","224308.BSU32750/224308.BSU29740","physical","txid224308"
"BSU_29740","BSU_41010","CcpA","TrmF","ccpA","gidA","CcpA","GidA","BSU_29740","BSU_41010","string-db","224308.BSU41010/224308.BSU29740","physical","txid224308"
"BSU_29740","BSU_38500","CcpA","DltA","ccpA","dltA","CcpA","DltA","BSU_29740","BSU_38500","string-db","224308.BSU38500/224308.BSU29740","physical","txid224308"
"BSU_29740","BSU_37120","CcpA","FbaA","ccpA","BSU_37120","CcpA","FbaA","BSU_29740","BSU_37120","string-db","224308.BSU37120/224308.BSU29740","physical","txid224308"
"BSU_29740","BSU_40550","CcpA","PpaC","ccpA","BSU_40550","CcpA","PpaC","BSU_29740","BSU_40550","string-db","224308.BSU40550/224308.BSU29740","physical","txid224308"
"BSU_29740","BSU_31750","CcpA","PncB","ccpA","BSU_31750","CcpA","PncB","BSU_29740","BSU_31750","string-db","224308.BSU31750/224308.BSU29740","physical","txid224308"
"BSU_29740","BSU_33400","CcpA","YvgN","ccpA","yvgN","CcpA","YvgN","BSU_29740","BSU_33400","string-db","224308.BSU33400/224308.BSU29740","physical","txid224308"
"BSU_29740","BSU_31350","CcpA","Pgi","ccpA","BSU_31350","CcpA","Pgi","BSU_29740","BSU_31350","string-db","224308.BSU31350/224308.BSU29740","physical","txid224308"
"BSU_29740","BSU_35360","CcpA","Hag","ccpA","hag","CcpA","Hag","BSU_29740","BSU_35360","string-db","224308.BSU35360/224308.BSU29740","physical","txid224308"
"BSU_29740","BSU_40420","CcpA","PurA","ccpA","purA","CcpA","PurA","BSU_29740","BSU_40420","string-db","224308.BSU40420/224308.BSU29740","physical","txid224308"
"BSU_29740","BSU_30200","CcpA","BioB","ccpA","bioB","CcpA","BioB","BSU_29740","BSU_30200","string-db","224308.BSU30200/224308.BSU29740","physical","txid224308"
"BSU_29740","BSU_40090","CcpA","AhpC","ccpA","ahpC","CcpA","AhpC","BSU_29740","BSU_40090","string-db","224308.BSU40090/224308.BSU29740","physical","txid224308"
"BSU_29740","BSU_30540","CcpA","AsnB","ccpA","BSU_30540","CcpA","AsnB","BSU_29740","BSU_30540","string-db","224308.BSU30540/224308.BSU29740","physical","txid224308"
"BSU_29740","BSU_36810","CcpA","AtpD","ccpA","atpD","CcpA","AtpD","BSU_29740","BSU_36810","string-db","224308.BSU36810/224308.BSU29740","physical","txid224308"
"BSU_29740","BSU_32670","CcpA","SufB","ccpA","sufB","CcpA","SufB","BSU_29740","BSU_32670","string-db","224308.BSU32670/224308.BSU29740","physical","txid224308"
"BSU_29740","BSU_33040","CcpA","FumC","ccpA","citG","CcpA","CitG","BSU_29740","BSU_33040","string-db","224308.BSU33040/224308.BSU29740","physical","txid224308"
"BSU_25560","BSU_29230","HolA","DnaE","BSU_25560","dnaE","HolA","DnaE","BSU_25560","BSU_29230","subtiwiki","224308.BSU29230/224308.BSU25560","physical","txid224308"
"BSU_25560","BSU_28990","HolA","DnaB","BSU_25560","BSU_28990","HolA","DnaB","BSU_25560","BSU_28990","subtiwiki","224308.BSU28990/224308.BSU25560","physical","txid224308"
"BSU_25560","BSU_40010","HolA","YxaD","BSU_25560","BSU_40010","HolA","YxaD","BSU_25560","BSU_40010","string-db","224308.BSU40010/224308.BSU25560","physical","txid224308"
"BSU_25560","BSU_00040","HolA","RecF","BSU_25560","recF","HolA","RecF","BSU_25560","BSU_00040","subtiwiki","224308.BSU25560/224308.BSU00040","physical","txid224308"
"BSU_25560","BSU_25210","HolA","DnaG","BSU_25560","dnaG","HolA","DnaG","BSU_25560","BSU_25210","subtiwiki","224308.BSU25560/224308.BSU25210","physical","txid224308"
"BSU_25210","BSU_40900","DnaG","SsbA","dnaG","ssbA","DnaG","SsbA","BSU_25210","BSU_40900","subtiwiki","224308.BSU40900/224308.BSU25210","physical","txid224308"
"BSU_25210","BSU_25250","DnaG","CcpN","dnaG","ccpN","DnaG","CcpN","BSU_25210","BSU_25250","string-db","224308.BSU25250/224308.BSU25210","physical","txid224308"
"BSU_25210","BSU_28980","DnaG","DnaI","dnaG","BSU_28980","DnaG","DnaI","BSU_25210","BSU_28980","subtiwiki","224308.BSU28980/224308.BSU25210","physical","txid224308"
"BSU_25210","BSU_40440","DnaG","DnaC","dnaG","BSU_40440","DnaG","DnaC","BSU_25210","BSU_40440","subtiwiki","224308.BSU40440/224308.BSU25210","physical","txid224308"
"BSU_25210","BSU_28990","DnaG","DnaB","dnaG","BSU_28990","DnaG","DnaB","BSU_25210","BSU_28990","subtiwiki","224308.BSU28990/224308.BSU25210","physical","txid224308"
"BSU_25210","BSU_39580","DnaG","YxeE","dnaG","yxeE","DnaG","YxeE","BSU_25210","BSU_39580","string-db","224308.BSU39580/224308.BSU25210","physical","txid224308"
"BSU_25210","BSU_27600","DnaG","Rsh","dnaG","BSU_27600","DnaG","Rel","BSU_25210","BSU_27600","string-db","224308.BSU27600/224308.BSU25210","physical","txid224308"
"BSU_25210","BSU_16580","DnaG","PolC","dnaG","BSU_16580","DnaG","PolC","BSU_25210","BSU_16580","subtiwiki","224308.BSU25210/224308.BSU16580","physical","txid224308"
"BSU_23870","BSU_29090","PolY1","PolA","BSU_23870","polA","PolYA","PolA","BSU_23870","BSU_29090","subtiwiki","224308.BSU29090/224308.BSU23870","physical","txid224308"
"BSU_00040","BSU_16940","RecF","RecA","recF","recA","RecF","RecA","BSU_00040","BSU_16940","subtiwiki","224308.BSU16940/224308.BSU00040","physical","txid224308"
"BSU_00040","BSU_31250","RecF","TlpA","recF","tlpA","RecF","TlpA","BSU_00040","BSU_31250","string-db","224308.BSU31250/224308.BSU00040","physical","txid224308"
"BSU_00040","BSU_27620","RecF","RecJ","recF","recJ","RecF","RecJ","BSU_00040","BSU_27620","string-db","224308.BSU27620/224308.BSU00040","physical","txid224308"
"BSU_00040","BSU_41050","RecF","RnpA","recF","BSU_41050","RecF","RnpA","BSU_00040","BSU_41050","string-db","224308.BSU41050/224308.BSU00040","physical","txid224308"
"BSU_00040","BSU_15870","RecF","RecG","recF","BSU_15870","RecF","RecG","BSU_00040","BSU_15870","string-db","224308.BSU15870/224308.BSU00040","physical","txid224308"
"BSU_00040","BSU_28980","RecF","DnaI","recF","BSU_28980","RecF","DnaI","BSU_00040","BSU_28980","subtiwiki","224308.BSU28980/224308.BSU00040","physical","txid224308"
"BSU_00040","BSU_25280","RecF","RecO","recF","recO","RecF","RecO","BSU_00040","BSU_25280","subtiwiki","224308.BSU25280/224308.BSU00040","physical","txid224308"
"BSU_00040","BSU_25210","RecF","DnaG","recF","dnaG","RecF","DnaG","BSU_00040","BSU_25210","subtiwiki","224308.BSU00040/224308.BSU25210","physical","txid224308"
"BSU_00040","BSU_16580","RecF","PolC","recF","BSU_16580","RecF","PolC","BSU_00040","BSU_16580","subtiwiki","224308.BSU00040/224308.BSU16580","physical","txid224308"
"BSU_28980","BSU_28990","DnaI","DnaB","BSU_28980","BSU_28990","DnaI","DnaB","BSU_28980","BSU_28990","subtiwiki","224308.BSU28990/224308.BSU28980","physical","txid224308"
"BSU_28980","BSU_40440","DnaI","DnaC","BSU_28980","BSU_40440","DnaI","DnaC","BSU_28980","BSU_40440","subtiwiki","224308.BSU40440/224308.BSU28980","physical","txid224308"
"BSU_28980","BSU_00310","DnaI","HolB","BSU_28980","BSU_00310","DnaI","HolB","BSU_28980","BSU_00310","subtiwiki","224308.BSU28980/224308.BSU00310","physical","txid224308"
"BSU_28980","BSU_16580","DnaI","PolC","BSU_28980","BSU_16580","DnaI","PolC","BSU_28980","BSU_16580","subtiwiki","224308.BSU28980/224308.BSU16580","physical","txid224308"
"BSU_28980","BSU_00210","DnaI","RecR","BSU_28980","BSU_00210","DnaI","RecR","BSU_28980","BSU_00210","subtiwiki","224308.BSU28980/224308.BSU00210","physical","txid224308"
"BSU_28980","BSU_25560","DnaI","HolA","BSU_28980","BSU_25560","DnaI","HolA","BSU_28980","BSU_25560","subtiwiki","224308.BSU28980/224308.BSU25560","physical","txid224308"
"BSU_15870","BSU_29790","RecG","MurC","BSU_15870","BSU_29790","RecG","MurC","BSU_15870","BSU_29790","string-db","224308.BSU29790/224308.BSU15870","physical","txid224308"
"BSU_15870","BSU_40900","RecG","SsbA","BSU_15870","ssbA","RecG","SsbA","BSU_15870","BSU_40900","subtiwiki","224308.BSU15870/224308.BSU40900","physical","txid224308"
"BSU_25280","BSU_25560","RecO","HolA","recO","BSU_25560","RecO","HolA","BSU_25280","BSU_25560","subtiwiki","224308.BSU25280/224308.BSU25560","physical","txid224308"
"BSU_25280","BSU_16580","RecO","PolC","recO","BSU_16580","RecO","PolC","BSU_25280","BSU_16580","subtiwiki","224308.BSU25280/224308.BSU16580","physical","txid224308"
"BSU_25280","BSU_00310","RecO","HolB","recO","BSU_00310","RecO","HolB","BSU_25280","BSU_00310","subtiwiki","224308.BSU25280/224308.BSU00310","physical","txid224308"
"BSU_25280","BSU_25210","RecO","DnaG","recO","dnaG","RecO","DnaG","BSU_25280","BSU_25210","subtiwiki","224308.BSU25280/224308.BSU25210","physical","txid224308"
"BSU_25280","BSU_15710","RecO","PriA","recO","BSU_15710","RecO","PriA","BSU_25280","BSU_15710","subtiwiki","224308.BSU25280/224308.BSU15710","physical","txid224308"
"BSU_25280","BSU_22350","RecO","DnaD","recO","BSU_22350","RecO","DnaD","BSU_25280","BSU_22350","subtiwiki","224308.BSU25280/224308.BSU22350","physical","txid224308"
"BSU_25280","BSU_28980","RecO","DnaI","recO","BSU_28980","RecO","DnaI","BSU_25280","BSU_28980","subtiwiki","224308.BSU25280/224308.BSU28980","physical","txid224308"
"BSU_25280","BSU_00020","RecO","DnaN","recO","dnaN","RecO","DnaN","BSU_25280","BSU_00020","subtiwiki","224308.BSU25280/224308.BSU00020","physical","txid224308"
"BSU_25280","BSU_40900","RecO","SsbA","recO","ssbA","RecO","SsbA","BSU_25280","BSU_40900","subtiwiki","224308.BSU25280/224308.BSU40900","physical","txid224308"
"BSU_31250","BSU_35410","TlpA","FlgK","tlpA","flgK","TlpA","FlgK","BSU_31250","BSU_35410","string-db","224308.BSU35410/224308.BSU31250","physical","txid224308"
"BSU_31250","BSU_35500","TlpA","DegS","tlpA","degS","TlpA","DegS","BSU_31250","BSU_35500","string-db","224308.BSU35500/224308.BSU31250","physical","txid224308"
"BSU_31250","BSU_33690","TlpA","YvaQ","tlpA","yvaQ","TlpA","YvaQ","BSU_31250","BSU_33690","string-db","224308.BSU33690/224308.BSU31250","physical","txid224308"
"BSU_31250","BSU_31550","TlpA","NupO","tlpA","nupO","TlpA","NupO","BSU_31250","BSU_31550","string-db","224308.BSU31550/224308.BSU31250","physical","txid224308"
"BSU_16940","BSU_36310","RecA","SsbB","recA","ssbB","RecA","SsbB","BSU_16940","BSU_36310","subtiwiki","224308.BSU36310/224308.BSU16940","physical","txid224308"
"BSU_16940","BSU_36250","RecA","PtkA","recA","ptkA","RecA","PtkA","BSU_16940","BSU_36250","string-db","224308.BSU36250/224308.BSU16940","physical","txid224308"
"BSU_16940","BSU_36260","RecA","YwqC","recA","tkmA","RecA","TkmA","BSU_16940","BSU_36260","string-db","224308.BSU36260/224308.BSU16940","physical","txid224308"
"BSU_16940","BSU_25280","RecA","RecO","recA","recO","RecA","RecO","BSU_16940","BSU_25280","subtiwiki","224308.BSU25280/224308.BSU16940","physical","txid224308"
"BSU_16940","BSU_40900","RecA","SsbA","recA","ssbA","RecA","SsbA","BSU_16940","BSU_40900","subtiwiki","224308.BSU40900/224308.BSU16940","physical","txid224308"
"BSU_16940","BSU_29740","RecA","CcpA","recA","ccpA","RecA","CcpA","BSU_16940","BSU_29740","string-db","224308.BSU29740/224308.BSU16940","physical","txid224308"
"BSU_16940","BSU_17850","RecA","LexA","recA","lexA","RecA","LexA","BSU_16940","BSU_17850","string-db","224308.BSU17850/224308.BSU16940","physical","txid224308"
"BSU_16940","BSU_00210","RecA","RecR","recA","BSU_00210","RecA","RecR","BSU_16940","BSU_00210","subtiwiki","224308.BSU16940/224308.BSU00210","physical","txid224308"
"BSU_16940","BSU_28980","RecA","DnaI","recA","BSU_28980","RecA","DnaI","BSU_16940","BSU_28980","subtiwiki","224308.BSU16940/224308.BSU28980","physical","txid224308"
"BSU_16940","BSU_25210","RecA","DnaG","recA","dnaG","RecA","DnaG","BSU_16940","BSU_25210","subtiwiki","224308.BSU16940/224308.BSU25210","physical","txid224308"
"BSU_16940","BSU_15710","RecA","PriA","recA","BSU_15710","RecA","PriA","BSU_16940","BSU_15710","subtiwiki","224308.BSU16940/224308.BSU15710","physical","txid224308"
"BSU_16940","BSU_22350","RecA","DnaD","recA","BSU_22350","RecA","DnaD","BSU_16940","BSU_22350","subtiwiki","224308.BSU16940/224308.BSU22350","physical","txid224308"
"BSU_16940","BSU_00310","RecA","HolB","recA","BSU_00310","RecA","HolB","BSU_16940","BSU_00310","subtiwiki","224308.BSU16940/224308.BSU00310","physical","txid224308"
"BSU_16940","BSU_25560","RecA","HolA","recA","BSU_25560","RecA","HolA","BSU_16940","BSU_25560","subtiwiki","224308.BSU16940/224308.BSU25560","physical","txid224308"
"BSU_16940","BSU_16580","RecA","PolC","recA","BSU_16580","RecA","PolC","BSU_16940","BSU_16580","subtiwiki","224308.BSU16940/224308.BSU16580","physical","txid224308"
"BSU_16940","BSU_22310","RecA","RecU","recA","recU","RecA","RecU","BSU_16940","BSU_22310","subtiwiki","224308.BSU16940/224308.BSU22310","physical","txid224308"
"BSU_16940","BSU_08520","RecA","RecX","recA","BSU_08520","RecA","RecX","BSU_16940","BSU_08520","subtiwiki","224308.BSU16940/224308.BSU08520","physical","txid224308"
"BSU_16940","BSU_00870","RecA","RadA","recA","radA","RecA","RadA","BSU_16940","BSU_00870","subtiwiki","224308.BSU16940/224308.BSU00870","physical","txid224308"
"BSU_16940","BSU_00880","RecA","DisA","recA","disA","RecA","DisA","BSU_16940","BSU_00880","subtiwiki","224308.BSU16940/224308.BSU00880","physical","txid224308"
"BSU_16940","BSU_06610","RecA","PcrA","recA","pcrA","RecA","PcrA","BSU_16940","BSU_06610","subtiwiki","224308.BSU16940/224308.BSU06610","physical","txid224308"
"BSU_00060","BSU_29120","GyrB","Mdh","gyrB","mdh","GyrB","Mdh","BSU_00060","BSU_29120","string-db","224308.BSU29120/224308.BSU00060","physical","txid224308"
"BSU_00060","BSU_29790","GyrB","MurC","gyrB","BSU_29790","GyrB","MurC","BSU_00060","BSU_29790","string-db","224308.BSU29790/224308.BSU00060","physical","txid224308"
"BSU_00060","BSU_18100","GyrB","ParC","gyrB","parC","GyrB","ParC","BSU_00060","BSU_18100","string-db","224308.BSU18100/224308.BSU00060","physical","txid224308"
"BSU_00060","BSU_36760","GyrB","MurAA","gyrB","murAA","GyrB","MurAA","BSU_00060","BSU_36760","string-db","224308.BSU36760/224308.BSU00060","physical","txid224308"
"BSU_00060","BSU_00070","GyrB","GyrA","gyrB","gyrA","GyrB","GyrA","BSU_00060","BSU_00070","subtiwiki","224308.BSU00060/224308.BSU00070","physical","txid224308"
"BSU_00060","BSU_33040","GyrB","FumC","gyrB","citG","GyrB","CitG","BSU_00060","BSU_33040","string-db","224308.BSU33040/224308.BSU00060","physical","txid224308"
"BSU_00060","BSU_37100","GyrB","MurAB","gyrB","BSU_37100","GyrB","MurAB","BSU_00060","BSU_37100","string-db","224308.BSU37100/224308.BSU00060","physical","txid224308"
"BSU_33040","BSU_18000","FumC","CitB","citG","citB","CitG","CitB","BSU_33040","BSU_18000","subtiwiki","224308.BSU33040/224308.BSU18000","physical","txid224308"
"BSU_29120","BSU_16090","Mdh","SucC","mdh","sucC","Mdh","SucC","BSU_29120","BSU_16090","subtiwiki","224308.BSU29120/224308.BSU16090","physical","txid224308"
"BSU_29120","BSU_18000","Mdh","CitB","mdh","citB","Mdh","CitB","BSU_29120","BSU_18000","subtiwiki","224308.BSU29120/224308.BSU18000","physical","txid224308"
"BSU_29120","BSU_30560","Mdh","PckA","mdh","pckA","Mdh","PckA","BSU_29120","BSU_30560","subtiwiki","224308.BSU29120/224308.BSU30560","physical","txid224308"
"BSU_29120","BSU_29140","Mdh","CitZ","mdh","citZ","Mdh","CitZ","BSU_29120","BSU_29140","subtiwiki","224308.BSU29120/224308.BSU29140","physical","txid224308"
"BSU_29120","BSU_29740","Mdh","CcpA","mdh","ccpA","Mdh","CcpA","BSU_29120","BSU_29740","string-db","224308.BSU29740/224308.BSU29120","physical","txid224308"
"BSU_29120","BSU_29130","Mdh","Icd","mdh","icd","Mdh","Icd","BSU_29120","BSU_29130","subtiwiki","224308.BSU29120/224308.BSU29130","physical","txid224308"
"BSU_29120","BSU_33040","Mdh","FumC","mdh","citG","Mdh","CitG","BSU_29120","BSU_33040","subtiwiki","224308.BSU29120/224308.BSU33040","physical","txid224308"
"BSU_36760","BSU_37100","MurAA","MurAB","murAA","BSU_37100","MurAA","MurAB","BSU_36760","BSU_37100","subtiwiki","224308.BSU37100/224308.BSU36760","physical","txid224308"
"BSU_00070","BSU_29740","GyrA","CcpA","gyrA","ccpA","GyrA","CcpA","BSU_00070","BSU_29740","string-db","224308.BSU29740/224308.BSU00070","physical","txid224308"
"BSU_00070","BSU_29230","GyrA","DnaE","gyrA","dnaE","GyrA","DnaE","BSU_00070","BSU_29230","string-db","224308.BSU29230/224308.BSU00070","physical","txid224308"
"BSU_00070","BSU_24300","GyrA","XseA","gyrA","BSU_24300","GyrA","XseA","BSU_00070","BSU_24300","string-db","224308.BSU24300/224308.BSU00070","physical","txid224308"
"BSU_00070","BSU_31250","GyrA","TlpA","gyrA","tlpA","GyrA","TlpA","BSU_00070","BSU_31250","string-db","224308.BSU31250/224308.BSU00070","physical","txid224308"
"BSU_00070","BSU_18100","GyrA","ParC","gyrA","parC","GyrA","ParC","BSU_00070","BSU_18100","string-db","224308.BSU18100/224308.BSU00070","physical","txid224308"
"BSU_00070","BSU_31240","GyrA","McpA","gyrA","mcpA","GyrA","McpA","BSU_00070","BSU_31240","string-db","224308.BSU31240/224308.BSU00070","physical","txid224308"
"BSU_31240","BSU_33690","McpA","YvaQ","mcpA","yvaQ","McpA","YvaQ","BSU_31240","BSU_33690","string-db","224308.BSU33690/224308.BSU31240","physical","txid224308"
"BSU_31240","BSU_33360","McpA","LtaSP","mcpA","BSU_33360","McpA","LtaSP","BSU_31240","BSU_33360","string-db","224308.BSU33360/224308.BSU31240","physical","txid224308"
"BSU_31240","BSU_31860","McpA","YueB","mcpA","yueB","McpA","YueB","BSU_31240","BSU_31860","string-db","224308.BSU31860/224308.BSU31240","physical","txid224308"
"BSU_31240","BSU_33040","McpA","FumC","mcpA","citG","McpA","CitG","BSU_31240","BSU_33040","string-db","224308.BSU33040/224308.BSU31240","physical","txid224308"
"BSU_31240","BSU_35500","McpA","DegS","mcpA","degS","McpA","DegS","BSU_31240","BSU_35500","string-db","224308.BSU35500/224308.BSU31240","physical","txid224308"
"BSU_31240","BSU_36190","McpA","RttN","mcpA","BSU_36190","McpA","YwqJ","BSU_31240","BSU_36190","string-db","224308.BSU36190/224308.BSU31240","physical","txid224308"
"BSU_31240","BSU_31250","McpA","TlpA","mcpA","tlpA","McpA","TlpA","BSU_31240","BSU_31250","string-db","224308.BSU31250/224308.BSU31240","physical","txid224308"
"BSU_31240","BSU_35240","McpA","CtpB","mcpA","ctpB","McpA","CtpB","BSU_31240","BSU_35240","string-db","224308.BSU35240/224308.BSU31240","physical","txid224308"
"BSU_00090","BSU_29740","GuaB","CcpA","guaB","ccpA","GuaB","CcpA","BSU_00090","BSU_29740","string-db","224308.BSU29740/224308.BSU00090","physical","txid224308"
"BSU_00090","BSU_16170","GuaB","CodY","guaB","codY","GuaB","CodY","BSU_00090","BSU_16170","subtiwiki","224308.BSU00090/224308.BSU16170","physical","txid224308"
"BSU_00100","BSU_10110","DacA","PbpF","BSU_00100","pbpF","DacA","PbpF","BSU_00100","BSU_10110","string-db","224308.BSU10110/224308.BSU00100","physical","txid224308"
"BSU_00100","BSU_18350","DacA","DacC","BSU_00100","dacC","DacA","DacC","BSU_00100","BSU_18350","string-db","224308.BSU18350/224308.BSU00100","physical","txid224308"
"BSU_00100","BSU_23480","DacA","DacF","BSU_00100","dacF","DacA","DacF","BSU_00100","BSU_23480","string-db","224308.BSU23480/224308.BSU00100","physical","txid224308"
"BSU_00100","BSU_22320","DacA","PonA","BSU_00100","ponA","DacA","PonA","BSU_00100","BSU_22320","string-db","224308.BSU22320/224308.BSU00100","physical","txid224308"
"BSU_00100","BSU_01670","DacA","AmiE","BSU_00100","amiE","DacA","AmiE","BSU_00100","BSU_01670","string-db","224308.BSU01670/224308.BSU00100","physical","txid224308"
"BSU_00100","BSU_23190","DacA","DacB","BSU_00100","dacB","DacA","DacB","BSU_00100","BSU_23190","string-db","224308.BSU23190/224308.BSU00100","physical","txid224308"
"BSU_00100","BSU_19620","DacA","YodJ","BSU_00100","BSU_19620","DacA","YodJ","BSU_00100","BSU_19620","string-db","224308.BSU19620/224308.BSU00100","physical","txid224308"
"BSU_22320","BSU_28020","PonA","MreC","ponA","mreC","PonA","MreC","BSU_22320","BSU_28020","string-db","224308.BSU28020/224308.BSU22320","physical","txid224308"
"BSU_22320","BSU_23480","PonA","DacF","ponA","dacF","PonA","DacF","BSU_22320","BSU_23480","string-db","224308.BSU23480/224308.BSU22320","physical","txid224308"
"BSU_22320","BSU_23190","PonA","DacB","ponA","dacB","PonA","DacB","BSU_22320","BSU_23190","string-db","224308.BSU23190/224308.BSU22320","physical","txid224308"
"BSU_22320","BSU_28610","PonA","YshA","ponA","BSU_28610","PonA","ZapA","BSU_22320","BSU_28610","string-db","224308.BSU28610/224308.BSU22320","physical","txid224308"
"BSU_22320","BSU_28030","PonA","MreB","ponA","mreB","PonA","MreB","BSU_22320","BSU_28030","subtiwiki","224308.BSU28030/224308.BSU22320","physical","txid224308"
"BSU_22320","BSU_29610","PonA","EzrA","ponA","ezrA","PonA","EzrA","BSU_22320","BSU_29610","subtiwiki","224308.BSU22320/224308.BSU29610","physical","txid224308"
"BSU_22320","BSU_27300","PonA","YrrS","ponA","yrrS","PonA","YrrS","BSU_22320","BSU_27300","subtiwiki","224308.BSU22320/224308.BSU27300","physical","txid224308"
"BSU_10110","BSU_19620","PbpF","YodJ","pbpF","BSU_19620","PbpF","YodJ","BSU_10110","BSU_19620","string-db","224308.BSU19620/224308.BSU10110","physical","txid224308"
"BSU_10110","BSU_22320","PbpF","PonA","pbpF","ponA","PbpF","PonA","BSU_10110","BSU_22320","string-db","224308.BSU22320/224308.BSU10110","physical","txid224308"
"BSU_10110","BSU_23190","PbpF","DacB","pbpF","dacB","PbpF","DacB","BSU_10110","BSU_23190","string-db","224308.BSU23190/224308.BSU10110","physical","txid224308"
"BSU_10110","BSU_23480","PbpF","DacF","pbpF","dacF","PbpF","DacF","BSU_10110","BSU_23480","string-db","224308.BSU23480/224308.BSU10110","physical","txid224308"
"BSU_10110","BSU_28030","PbpF","MreB","pbpF","mreB","PbpF","MreB","BSU_10110","BSU_28030","string-db","224308.BSU28030/224308.BSU10110","physical","txid224308"
"BSU_01670","BSU_23480","AmiE","DacF","amiE","dacF","AmiE","DacF","BSU_01670","BSU_23480","string-db","224308.BSU23480/224308.BSU01670","physical","txid224308"
"BSU_01670","BSU_23190","AmiE","DacB","amiE","dacB","AmiE","DacB","BSU_01670","BSU_23190","string-db","224308.BSU23190/224308.BSU01670","physical","txid224308"
"BSU_01670","BSU_18350","AmiE","DacC","amiE","dacC","AmiE","DacC","BSU_01670","BSU_18350","string-db","224308.BSU18350/224308.BSU01670","physical","txid224308"
"BSU_18350","BSU_23190","DacC","DacB","dacC","dacB","DacC","DacB","BSU_18350","BSU_23190","string-db","224308.BSU23190/224308.BSU18350","physical","txid224308"
"BSU_18350","BSU_23480","DacC","DacF","dacC","dacF","DacC","DacF","BSU_18350","BSU_23480","string-db","224308.BSU23480/224308.BSU18350","physical","txid224308"
"BSU_18350","BSU_28020","DacC","MreC","dacC","mreC","DacC","MreC","BSU_18350","BSU_28020","subtiwiki","224308.BSU18350/224308.BSU28020","physical","txid224308"
"BSU_18350","BSU_16910","DacC","RodZ","dacC","BSU_16910","DacC","RodZ","BSU_18350","BSU_16910","subtiwiki","224308.BSU18350/224308.BSU16910","physical","txid224308"
"BSU_18350","BSU_28030","DacC","MreB","dacC","mreB","DacC","MreB","BSU_18350","BSU_28030","subtiwiki","224308.BSU18350/224308.BSU28030","physical","txid224308"
"BSU_18350","BSU_04140","DacC","PbpC","dacC","BSU_04140","DacC","PbpC","BSU_18350","BSU_04140","subtiwiki","224308.BSU18350/224308.BSU04140","physical","txid224308"
"BSU_18350","BSU_25000","DacC","PbpA","dacC","BSU_25000","DacC","PbpA","BSU_18350","BSU_25000","subtiwiki","224308.BSU18350/224308.BSU25000","physical","txid224308"
"BSU_18350","BSU_28010","DacC","MreD","dacC","mreD","DacC","MreD","BSU_18350","BSU_28010","subtiwiki","224308.BSU18350/224308.BSU28010","physical","txid224308"
"BSU_18350","BSU_27310","DacC","PbpI","dacC","pbpI","DacC","PbpI","BSU_18350","BSU_27310","subtiwiki","224308.BSU18350/224308.BSU27310","physical","txid224308"
"BSU_18350","BSU_13980","DacC","PbpH","dacC","pbpH","DacC","PbpH","BSU_18350","BSU_13980","subtiwiki","224308.BSU18350/224308.BSU13980","physical","txid224308"
"BSU_18350","BSU_38120","DacC","RodA","dacC","rodA","DacC","RodA","BSU_18350","BSU_38120","subtiwiki","224308.BSU18350/224308.BSU38120","physical","txid224308"
"BSU_18350","BSU_14470","DacC","MreBH","dacC","mreBH","DacC","MreBH","BSU_18350","BSU_14470","subtiwiki","224308.BSU18350/224308.BSU14470","physical","txid224308"
"BSU_23190","BSU_23480","DacB","DacF","dacB","dacF","DacB","DacF","BSU_23190","BSU_23480","string-db","224308.BSU23480/224308.BSU23190","physical","txid224308"
"BSU_19620","BSU_22320","YodJ","PonA","BSU_19620","ponA","YodJ","PonA","BSU_19620","BSU_22320","string-db","224308.BSU22320/224308.BSU19620","physical","txid224308"
"BSU_19620","BSU_23480","YodJ","DacF","BSU_19620","dacF","YodJ","DacF","BSU_19620","BSU_23480","string-db","224308.BSU23480/224308.BSU19620","physical","txid224308"
"BSU_19620","BSU_23190","YodJ","DacB","BSU_19620","dacB","YodJ","DacB","BSU_19620","BSU_23190","string-db","224308.BSU23190/224308.BSU19620","physical","txid224308"
"BSU_00110","BSU_22020","PdxS","YpbS","pdxS","ypbS","PdxS","YpbS","BSU_00110","BSU_22020","subtiwiki","224308.BSU00110/224308.BSU22020","physical","txid224308"
"BSU_00110","BSU_00120","PdxS","PdxT","pdxS","pdxT","PdxS","PdxT","BSU_00110","BSU_00120","subtiwiki","224308.BSU00110/224308.BSU00120","physical","txid224308"
"BSU_00110","BSU_29740","PdxS","CcpA","pdxS","ccpA","PdxS","CcpA","BSU_00110","BSU_29740","string-db","224308.BSU29740/224308.BSU00110","physical","txid224308"
"BSU_00120","BSU_29740","PdxT","CcpA","pdxT","ccpA","PdxT","CcpA","BSU_00120","BSU_29740","string-db","224308.BSU29740/224308.BSU00120","physical","txid224308"
"BSU_00140","BSU_07840","Dck","YfkN","BSU_00140","yfkN","Dck","YfkN","BSU_00140","BSU_07840","string-db","224308.BSU07840/224308.BSU00140","physical","txid224308"
"BSU_07840","BSU_27330","YfkN","Udk","yfkN","BSU_27330","YfkN","Udk","BSU_07840","BSU_27330","string-db","224308.BSU27330/224308.BSU07840","physical","txid224308"
"BSU_07840","BSU_37060","YfkN","Tdk","yfkN","BSU_37060","YfkN","Tdk","BSU_07840","BSU_37060","string-db","224308.BSU37060/224308.BSU07840","physical","txid224308"
"BSU_00160","BSU_17030","YaaH","CotE","yaaH","cotE","YaaH","CotE","BSU_00160","BSU_17030","string-db","224308.BSU17030/224308.BSU00160","physical","txid224308"
"BSU_00160","BSU_02600","YaaH","CwlJ","yaaH","cwlJ","YaaH","CwlJ","BSU_00160","BSU_02600","string-db","224308.BSU02600/224308.BSU00160","physical","txid224308"
"BSU_17030","BSU_17640","CotE","AlrB","cotE","yncD","CotE","YncD","BSU_17030","BSU_17640","subtiwiki","224308.BSU17030/224308.BSU17640","physical","txid224308"
"BSU_17030","BSU_19780","CotE","CgeA","cotE","cgeA","CotE","CgeA","BSU_17030","BSU_19780","subtiwiki","224308.BSU17030/224308.BSU19780","physical","txid224308"
"BSU_17030","BSU_11750","CotE","CotY","cotE","cotY","CotE","CotY","BSU_17030","BSU_11750","subtiwiki","224308.BSU17030/224308.BSU11750","physical","txid224308"
"BSU_17030","BSU_11740","CotE","CotZ","cotE","cotZ","CotE","CotZ","BSU_17030","BSU_11740","subtiwiki","224308.BSU17030/224308.BSU11740","physical","txid224308"
"BSU_17030","BSU_11760","CotE","CotX","cotE","cotX","CotE","CotX","BSU_17030","BSU_11760","subtiwiki","224308.BSU17030/224308.BSU11760","physical","txid224308"
"BSU_17030","BSU_36060","CotE","CotH","cotE","cotH","CotE","CotH","BSU_17030","BSU_36060","subtiwiki","224308.BSU17030/224308.BSU36060","physical","txid224308"
"BSU_17030","BSU_22800","CotE","SpoIVA","cotE","spoIVA","CotE","SpoIVA","BSU_17030","BSU_22800","string-db","224308.BSU22800/224308.BSU17030","physical","txid224308"
"BSU_17030","BSU_17700","CotE","CotC","cotE","cotC","CotE","CotC","BSU_17030","BSU_17700","subtiwiki","224308.BSU17030/224308.BSU17700","physical","txid224308"
"BSU_17030","BSU_31270","CotE","Tgl","cotE","tgl","CotE","Tgl","BSU_17030","BSU_31270","string-db","224308.BSU31270/224308.BSU17030","physical","txid224308"
"BSU_17030","BSU_17670","CotE","CotU","cotE","cotU","CotE","CotU","BSU_17030","BSU_17670","subtiwiki","224308.BSU17030/224308.BSU17670","physical","txid224308"
"BSU_17030","BSU_28110","CotE","SpoVID","cotE","spoVID","CotE","SpoVID","BSU_17030","BSU_28110","subtiwiki","224308.BSU28110/224308.BSU17030","physical","txid224308"
"BSU_02600","BSU_06710","CwlJ","SwrC","cwlJ","BSU_06710","CwlJ","SwrC","BSU_02600","BSU_06710","string-db","224308.BSU06710/224308.BSU02600","physical","txid224308"
"BSU_02600","BSU_36190","CwlJ","RttN","cwlJ","BSU_36190","CwlJ","YwqJ","BSU_02600","BSU_36190","string-db","224308.BSU36190/224308.BSU02600","physical","txid224308"
"BSU_02600","BSU_31860","CwlJ","YueB","cwlJ","yueB","CwlJ","YueB","BSU_02600","BSU_31860","string-db","224308.BSU31860/224308.BSU02600","physical","txid224308"
"BSU_30540","BSU_39920","AsnB","AsnH","BSU_30540","asnH","AsnB","AsnH","BSU_30540","BSU_39920","string-db","224308.BSU39920/224308.BSU30540","physical","txid224308"
"BSU_30540","BSU_40440","AsnB","DnaC","BSU_30540","BSU_40440","AsnB","DnaC","BSU_30540","BSU_40440","string-db","224308.BSU40440/224308.BSU30540","physical","txid224308"
"BSU_16030","BSU_30540","TrmD","AsnB","trmD","BSU_30540","TrmD","AsnB","BSU_16030","BSU_30540","string-db","224308.BSU30540/224308.BSU16030","physical","txid224308"
"BSU_16030","BSU_19660","TrmD","YozD","trmD","BSU_19660","TrmD","YozD","BSU_16030","BSU_19660","string-db","224308.BSU19660/224308.BSU16030","physical","txid224308"
"BSU_26150","BSU_40360","YqbD","HtrC","BSU_26150","htrC","YqbD","HtrC","BSU_26150","BSU_40360","string-db","224308.BSU40360/224308.BSU26150","physical","txid224308"
"BSU_26150","BSU_33020","YqbD","CssS","BSU_26150","cssS","YqbD","CssS","BSU_26150","BSU_33020","string-db","224308.BSU33020/224308.BSU26150","physical","txid224308"
"BSU_26150","BSU_33690","YqbD","YvaQ","BSU_26150","yvaQ","YqbD","YvaQ","BSU_26150","BSU_33690","string-db","224308.BSU33690/224308.BSU26150","physical","txid224308"
"BSU_26150","BSU_31860","YqbD","YueB","BSU_26150","yueB","YqbD","YueB","BSU_26150","BSU_31860","string-db","224308.BSU31860/224308.BSU26150","physical","txid224308"
"BSU_00210","BSU_16580","RecR","PolC","BSU_00210","BSU_16580","RecR","PolC","BSU_00210","BSU_16580","subtiwiki","224308.BSU00210/224308.BSU16580","physical","txid224308"
"BSU_00210","BSU_25560","RecR","HolA","BSU_00210","BSU_25560","RecR","HolA","BSU_00210","BSU_25560","subtiwiki","224308.BSU00210/224308.BSU25560","physical","txid224308"
"BSU_00210","BSU_25210","RecR","DnaG","BSU_00210","dnaG","RecR","DnaG","BSU_00210","BSU_25210","subtiwiki","224308.BSU00210/224308.BSU25210","physical","txid224308"
"BSU_00210","BSU_00310","RecR","HolB","BSU_00210","BSU_00310","RecR","HolB","BSU_00210","BSU_00310","subtiwiki","224308.BSU00210/224308.BSU00310","physical","txid224308"
"BSU_00210","BSU_22350","RecR","DnaD","BSU_00210","BSU_22350","RecR","DnaD","BSU_00210","BSU_22350","subtiwiki","224308.BSU00210/224308.BSU22350","physical","txid224308"
"BSU_00210","BSU_00040","RecR","RecF","BSU_00210","recF","RecR","RecF","BSU_00210","BSU_00040","subtiwiki","224308.BSU00210/224308.BSU00040","physical","txid224308"
"BSU_00210","BSU_25280","RecR","RecO","BSU_00210","recO","RecR","RecO","BSU_00210","BSU_25280","subtiwiki","224308.BSU25280/224308.BSU00210","physical","txid224308"
"BSU_00230","BSU_24230","BofA","SpoIVB","bofA","spoIVB","BofA","SpoIVB","BSU_00230","BSU_24230","subtiwiki","224308.BSU00230/224308.BSU24230","physical","txid224308"
"BSU_00230","BSU_25530","BofA","SpoIIP","bofA","spoIIP","BofA","SpoIIP","BSU_00230","BSU_25530","string-db","224308.BSU25530/224308.BSU00230","physical","txid224308"
"BSU_00230","BSU_27970","BofA","SpoIVFB","bofA","spoIVFB","BofA","SpoIVFB","BSU_00230","BSU_27970","subtiwiki","224308.BSU27970/224308.BSU00230","physical","txid224308"
"BSU_00230","BSU_36750","BofA","SpoIID","bofA","spoIID","BofA","SpoIID","BSU_00230","BSU_36750","string-db","224308.BSU36750/224308.BSU00230","physical","txid224308"
"BSU_25530","BSU_36750","SpoIIP","SpoIID","spoIIP","spoIID","SpoIIP","SpoIID","BSU_25530","BSU_36750","subtiwiki","224308.BSU36750/224308.BSU25530","physical","txid224308"
"BSU_27970","BSU_27980","SpoIVFB","SpoIVFA","spoIVFB","spoIVFA","SpoIVFB","SpoIVFA","BSU_27970","BSU_27980","subtiwiki","224308.BSU27970/224308.BSU27980","physical","txid224308"
"BSU_00320","BSU_37130","YaaT","Spo0F","BSU_00320","spo0F","RicT","Spo0F","BSU_00320","BSU_37130","subtiwiki","224308.BSU00320/224308.BSU37130","physical","txid224308"
"BSU_00320","BSU_27930","YaaT","Spo0B","BSU_00320","spo0B","RicT","Spo0B","BSU_00320","BSU_27930","subtiwiki","224308.BSU00320/224308.BSU27930","physical","txid224308"
"BSU_00320","BSU_09190","YaaT","YhcR","BSU_00320","BSU_09190","RicT","YhcR","BSU_00320","BSU_09190","string-db","224308.BSU09190/224308.BSU00320","physical","txid224308"
"BSU_00320","BSU_17020","YaaT","YmcA","BSU_00320","BSU_17020","RicT","RicA","BSU_00320","BSU_17020","subtiwiki","224308.BSU00320/224308.BSU17020","physical","txid224308"
"BSU_00320","BSU_14990","YaaT","YlbF","BSU_00320","BSU_14990","RicT","RicF","BSU_00320","BSU_14990","subtiwiki","224308.BSU14990/224308.BSU00320","physical","txid224308"
"BSU_14990","BSU_27930","YlbF","Spo0B","BSU_14990","spo0B","RicF","Spo0B","BSU_14990","BSU_27930","subtiwiki","224308.BSU14990/224308.BSU27930","physical","txid224308"
"BSU_14990","BSU_37130","YlbF","Spo0F","BSU_14990","spo0F","RicF","Spo0F","BSU_14990","BSU_37130","subtiwiki","224308.BSU14990/224308.BSU37130","physical","txid224308"
"BSU_14990","BSU_17020","YlbF","YmcA","BSU_14990","BSU_17020","RicF","RicA","BSU_14990","BSU_17020","subtiwiki","224308.BSU14990/224308.BSU17020","physical","txid224308"
"BSU_09190","BSU_16020","YhcR","RimM","BSU_09190","rimM","YhcR","RimM","BSU_09190","BSU_16020","string-db","224308.BSU16020/224308.BSU09190","physical","txid224308"
"BSU_09190","BSU_28010","YhcR","MreD","BSU_09190","mreD","YhcR","MreD","BSU_09190","BSU_28010","string-db","224308.BSU28010/224308.BSU09190","physical","txid224308"
"BSU_05240","BSU_28990","YdeL","DnaB","BSU_05240","BSU_28990","YdeL","DnaB","BSU_05240","BSU_28990","string-db","224308.BSU28990/224308.BSU05240","physical","txid224308"
"BSU_05240","BSU_12890","YdeL","YkcC","BSU_05240","ykcC","YdeL","YkcC","BSU_05240","BSU_12890","string-db","224308.BSU12890/224308.BSU05240","physical","txid224308"
"BSU_05240","BSU_28610","YdeL","YshA","BSU_05240","BSU_28610","YdeL","ZapA","BSU_05240","BSU_28610","string-db","224308.BSU28610/224308.BSU05240","physical","txid224308"
"BSU_05240","BSU_37030","YdeL","RacA","BSU_05240","racA","YdeL","RacA","BSU_05240","BSU_37030","string-db","224308.BSU37030/224308.BSU05240","physical","txid224308"
"BSU_05240","BSU_10160","YdeL","YhgE","BSU_05240","BSU_10160","YdeL","YhgE","BSU_05240","BSU_10160","string-db","224308.BSU10160/224308.BSU05240","physical","txid224308"
"BSU_05240","BSU_23220","YdeL","ScpA","BSU_05240","scpA","YdeL","ScpA","BSU_05240","BSU_23220","string-db","224308.BSU23220/224308.BSU05240","physical","txid224308"
"BSU_05240","BSU_36260","YdeL","YwqC","BSU_05240","tkmA","YdeL","TkmA","BSU_05240","BSU_36260","string-db","224308.BSU36260/224308.BSU05240","physical","txid224308"
"BSU_05240","BSU_36190","YdeL","RttN","BSU_05240","BSU_36190","YdeL","YwqJ","BSU_05240","BSU_36190","string-db","224308.BSU36190/224308.BSU05240","physical","txid224308"
"BSU_05240","BSU_25330","YdeL","YqfF","BSU_05240","BSU_25330","YdeL","YqfF","BSU_05240","BSU_25330","string-db","224308.BSU25330/224308.BSU05240","physical","txid224308"
"BSU_05240","BSU_07580","YdeL","CitS","BSU_05240","BSU_07580","YdeL","CitS","BSU_05240","BSU_07580","string-db","224308.BSU07580/224308.BSU05240","physical","txid224308"
"BSU_05240","BSU_05650","YdeL","YdgH","BSU_05240","ydgH","YdeL","YdgH","BSU_05240","BSU_05650","string-db","224308.BSU05650/224308.BSU05240","physical","txid224308"
"BSU_05240","BSU_26150","YdeL","YqbD","BSU_05240","BSU_26150","YdeL","YqbD","BSU_05240","BSU_26150","string-db","224308.BSU26150/224308.BSU05240","physical","txid224308"
"BSU_05240","BSU_06710","YdeL","SwrC","BSU_05240","BSU_06710","YdeL","SwrC","BSU_05240","BSU_06710","string-db","224308.BSU06710/224308.BSU05240","physical","txid224308"
"BSU_05240","BSU_09900","YdeL","YhaP","BSU_05240","yhaP","YdeL","YhaP","BSU_05240","BSU_09900","string-db","224308.BSU09900/224308.BSU05240","physical","txid224308"
"BSU_05240","BSU_31860","YdeL","YueB","BSU_05240","yueB","YdeL","YueB","BSU_05240","BSU_31860","string-db","224308.BSU31860/224308.BSU05240","physical","txid224308"
"BSU_00370","BSU_01130","AbrB","TufA","abrB","tufA","AbrB","TufA","BSU_00370","BSU_01130","subtiwiki","224308.BSU00370/224308.BSU01130","physical","txid224308"
"BSU_00370","BSU_14120","AbrB","AbbA","abrB","abbA","AbrB","AbbA","BSU_00370","BSU_14120","subtiwiki","224308.BSU14120/224308.BSU00370","physical","txid224308"
"BSU_00370","BSU_00660","AbrB","YabT","abrB","yabT","AbrB","YabT","BSU_00370","BSU_00660","subtiwiki","224308.BSU00370/224308.BSU00660","physical","txid224308"
"BSU_01130","BSU_16490","TufA","RpsB","tufA","rpsB","TufA","RpsB","BSU_01130","BSU_16490","string-db","224308.BSU16490/224308.BSU01130","physical","txid224308"
"BSU_01130","BSU_15280","TufA","FtsA","tufA","ftsA","TufA","FtsA","BSU_01130","BSU_15280","string-db","224308.BSU15280/224308.BSU01130","physical","txid224308"
"BSU_01130","BSU_29740","TufA","CcpA","tufA","ccpA","TufA","CcpA","BSU_01130","BSU_29740","string-db","224308.BSU29740/224308.BSU01130","physical","txid224308"
"BSU_01130","BSU_16500","TufA","Tsf","tufA","tsf","TufA","Tsf","BSU_01130","BSU_16500","subtiwiki","224308.BSU01130/224308.BSU16500","physical","txid224308"
"BSU_01130","BSU_22880","TufA","RpfA","tufA","BSU_22880","TufA","RpsA","BSU_01130","BSU_22880","string-db","224308.BSU22880/224308.BSU01130","physical","txid224308"
"BSU_01130","BSU_28030","TufA","MreB","tufA","mreB","TufA","MreB","BSU_01130","BSU_28030","subtiwiki","224308.BSU28030/224308.BSU01130","physical","txid224308"
"BSU_01130","BSU_40440","TufA","DnaC","tufA","BSU_40440","TufA","DnaC","BSU_01130","BSU_40440","string-db","224308.BSU40440/224308.BSU01130","physical","txid224308"
"BSU_01130","BSU_33600","TufA","SmpB","tufA","smpB","TufA","SmpB","BSU_01130","BSU_33600","string-db","224308.BSU33600/224308.BSU01130","physical","txid224308"
"BSU_01130","BSU_28190","TufA","YsxC","tufA","ysxC","TufA","YsxC","BSU_01130","BSU_28190","string-db","224308.BSU28190/224308.BSU01130","physical","txid224308"
"BSU_01130","BSU_36410","TufA","Mbl","tufA","mbl","TufA","Mbl","BSU_01130","BSU_36410","string-db","224308.BSU36410/224308.BSU01130","physical","txid224308"
"BSU_01130","BSU_00660","TufA","YabT","tufA","yabT","TufA","YabT","BSU_01130","BSU_00660","subtiwiki","224308.BSU01130/224308.BSU00660","physical","txid224308"
"BSU_00380","BSU_19400","MetS","SodC","metS","BSU_19400","MetS","SodC","BSU_00380","BSU_19400","string-db","224308.BSU19400/224308.BSU00380","physical","txid224308"
"BSU_00380","BSU_29740","MetS","CcpA","metS","ccpA","MetS","CcpA","BSU_00380","BSU_29740","string-db","224308.BSU29740/224308.BSU00380","physical","txid224308"
"BSU_00380","BSU_23220","MetS","ScpA","metS","scpA","MetS","ScpA","BSU_00380","BSU_23220","string-db","224308.BSU23220/224308.BSU00380","physical","txid224308"
"BSU_19400","BSU_34570","SodC","MdxK","BSU_19400","yvdK","SodC","MdxK","BSU_19400","BSU_34570","string-db","224308.BSU34570/224308.BSU19400","physical","txid224308"
"BSU_19400","BSU_26560","SodC","YrkC","BSU_19400","yrkC","SodC","YrkC","BSU_19400","BSU_26560","string-db","224308.BSU26560/224308.BSU19400","physical","txid224308"
"BSU_19400","BSU_28920","SodC","LytT","BSU_19400","lytT","SodC","LytT","BSU_19400","BSU_28920","string-db","224308.BSU28920/224308.BSU19400","physical","txid224308"
"BSU_19400","BSU_27980","SodC","SpoIVFA","BSU_19400","spoIVFA","SodC","SpoIVFA","BSU_19400","BSU_27980","string-db","224308.BSU27980/224308.BSU19400","physical","txid224308"
"BSU_19400","BSU_33940","SodC","GapA","BSU_19400","gapA","SodC","GapA","BSU_19400","BSU_33940","string-db","224308.BSU33940/224308.BSU19400","physical","txid224308"
"BSU_23220","BSU_37420","ScpA","AlbF","scpA","albF","ScpA","AlbF","BSU_23220","BSU_37420","string-db","224308.BSU37420/224308.BSU23220","physical","txid224308"
"BSU_23220","BSU_40800","ScpA","YyaN","scpA","BSU_40800","ScpA","YyaN","BSU_23220","BSU_40800","string-db","224308.BSU40800/224308.BSU23220","physical","txid224308"
"BSU_23220","BSU_34810","ScpA","YvcD","scpA","yvcD","ScpA","YvcD","BSU_23220","BSU_34810","string-db","224308.BSU34810/224308.BSU23220","physical","txid224308"
"BSU_23220","BSU_35500","ScpA","DegS","scpA","degS","ScpA","DegS","BSU_23220","BSU_35500","string-db","224308.BSU35500/224308.BSU23220","physical","txid224308"
"BSU_23220","BSU_40010","ScpA","YxaD","scpA","BSU_40010","ScpA","YxaD","BSU_23220","BSU_40010","string-db","224308.BSU40010/224308.BSU23220","physical","txid224308"
"BSU_23220","BSU_31250","ScpA","TlpA","scpA","tlpA","ScpA","TlpA","BSU_23220","BSU_31250","string-db","224308.BSU31250/224308.BSU23220","physical","txid224308"
"BSU_00410","BSU_16960","RnmV","Rny","BSU_00410","BSU_16960","RnmV","Rny","BSU_00410","BSU_16960","string-db","224308.BSU16960/224308.BSU00410","physical","txid224308"
"BSU_00410","BSU_14530","RnmV","RnjA","BSU_00410","rnjA","RnmV","RnjA","BSU_00410","BSU_14530","string-db","224308.BSU14530/224308.BSU00410","physical","txid224308"
"BSU_14530","BSU_16780","RnjA","RnjB","rnjA","rnjB","RnjA","RnjB","BSU_14530","BSU_16780","subtiwiki","224308.BSU14530/224308.BSU16780","physical","txid224308"
"BSU_14530","BSU_29740","RnjA","CcpA","rnjA","ccpA","RnjA","CcpA","BSU_14530","BSU_29740","string-db","224308.BSU29740/224308.BSU14530","physical","txid224308"
"BSU_14530","BSU_33940","RnjA","GapA","rnjA","gapA","RnjA","GapA","BSU_14530","BSU_33940","subtiwiki","224308.BSU14530/224308.BSU33940","physical","txid224308"
"BSU_14530","BSU_16960","RnjA","Rny","rnjA","BSU_16960","RnjA","Rny","BSU_14530","BSU_16960","subtiwiki","224308.BSU14530/224308.BSU16960","physical","txid224308"
"BSU_14530","BSU_29190","RnjA","PfkA","rnjA","BSU_29190","RnjA","PfkA","BSU_14530","BSU_29190","subtiwiki","224308.BSU14530/224308.BSU29190","physical","txid224308"
"BSU_14530","BSU_16690","RnjA","PnpA","rnjA","pnpA","RnjA","PnpA","BSU_14530","BSU_16690","subtiwiki","224308.BSU14530/224308.BSU16690","physical","txid224308"
"BSU_16960","BSU_33900","Rny","Eno","BSU_16960","eno","Rny","Eno","BSU_16960","BSU_33900","subtiwiki","224308.BSU33900/224308.BSU16960","physical","txid224308"
"BSU_16960","BSU_29190","Rny","PfkA","BSU_16960","BSU_29190","Rny","PfkA","BSU_16960","BSU_29190","subtiwiki","224308.BSU16960/224308.BSU29190","physical","txid224308"
"BSU_16960","BSU_25140","Rny","CshB","BSU_16960","BSU_25140","Rny","CshB","BSU_16960","BSU_25140","string-db","224308.BSU25140/224308.BSU16960","physical","txid224308"
"BSU_16960","BSU_33940","Rny","GapA","BSU_16960","gapA","Rny","GapA","BSU_16960","BSU_33940","subtiwiki","224308.BSU16960/224308.BSU33940","physical","txid224308"
"BSU_16960","BSU_16490","Rny","RpsB","BSU_16960","rpsB","Rny","RpsB","BSU_16960","BSU_16490","subtiwiki","224308.BSU16960/224308.BSU16490","physical","txid224308"
"BSU_16960","BSU_00320","Rny","YaaT","BSU_16960","BSU_00320","Rny","RicT","BSU_16960","BSU_00320","subtiwiki","224308.BSU16960/224308.BSU00320","physical","txid224308"
"BSU_00420","BSU_35370","KsgA","CsrA","BSU_00420","csrA","KsgA","CsrA","BSU_00420","BSU_35370","string-db","224308.BSU35370/224308.BSU00420","physical","txid224308"
"BSU_00490","BSU_29740","SpoVG","CcpA","spoVG","ccpA","SpoVG","CcpA","BSU_00490","BSU_29740","string-db","224308.BSU29740/224308.BSU00490","physical","txid224308"
"BSU_00510","BSU_29740","Prs","CcpA","prs","ccpA","Prs","CcpA","BSU_00510","BSU_29740","string-db","224308.BSU29740/224308.BSU00510","physical","txid224308"
"BSU_00510","BSU_24290","Prs","XseB","prs","BSU_24290","Prs","XseB","BSU_00510","BSU_24290","string-db","224308.BSU24290/224308.BSU00510","physical","txid224308"
"BSU_00510","BSU_00470","Prs","PurR","prs","purR","Prs","PurR","BSU_00510","BSU_00470","subtiwiki","224308.BSU00510/224308.BSU00470","physical","txid224308"
"BSU_24290","BSU_41020","XseB","MnmE","BSU_24290","thdF","XseB","ThdF","BSU_24290","BSU_41020","string-db","224308.BSU41020/224308.BSU24290","physical","txid224308"
"BSU_24290","BSU_24300","XseB","XseA","BSU_24290","BSU_24300","XseB","XseA","BSU_24290","BSU_24300","subtiwiki","224308.BSU24300/224308.BSU24290","physical","txid224308"
"BSU_00550","BSU_35160","Mfd","UvrA","BSU_00550","uvrA","Mfd","UvrA","BSU_00550","BSU_35160","subtiwiki","224308.BSU35160/224308.BSU00550","physical","txid224308"
"BSU_00550","BSU_01070","Mfd","RpoB","BSU_00550","rpoB","Mfd","RpoB","BSU_00550","BSU_01070","subtiwiki","224308.BSU00550/224308.BSU01070","physical","txid224308"
"BSU_35160","BSU_35170","UvrA","UvrB","uvrA","uvrB","UvrA","UvrB","BSU_35160","BSU_35170","subtiwiki","224308.BSU35160/224308.BSU35170","physical","txid224308"
"BSU_00590","BSU_01160","HslR","RplC","rqcP","rplC","RqcP","RplC","BSU_00590","BSU_01160","string-db","224308.BSU01160/224308.BSU00590","physical","txid224308"
"BSU_00590","BSU_01230","HslR","RplP","rqcP","rplP","RqcP","RplP","BSU_00590","BSU_01230","string-db","224308.BSU01230/224308.BSU00590","physical","txid224308"
"BSU_00590","BSU_01210","HslR","RplV","rqcP","rplV","RqcP","RplV","BSU_00590","BSU_01210","string-db","224308.BSU01210/224308.BSU00590","physical","txid224308"
"BSU_00590","BSU_28860","HslR","RpmI","rqcP","rpmI","RqcP","RpmI","BSU_00590","BSU_28860","string-db","224308.BSU28860/224308.BSU00590","physical","txid224308"
"BSU_00590","BSU_01260","HslR","RplNA","rqcP","rplN","RqcP","RplN","BSU_00590","BSU_01260","string-db","224308.BSU01260/224308.BSU00590","physical","txid224308"
"BSU_00590","BSU_01280","HslR","RplE","rqcP","rplE","RqcP","RplE","BSU_00590","BSU_01280","string-db","224308.BSU01280/224308.BSU00590","physical","txid224308"
"BSU_00590","BSU_15820","HslR","RpmB","rqcP","rpmB","RqcP","RpmB","BSU_00590","BSU_15820","string-db","224308.BSU15820/224308.BSU00590","physical","txid224308"
"BSU_00590","BSU_15640","HslR","YloA","rqcP","rqcH","RqcP","RqcH","BSU_00590","BSU_15640","subtiwiki","224308.BSU15640/224308.BSU00590","physical","txid224308"
"BSU_00590","BSU_16040","HslR","RplS","rqcP","rplS","RqcP","RplS","BSU_00590","BSU_16040","string-db","224308.BSU16040/224308.BSU00590","physical","txid224308"
"BSU_00590","BSU_01270","HslR","RplX","rqcP","rplX","RqcP","RplX","BSU_00590","BSU_01270","string-db","224308.BSU01270/224308.BSU00590","physical","txid224308"
"BSU_00590","BSU_01180","HslR","RplW","rqcP","rplW","RqcP","RplW","BSU_00590","BSU_01180","string-db","224308.BSU01180/224308.BSU00590","physical","txid224308"
"BSU_00590","BSU_01350","HslR","RplO","rqcP","rplO","RqcP","RplO","BSU_00590","BSU_01350","string-db","224308.BSU01350/224308.BSU00590","physical","txid224308"
"BSU_00590","BSU_28850","HslR","RplT","rqcP","rplT","RqcP","RplT","BSU_00590","BSU_28850","string-db","224308.BSU28850/224308.BSU00590","physical","txid224308"
"BSU_00590","BSU_01320","HslR","RplR","rqcP","rplR","RqcP","RplR","BSU_00590","BSU_01320","string-db","224308.BSU01320/224308.BSU00590","physical","txid224308"
"BSU_00590","BSU_01240","HslR","RpmC","rqcP","rpmC","RqcP","RpmC","BSU_00590","BSU_01240","string-db","224308.BSU01240/224308.BSU00590","physical","txid224308"
"BSU_00590","BSU_01170","HslR","RplD","rqcP","rplD","RqcP","RplD","BSU_00590","BSU_01170","string-db","224308.BSU01170/224308.BSU00590","physical","txid224308"
"BSU_00590","BSU_01190","HslR","RplB","rqcP","rplB","RqcP","RplB","BSU_00590","BSU_01190","string-db","224308.BSU01190/224308.BSU00590","physical","txid224308"
"BSU_00590","BSU_01440","HslR","RplQ","rqcP","rplQ","RqcP","RplQ","BSU_00590","BSU_01440","string-db","224308.BSU01440/224308.BSU00590","physical","txid224308"
"BSU_00590","BSU_27940","HslR","RpmA","rqcP","rpmA","RqcP","RpmA","BSU_00590","BSU_27940","string-db","224308.BSU27940/224308.BSU00590","physical","txid224308"
"BSU_00590","BSU_01400","HslR","RpmJ","rqcP","rpmJ","RqcP","RpmJ","BSU_00590","BSU_01400","string-db","224308.BSU01400/224308.BSU00590","physical","txid224308"
"BSU_00590","BSU_15080","HslR","RpmF","rqcP","rpmF","RqcP","RpmF","BSU_00590","BSU_15080","string-db","224308.BSU15080/224308.BSU00590","physical","txid224308"
"BSU_00590","BSU_01340","HslR","RpmD","rqcP","rpmD","RqcP","RpmD","BSU_00590","BSU_01340","string-db","224308.BSU01340/224308.BSU00590","physical","txid224308"
"BSU_00590","BSU_41060","HslR","RpmH","rqcP","rpmH","RqcP","RpmH","BSU_00590","BSU_41060","string-db","224308.BSU41060/224308.BSU00590","physical","txid224308"
"BSU_00590","BSU_27960","HslR","RplU","rqcP","rplU","RqcP","RplU","BSU_00590","BSU_27960","string-db","224308.BSU27960/224308.BSU00590","physical","txid224308"
"BSU_00590","BSU_01020","HslR","RplK","rqcP","rplK","RqcP","RplK","BSU_00590","BSU_01020","string-db","224308.BSU01020/224308.BSU00590","physical","txid224308"
"BSU_00590","BSU_24900","HslR","RpmGA","rqcP","BSU_24900","RqcP","RpmGA","BSU_00590","BSU_24900","string-db","224308.BSU24900/224308.BSU00590","physical","txid224308"
"BSU_00590","BSU_01040","HslR","RplJ","rqcP","rplJ","RqcP","RplJ","BSU_00590","BSU_01040","string-db","224308.BSU01040/224308.BSU00590","physical","txid224308"
"BSU_00590","BSU_01310","HslR","RplF","rqcP","rplF","RqcP","RplF","BSU_00590","BSU_01310","string-db","224308.BSU01310/224308.BSU00590","physical","txid224308"
"BSU_00590","BSU_01490","HslR","RplM","rqcP","rplM","RqcP","RplM","BSU_00590","BSU_01490","string-db","224308.BSU01490/224308.BSU00590","physical","txid224308"
"BSU_15640","BSU_28850","YloA","RplT","rqcH","rplT","RqcH","RplT","BSU_15640","BSU_28850","string-db","224308.BSU28850/224308.BSU15640","physical","txid224308"
"BSU_15640","BSU_27960","YloA","RplU","rqcH","rplU","RqcH","RplU","BSU_15640","BSU_27960","string-db","224308.BSU27960/224308.BSU15640","physical","txid224308"
"BSU_15640","BSU_24900","YloA","RpmGA","rqcH","BSU_24900","RqcH","RpmGA","BSU_15640","BSU_24900","string-db","224308.BSU24900/224308.BSU15640","physical","txid224308"
"BSU_15640","BSU_27940","YloA","RpmA","rqcH","rpmA","RqcH","RpmA","BSU_15640","BSU_27940","string-db","224308.BSU27940/224308.BSU15640","physical","txid224308"
"BSU_15640","BSU_15820","YloA","RpmB","rqcH","rpmB","RqcH","RpmB","BSU_15640","BSU_15820","string-db","224308.BSU15820/224308.BSU15640","physical","txid224308"
"BSU_15640","BSU_41060","YloA","RpmH","rqcH","rpmH","RqcH","RpmH","BSU_15640","BSU_41060","string-db","224308.BSU41060/224308.BSU15640","physical","txid224308"
"BSU_15640","BSU_28860","YloA","RpmI","rqcH","rpmI","RqcH","RpmI","BSU_15640","BSU_28860","string-db","224308.BSU28860/224308.BSU15640","physical","txid224308"
"BSU_15640","BSU_16040","YloA","RplS","rqcH","rplS","RqcH","RplS","BSU_15640","BSU_16040","string-db","224308.BSU16040/224308.BSU15640","physical","txid224308"
"BSU_27940","BSU_29660","RpmA","RpsD","rpmA","rpsD","RpmA","RpsD","BSU_27940","BSU_29660","string-db","224308.BSU29660/224308.BSU27940","physical","txid224308"
"BSU_27940","BSU_27920","RpmA","Obg","rpmA","obg","RpmA","Obg","BSU_27940","BSU_27920","subtiwiki","224308.BSU27940/224308.BSU27920","physical","txid224308"
"BSU_27940","BSU_04580","RpmA","CshA","rpmA","BSU_04580","RpmA","CshA","BSU_27940","BSU_04580","subtiwiki","224308.BSU27940/224308.BSU04580","physical","txid224308"
"BSU_27940","BSU_00960","RpmA","YacO","rpmA","yacO","RpmA","YacO","BSU_27940","BSU_00960","subtiwiki","224308.BSU27940/224308.BSU00960","physical","txid224308"
"BSU_27940","BSU_00990","RpmA","RpmGB","rpmA","rpmGB","RpmA","RpmGB","BSU_27940","BSU_00990","subtiwiki","224308.BSU27940/224308.BSU00990","physical","txid224308"
"BSU_27940","BSU_30700","RpmA","RpmEB","rpmA","rpmEB","RpmA","RpmEB","BSU_27940","BSU_30700","subtiwiki","224308.BSU27940/224308.BSU30700","physical","txid224308"
"BSU_27940","BSU_01050","RpmA","RplL","rpmA","rplL","RpmA","RplL","BSU_27940","BSU_01050","subtiwiki","224308.BSU27940/224308.BSU01050","physical","txid224308"
"BSU_27940","new_2477758_2477958_c","RpmA","RpmGC","rpmA","rpmGC","RpmA","RpmGC","BSU_27940","new_2477758_2477958_c","subtiwiki","224308.BSU27940/224308.new24777582477958c","physical","txid224308"
"BSU_27940","BSU_40890","RpmA","RpsR","rpmA","rpsR","RpmA","RpsR","BSU_27940","BSU_40890","string-db","224308.BSU40890/224308.BSU27940","physical","txid224308"
"BSU_27940","BSU_28850","RpmA","RplT","rpmA","rplT","RpmA","RplT","BSU_27940","BSU_28850","subtiwiki","224308.BSU27940/224308.BSU28850","physical","txid224308"
"BSU_27940","BSU_28190","RpmA","YsxC","rpmA","ysxC","RpmA","YsxC","BSU_27940","BSU_28190","string-db","224308.BSU28190/224308.BSU27940","physical","txid224308"
"BSU_27940","BSU_28860","RpmA","RpmI","rpmA","rpmI","RpmA","RpmI","BSU_27940","BSU_28860","subtiwiki","224308.BSU27940/224308.BSU28860","physical","txid224308"
"BSU_27940","BSU_40910","RpmA","RpsF","rpmA","rpsF","RpmA","RpsF","BSU_27940","BSU_40910","string-db","224308.BSU40910/224308.BSU27940","physical","txid224308"
"BSU_27940","BSU_37070","RpmA","RpmEA","rpmA","rpmE","RpmA","RpmE","BSU_27940","BSU_37070","subtiwiki","224308.BSU37070/224308.BSU27940","physical","txid224308"
"BSU_27940","BSU_28580","RpmA","MutSB","rpmA","BSU_28580","RpmA","RqcU","BSU_27940","BSU_28580","string-db","224308.BSU28580/224308.BSU27940","physical","txid224308"
"BSU_27940","BSU_41060","RpmA","RpmH","rpmA","rpmH","RpmA","RpmH","BSU_27940","BSU_41060","subtiwiki","224308.BSU27940/224308.BSU41060","physical","txid224308"
"BSU_27940","BSU_27960","RpmA","RplU","rpmA","rplU","RpmA","RplU","BSU_27940","BSU_27960","subtiwiki","224308.BSU27960/224308.BSU27940","physical","txid224308"
"BSU_27940","BSU_35310","RpmA","Hpf","rpmA","hpf","RpmA","Hpf","BSU_27940","BSU_35310","string-db","224308.BSU35310/224308.BSU27940","physical","txid224308"
"BSU_27940","BSU_40500","RpmA","RplI","rpmA","BSU_40500","RpmA","RplI","BSU_27940","BSU_40500","subtiwiki","224308.BSU27940/224308.BSU40500","physical","txid224308"
"BSU_16040","BSU_40910","RplS","RpsF","rplS","rpsF","RplS","RpsF","BSU_16040","BSU_40910","string-db","224308.BSU40910/224308.BSU16040","physical","txid224308"
"BSU_16040","BSU_37120","RplS","FbaA","rplS","BSU_37120","RplS","FbaA","BSU_16040","BSU_37120","subtiwiki","224308.BSU16040/224308.BSU37120","physical","txid224308"
"BSU_16040","BSU_36830","RplS","AtpA","rplS","atpA","RplS","AtpA","BSU_16040","BSU_36830","subtiwiki","224308.BSU16040/224308.BSU36830","physical","txid224308"
"BSU_16040","BSU_23500","RplS","Drm","rplS","drm","RplS","Drm","BSU_16040","BSU_23500","subtiwiki","224308.BSU16040/224308.BSU23500","physical","txid224308"
"BSU_16040","BSU_01130","RplS","TufA","rplS","tufA","RplS","TufA","BSU_16040","BSU_01130","subtiwiki","224308.BSU16040/224308.BSU01130","physical","txid224308"
"BSU_16040","BSU_00990","RplS","RpmGB","rplS","rpmGB","RplS","RpmGB","BSU_16040","BSU_00990","subtiwiki","224308.BSU16040/224308.BSU00990","physical","txid224308"
"BSU_16040","new_2477758_2477958_c","RplS","RpmGC","rplS","rpmGC","RplS","RpmGC","BSU_16040","new_2477758_2477958_c","subtiwiki","224308.BSU16040/224308.new24777582477958c","physical","txid224308"
"BSU_16040","BSU_30700","RplS","RpmEB","rplS","rpmEB","RplS","RpmEB","BSU_16040","BSU_30700","subtiwiki","224308.BSU16040/224308.BSU30700","physical","txid224308"
"BSU_16040","BSU_01050","RplS","RplL","rplS","rplL","RplS","RplL","BSU_16040","BSU_01050","subtiwiki","224308.BSU16040/224308.BSU01050","physical","txid224308"
"BSU_16040","BSU_23880","RplS","MifM","rplS","mifM","RplS","MifM","BSU_16040","BSU_23880","string-db","224308.BSU23880/224308.BSU16040","physical","txid224308"
"BSU_16040","BSU_16680","RplS","RpsO","rplS","rpsO","RplS","RpsO","BSU_16040","BSU_16680","string-db","224308.BSU16680/224308.BSU16040","physical","txid224308"
"BSU_16040","BSU_40500","RplS","RplI","rplS","BSU_40500","RplS","RplI","BSU_16040","BSU_40500","subtiwiki","224308.BSU16040/224308.BSU40500","physical","txid224308"
"BSU_16040","BSU_27940","RplS","RpmA","rplS","rpmA","RplS","RpmA","BSU_16040","BSU_27940","subtiwiki","224308.BSU27940/224308.BSU16040","physical","txid224308"
"BSU_16040","BSU_25410","RplS","RpsU","rplS","BSU_25410","RplS","RpsU","BSU_16040","BSU_25410","string-db","224308.BSU25410/224308.BSU16040","physical","txid224308"
"BSU_16040","BSU_37070","RplS","RpmEA","rplS","rpmE","RplS","RpmE","BSU_16040","BSU_37070","subtiwiki","224308.BSU37070/224308.BSU16040","physical","txid224308"
"BSU_16040","BSU_41060","RplS","RpmH","rplS","rpmH","RplS","RpmH","BSU_16040","BSU_41060","subtiwiki","224308.BSU16040/224308.BSU41060","physical","txid224308"
"BSU_16040","BSU_16490","RplS","RpsB","rplS","rpsB","RplS","RpsB","BSU_16040","BSU_16490","string-db","224308.BSU16490/224308.BSU16040","physical","txid224308"
"BSU_16040","BSU_28860","RplS","RpmI","rplS","rpmI","RplS","RpmI","BSU_16040","BSU_28860","subtiwiki","224308.BSU16040/224308.BSU28860","physical","txid224308"
"BSU_16040","BSU_25550","RplS","RpsT","rplS","BSU_25550","RplS","RpsT","BSU_16040","BSU_25550","string-db","224308.BSU25550/224308.BSU16040","physical","txid224308"
"BSU_16040","BSU_28580","RplS","MutSB","rplS","BSU_28580","RplS","RqcU","BSU_16040","BSU_28580","string-db","224308.BSU28580/224308.BSU16040","physical","txid224308"
"BSU_16040","BSU_35310","RplS","Hpf","rplS","hpf","RplS","Hpf","BSU_16040","BSU_35310","string-db","224308.BSU35310/224308.BSU16040","physical","txid224308"
"BSU_16040","BSU_40890","RplS","RpsR","rplS","rpsR","RplS","RpsR","BSU_16040","BSU_40890","string-db","224308.BSU40890/224308.BSU16040","physical","txid224308"
"BSU_16040","BSU_24900","RplS","RpmGA","rplS","BSU_24900","RplS","RpmGA","BSU_16040","BSU_24900","subtiwiki","224308.BSU16040/224308.BSU24900","physical","txid224308"
"BSU_16040","BSU_28850","RplS","RplT","rplS","rplT","RplS","RplT","BSU_16040","BSU_28850","subtiwiki","224308.BSU16040/224308.BSU28850","physical","txid224308"
"BSU_16040","BSU_16050","RplS","RbgA","rplS","BSU_16050","RplS","RbgA","BSU_16040","BSU_16050","string-db","224308.BSU16050/224308.BSU16040","physical","txid224308"
"BSU_16040","BSU_29660","RplS","RpsD","rplS","rpsD","RplS","RpsD","BSU_16040","BSU_29660","string-db","224308.BSU29660/224308.BSU16040","physical","txid224308"
"BSU_16040","BSU_27600","RplS","Rsh","rplS","BSU_27600","RplS","Rel","BSU_16040","BSU_27600","string-db","224308.BSU27600/224308.BSU16040","physical","txid224308"
"BSU_16040","BSU_27960","RplS","RplU","rplS","rplU","RplS","RplU","BSU_16040","BSU_27960","subtiwiki","224308.BSU27960/224308.BSU16040","physical","txid224308"
"BSU_01280","BSU_35310","RplE","Hpf","rplE","hpf","RplE","Hpf","BSU_01280","BSU_35310","string-db","224308.BSU35310/224308.BSU01280","physical","txid224308"
"BSU_01280","BSU_40890","RplE","RpsR","rplE","rpsR","RplE","RpsR","BSU_01280","BSU_40890","string-db","224308.BSU40890/224308.BSU01280","physical","txid224308"
"BSU_01280","BSU_41060","RplE","RpmH","rplE","rpmH","RplE","RpmH","BSU_01280","BSU_41060","subtiwiki","224308.BSU41060/224308.BSU01280","physical","txid224308"
"BSU_01280","BSU_16680","RplE","RpsO","rplE","rpsO","RplE","RpsO","BSU_01280","BSU_16680","string-db","224308.BSU16680/224308.BSU01280","physical","txid224308"
"BSU_01280","BSU_15980","RplE","Ffh","rplE","ffh","RplE","Ffh","BSU_01280","BSU_15980","string-db","224308.BSU15980/224308.BSU01280","physical","txid224308"
"BSU_01280","BSU_15640","RplE","YloA","rplE","rqcH","RplE","RqcH","BSU_01280","BSU_15640","string-db","224308.BSU15640/224308.BSU01280","physical","txid224308"
"BSU_01280","BSU_16050","RplE","RbgA","rplE","BSU_16050","RplE","RbgA","BSU_01280","BSU_16050","string-db","224308.BSU16050/224308.BSU01280","physical","txid224308"
"BSU_01280","BSU_28580","RplE","MutSB","rplE","BSU_28580","RplE","RqcU","BSU_01280","BSU_28580","string-db","224308.BSU28580/224308.BSU01280","physical","txid224308"
"BSU_01280","BSU_01500","RplE","RpsI","rplE","rpsI","RplE","RpsI","BSU_01280","BSU_01500","string-db","224308.BSU01500/224308.BSU01280","physical","txid224308"
"BSU_01280","BSU_25410","RplE","RpsU","rplE","BSU_25410","RplE","RpsU","BSU_01280","BSU_25410","string-db","224308.BSU25410/224308.BSU01280","physical","txid224308"
"BSU_01280","BSU_15820","RplE","RpmB","rplE","rpmB","RplE","RpmB","BSU_01280","BSU_15820","subtiwiki","224308.BSU15820/224308.BSU01280","physical","txid224308"
"BSU_01280","BSU_40500","RplE","RplI","rplE","BSU_40500","RplE","RplI","BSU_01280","BSU_40500","subtiwiki","224308.BSU40500/224308.BSU01280","physical","txid224308"
"BSU_01280","BSU_27960","RplE","RplU","rplE","rplU","RplE","RplU","BSU_01280","BSU_27960","subtiwiki","224308.BSU27960/224308.BSU01280","physical","txid224308"
"BSU_01280","BSU_01330","RplE","RpsE","rplE","rpsE","RplE","RpsE","BSU_01280","BSU_01330","string-db","224308.BSU01330/224308.BSU01280","physical","txid224308"
"BSU_01280","BSU_01490","RplE","RplM","rplE","rplM","RplE","RplM","BSU_01280","BSU_01490","subtiwiki","224308.BSU01490/224308.BSU01280","physical","txid224308"
"BSU_01280","BSU_25550","RplE","RpsT","rplE","BSU_25550","RplE","RpsT","BSU_01280","BSU_25550","string-db","224308.BSU25550/224308.BSU01280","physical","txid224308"
"BSU_01280","BSU_01310","RplE","RplF","rplE","rplF","RplE","RplF","BSU_01280","BSU_01310","subtiwiki","224308.BSU01310/224308.BSU01280","physical","txid224308"
"BSU_01280","BSU_40910","RplE","RpsF","rplE","rpsF","RplE","RpsF","BSU_01280","BSU_40910","string-db","224308.BSU40910/224308.BSU01280","physical","txid224308"
"BSU_01280","BSU_01420","RplE","RpsK","rplE","rpsK","RplE","RpsK","BSU_01280","BSU_01420","string-db","224308.BSU01420/224308.BSU01280","physical","txid224308"
"BSU_01280","BSU_28850","RplE","RplT","rplE","rplT","RplE","RplT","BSU_01280","BSU_28850","subtiwiki","224308.BSU28850/224308.BSU01280","physical","txid224308"
"BSU_01280","BSU_01440","RplE","RplQ","rplE","rplQ","RplE","RplQ","BSU_01280","BSU_01440","subtiwiki","224308.BSU01440/224308.BSU01280","physical","txid224308"
"BSU_01280","BSU_29660","RplE","RpsD","rplE","rpsD","RplE","RpsD","BSU_01280","BSU_29660","string-db","224308.BSU29660/224308.BSU01280","physical","txid224308"
"BSU_01280","BSU_37070","RplE","RpmEA","rplE","rpmE","RplE","RpmE","BSU_01280","BSU_37070","subtiwiki","224308.BSU37070/224308.BSU01280","physical","txid224308"
"BSU_01280","BSU_01290","RplE","RpsNA","rplE","rpsN","RplE","RpsN","BSU_01280","BSU_01290","string-db","224308.BSU01290/224308.BSU01280","physical","txid224308"
"BSU_01280","BSU_23880","RplE","MifM","rplE","mifM","RplE","MifM","BSU_01280","BSU_23880","string-db","224308.BSU23880/224308.BSU01280","physical","txid224308"
"BSU_01280","BSU_16040","RplE","RplS","rplE","rplS","RplE","RplS","BSU_01280","BSU_16040","subtiwiki","224308.BSU16040/224308.BSU01280","physical","txid224308"
"BSU_01280","BSU_01350","RplE","RplO","rplE","rplO","RplE","RplO","BSU_01280","BSU_01350","subtiwiki","224308.BSU01350/224308.BSU01280","physical","txid224308"
"BSU_01280","BSU_01340","RplE","RpmD","rplE","rpmD","RplE","RpmD","BSU_01280","BSU_01340","subtiwiki","224308.BSU01340/224308.BSU01280","physical","txid224308"
"BSU_01280","BSU_05610","RplE","VmlR","rplE","vmlR","RplE","VmlR","BSU_01280","BSU_05610","string-db","224308.BSU05610/224308.BSU01280","physical","txid224308"
"BSU_01280","BSU_16490","RplE","RpsB","rplE","rpsB","RplE","RpsB","BSU_01280","BSU_16490","string-db","224308.BSU16490/224308.BSU01280","physical","txid224308"
"BSU_01280","BSU_01400","RplE","RpmJ","rplE","rpmJ","RplE","RpmJ","BSU_01280","BSU_01400","subtiwiki","224308.BSU01280/224308.BSU01400","physical","txid224308"
"BSU_01280","BSU_01300","RplE","RpsH","rplE","rpsH","RplE","RpsH","BSU_01280","BSU_01300","string-db","224308.BSU01300/224308.BSU01280","physical","txid224308"
"BSU_01280","BSU_15080","RplE","RpmF","rplE","rpmF","RplE","RpmF","BSU_01280","BSU_15080","subtiwiki","224308.BSU15080/224308.BSU01280","physical","txid224308"
"BSU_01280","BSU_27600","RplE","Rsh","rplE","BSU_27600","RplE","Rel","BSU_01280","BSU_27600","string-db","224308.BSU27600/224308.BSU01280","physical","txid224308"
"BSU_01280","BSU_01410","RplE","RpsM","rplE","rpsM","RplE","RpsM","BSU_01280","BSU_01410","subtiwiki","224308.BSU01410/224308.BSU01280","physical","txid224308"
"BSU_01280","BSU_15990","RplE","RpsP","rplE","rpsP","RplE","RpsP","BSU_01280","BSU_15990","string-db","224308.BSU15990/224308.BSU01280","physical","txid224308"
"BSU_01280","BSU_01320","RplE","RplR","rplE","rplR","RplE","RplR","BSU_01280","BSU_01320","subtiwiki","224308.BSU01320/224308.BSU01280","physical","txid224308"
"BSU_01280","BSU_27940","RplE","RpmA","rplE","rpmA","RplE","RpmA","BSU_01280","BSU_27940","subtiwiki","224308.BSU27940/224308.BSU01280","physical","txid224308"
"BSU_01280","BSU_24900","RplE","RpmGA","rplE","BSU_24900","RplE","RpmGA","BSU_01280","BSU_24900","subtiwiki","224308.BSU24900/224308.BSU01280","physical","txid224308"
"BSU_01280","BSU_28860","RplE","RpmI","rplE","rpmI","RplE","RpmI","BSU_01280","BSU_28860","subtiwiki","224308.BSU28860/224308.BSU01280","physical","txid224308"
"BSU_15820","BSU_40500","RpmB","RplI","rpmB","BSU_40500","RpmB","RplI","BSU_15820","BSU_40500","subtiwiki","224308.BSU40500/224308.BSU15820","physical","txid224308"
"BSU_15820","BSU_00990","RpmB","RpmGB","rpmB","rpmGB","RpmB","RpmGB","BSU_15820","BSU_00990","subtiwiki","224308.BSU15820/224308.BSU00990","physical","txid224308"
"BSU_15820","BSU_01050","RpmB","RplL","rpmB","rplL","RpmB","RplL","BSU_15820","BSU_01050","subtiwiki","224308.BSU15820/224308.BSU01050","physical","txid224308"
"BSU_15820","BSU_30700","RpmB","RpmEB","rpmB","rpmEB","RpmB","RpmEB","BSU_15820","BSU_30700","subtiwiki","224308.BSU15820/224308.BSU30700","physical","txid224308"
"BSU_15820","BSU_16490","RpmB","RpsB","rpmB","rpsB","RpmB","RpsB","BSU_15820","BSU_16490","string-db","224308.BSU16490/224308.BSU15820","physical","txid224308"
"BSU_15820","BSU_16680","RpmB","RpsO","rpmB","rpsO","RpmB","RpsO","BSU_15820","BSU_16680","string-db","224308.BSU16680/224308.BSU15820","physical","txid224308"
"BSU_15820","BSU_28860","RpmB","RpmI","rpmB","rpmI","RpmB","RpmI","BSU_15820","BSU_28860","subtiwiki","224308.BSU28860/224308.BSU15820","physical","txid224308"
"BSU_15820","BSU_29660","RpmB","RpsD","rpmB","rpsD","RpmB","RpsD","BSU_15820","BSU_29660","string-db","224308.BSU29660/224308.BSU15820","physical","txid224308"
"BSU_15820","BSU_24900","RpmB","RpmGA","rpmB","BSU_24900","RpmB","RpmGA","BSU_15820","BSU_24900","subtiwiki","224308.BSU15820/224308.BSU24900","physical","txid224308"
"BSU_15820","BSU_40910","RpmB","RpsF","rpmB","rpsF","RpmB","RpsF","BSU_15820","BSU_40910","string-db","224308.BSU40910/224308.BSU15820","physical","txid224308"
"BSU_15820","BSU_27940","RpmB","RpmA","rpmB","rpmA","RpmB","RpmA","BSU_15820","BSU_27940","subtiwiki","224308.BSU27940/224308.BSU15820","physical","txid224308"
"BSU_15820","BSU_27960","RpmB","RplU","rpmB","rplU","RpmB","RplU","BSU_15820","BSU_27960","subtiwiki","224308.BSU27960/224308.BSU15820","physical","txid224308"
"BSU_15820","BSU_15980","RpmB","Ffh","rpmB","ffh","RpmB","Ffh","BSU_15820","BSU_15980","string-db","224308.BSU15980/224308.BSU15820","physical","txid224308"
"BSU_15820","BSU_40890","RpmB","RpsR","rpmB","rpsR","RpmB","RpsR","BSU_15820","BSU_40890","string-db","224308.BSU40890/224308.BSU15820","physical","txid224308"
"BSU_15820","BSU_41060","RpmB","RpmH","rpmB","rpmH","RpmB","RpmH","BSU_15820","BSU_41060","subtiwiki","224308.BSU15820/224308.BSU41060","physical","txid224308"
"BSU_15820","BSU_28850","RpmB","RplT","rpmB","rplT","RpmB","RplT","BSU_15820","BSU_28850","subtiwiki","224308.BSU28850/224308.BSU15820","physical","txid224308"
"BSU_15820","BSU_35310","RpmB","Hpf","rpmB","hpf","RpmB","Hpf","BSU_15820","BSU_35310","string-db","224308.BSU35310/224308.BSU15820","physical","txid224308"
"BSU_15820","BSU_15990","RpmB","RpsP","rpmB","rpsP","RpmB","RpsP","BSU_15820","BSU_15990","string-db","224308.BSU15990/224308.BSU15820","physical","txid224308"
"BSU_15820","BSU_16040","RpmB","RplS","rpmB","rplS","RpmB","RplS","BSU_15820","BSU_16040","subtiwiki","224308.BSU16040/224308.BSU15820","physical","txid224308"
"BSU_15820","BSU_27600","RpmB","Rsh","rpmB","BSU_27600","RpmB","Rel","BSU_15820","BSU_27600","string-db","224308.BSU27600/224308.BSU15820","physical","txid224308"
"BSU_15820","BSU_28580","RpmB","MutSB","rpmB","BSU_28580","RpmB","RqcU","BSU_15820","BSU_28580","string-db","224308.BSU28580/224308.BSU15820","physical","txid224308"
"BSU_15820","BSU_23880","RpmB","MifM","rpmB","mifM","RpmB","MifM","BSU_15820","BSU_23880","string-db","224308.BSU23880/224308.BSU15820","physical","txid224308"
"BSU_15820","BSU_25550","RpmB","RpsT","rpmB","BSU_25550","RpmB","RpsT","BSU_15820","BSU_25550","string-db","224308.BSU25550/224308.BSU15820","physical","txid224308"
"BSU_15820","BSU_25410","RpmB","RpsU","rpmB","BSU_25410","RpmB","RpsU","BSU_15820","BSU_25410","string-db","224308.BSU25410/224308.BSU15820","physical","txid224308"
"BSU_15820","BSU_37070","RpmB","RpmEA","rpmB","rpmE","RpmB","RpmE","BSU_15820","BSU_37070","subtiwiki","224308.BSU37070/224308.BSU15820","physical","txid224308"
"BSU_01240","BSU_01410","RpmC","RpsM","rpmC","rpsM","RpmC","RpsM","BSU_01240","BSU_01410","string-db","224308.BSU01410/224308.BSU01240","physical","txid224308"
"BSU_01240","BSU_29130","RpmC","Icd","rpmC","icd","RpmC","Icd","BSU_01240","BSU_29130","subtiwiki","224308.BSU01240/224308.BSU29130","physical","txid224308"
"BSU_01240","BSU_00990","RpmC","RpmGB","rpmC","rpmGB","RpmC","RpmGB","BSU_01240","BSU_00990","subtiwiki","224308.BSU01240/224308.BSU00990","physical","txid224308"
"BSU_01240","BSU_01050","RpmC","RplL","rpmC","rplL","RpmC","RplL","BSU_01240","BSU_01050","subtiwiki","224308.BSU01240/224308.BSU01050","physical","txid224308"
"BSU_01240","new_2477758_2477958_c","RpmC","RpmGC","rpmC","rpmGC","RpmC","RpmGC","BSU_01240","new_2477758_2477958_c","subtiwiki","224308.BSU01240/224308.new24777582477958c","physical","txid224308"
"BSU_01240","BSU_30700","RpmC","RpmEB","rpmC","rpmEB","RpmC","RpmEB","BSU_01240","BSU_30700","subtiwiki","224308.BSU01240/224308.BSU30700","physical","txid224308"
"BSU_01240","BSU_28230","RpmC","Tig","rpmC","tig","RpmC","Tig","BSU_01240","BSU_28230","subtiwiki","224308.BSU01240/224308.BSU28230","physical","txid224308"
"BSU_01240","BSU_01270","RpmC","RplX","rpmC","rplX","RpmC","RplX","BSU_01240","BSU_01270","subtiwiki","224308.BSU01240/224308.BSU01270","physical","txid224308"
"BSU_01240","BSU_28850","RpmC","RplT","rpmC","rplT","RpmC","RplT","BSU_01240","BSU_28850","subtiwiki","224308.BSU01240/224308.BSU28850","physical","txid224308"
"BSU_01240","BSU_01310","RpmC","RplF","rpmC","rplF","RpmC","RplF","BSU_01240","BSU_01310","subtiwiki","224308.BSU01310/224308.BSU01240","physical","txid224308"
"BSU_01240","BSU_15080","RpmC","RpmF","rpmC","rpmF","RpmC","RpmF","BSU_01240","BSU_15080","subtiwiki","224308.BSU01240/224308.BSU15080","physical","txid224308"
"BSU_01240","BSU_35310","RpmC","Hpf","rpmC","hpf","RpmC","Hpf","BSU_01240","BSU_35310","string-db","224308.BSU35310/224308.BSU01240","physical","txid224308"
"BSU_01240","BSU_01290","RpmC","RpsNA","rpmC","rpsN","RpmC","RpsN","BSU_01240","BSU_01290","string-db","224308.BSU01290/224308.BSU01240","physical","txid224308"
"BSU_01240","BSU_23880","RpmC","MifM","rpmC","mifM","RpmC","MifM","BSU_01240","BSU_23880","string-db","224308.BSU23880/224308.BSU01240","physical","txid224308"
"BSU_01240","BSU_16040","RpmC","RplS","rpmC","rplS","RpmC","RplS","BSU_01240","BSU_16040","subtiwiki","224308.BSU01240/224308.BSU16040","physical","txid224308"
"BSU_01240","BSU_01280","RpmC","RplE","rpmC","rplE","RpmC","RplE","BSU_01240","BSU_01280","subtiwiki","224308.BSU01240/224308.BSU01280","physical","txid224308"
"BSU_01240","BSU_25550","RpmC","RpsT","rpmC","BSU_25550","RpmC","RpsT","BSU_01240","BSU_25550","string-db","224308.BSU25550/224308.BSU01240","physical","txid224308"
"BSU_01240","BSU_28580","RpmC","MutSB","rpmC","BSU_28580","RpmC","RqcU","BSU_01240","BSU_28580","string-db","224308.BSU28580/224308.BSU01240","physical","txid224308"
"BSU_01240","BSU_27960","RpmC","RplU","rpmC","rplU","RpmC","RplU","BSU_01240","BSU_27960","subtiwiki","224308.BSU27960/224308.BSU01240","physical","txid224308"
"BSU_01240","BSU_01330","RpmC","RpsE","rpmC","rpsE","RpmC","RpsE","BSU_01240","BSU_01330","string-db","224308.BSU01330/224308.BSU01240","physical","txid224308"
"BSU_01240","BSU_27600","RpmC","Rsh","rpmC","BSU_27600","RpmC","Rel","BSU_01240","BSU_27600","string-db","224308.BSU27600/224308.BSU01240","physical","txid224308"
"BSU_01240","BSU_01420","RpmC","RpsK","rpmC","rpsK","RpmC","RpsK","BSU_01240","BSU_01420","string-db","224308.BSU01420/224308.BSU01240","physical","txid224308"
"BSU_01240","BSU_16050","RpmC","RbgA","rpmC","BSU_16050","RpmC","RbgA","BSU_01240","BSU_16050","string-db","224308.BSU16050/224308.BSU01240","physical","txid224308"
"BSU_01240","BSU_40500","RpmC","RplI","rpmC","BSU_40500","RpmC","RplI","BSU_01240","BSU_40500","subtiwiki","224308.BSU01240/224308.BSU40500","physical","txid224308"
"BSU_01240","BSU_27940","RpmC","RpmA","rpmC","rpmA","RpmC","RpmA","BSU_01240","BSU_27940","subtiwiki","224308.BSU27940/224308.BSU01240","physical","txid224308"
"BSU_01240","BSU_15820","RpmC","RpmB","rpmC","rpmB","RpmC","RpmB","BSU_01240","BSU_15820","subtiwiki","224308.BSU01240/224308.BSU15820","physical","txid224308"
"BSU_01240","BSU_01340","RpmC","RpmD","rpmC","rpmD","RpmC","RpmD","BSU_01240","BSU_01340","subtiwiki","224308.BSU01240/224308.BSU01340","physical","txid224308"
"BSU_01240","BSU_16490","RpmC","RpsB","rpmC","rpsB","RpmC","RpsB","BSU_01240","BSU_16490","string-db","224308.BSU16490/224308.BSU01240","physical","txid224308"
"BSU_01240","BSU_01260","RpmC","RplNA","rpmC","rplN","RpmC","RplN","BSU_01240","BSU_01260","subtiwiki","224308.BSU01260/224308.BSU01240","physical","txid224308"
"BSU_01240","BSU_01490","RpmC","RplM","rpmC","rplM","RpmC","RplM","BSU_01240","BSU_01490","subtiwiki","224308.BSU01240/224308.BSU01490","physical","txid224308"
"BSU_01240","BSU_01250","RpmC","RpsQ","rpmC","rpsQ","RpmC","RpsQ","BSU_01240","BSU_01250","string-db","224308.BSU01250/224308.BSU01240","physical","txid224308"
"BSU_01240","BSU_05610","RpmC","VmlR","rpmC","vmlR","RpmC","VmlR","BSU_01240","BSU_05610","string-db","224308.BSU05610/224308.BSU01240","physical","txid224308"
"BSU_01240","BSU_25410","RpmC","RpsU","rpmC","BSU_25410","RpmC","RpsU","BSU_01240","BSU_25410","subtiwiki","224308.BSU01240/224308.BSU25410","physical","txid224308"
"BSU_01240","BSU_40890","RpmC","RpsR","rpmC","rpsR","RpmC","RpsR","BSU_01240","BSU_40890","subtiwiki","224308.BSU01240/224308.BSU40890","physical","txid224308"
"BSU_01240","BSU_01300","RpmC","RpsH","rpmC","rpsH","RpmC","RpsH","BSU_01240","BSU_01300","string-db","224308.BSU01300/224308.BSU01240","physical","txid224308"
"BSU_01240","BSU_15640","RpmC","YloA","rpmC","rqcH","RpmC","RqcH","BSU_01240","BSU_15640","string-db","224308.BSU15640/224308.BSU01240","physical","txid224308"
"BSU_01240","BSU_15980","RpmC","Ffh","rpmC","ffh","RpmC","Ffh","BSU_01240","BSU_15980","string-db","224308.BSU15980/224308.BSU01240","physical","txid224308"
"BSU_01240","BSU_28860","RpmC","RpmI","rpmC","rpmI","RpmC","RpmI","BSU_01240","BSU_28860","subtiwiki","224308.BSU01240/224308.BSU28860","physical","txid224308"
"BSU_01240","BSU_24900","RpmC","RpmGA","rpmC","BSU_24900","RpmC","RpmGA","BSU_01240","BSU_24900","subtiwiki","224308.BSU01240/224308.BSU24900","physical","txid224308"
"BSU_01240","BSU_01500","RpmC","RpsI","rpmC","rpsI","RpmC","RpsI","BSU_01240","BSU_01500","string-db","224308.BSU01500/224308.BSU01240","physical","txid224308"
"BSU_01240","BSU_15990","RpmC","RpsP","rpmC","rpsP","RpmC","RpsP","BSU_01240","BSU_15990","string-db","224308.BSU15990/224308.BSU01240","physical","txid224308"
"BSU_01240","BSU_01440","RpmC","RplQ","rpmC","rplQ","RpmC","RplQ","BSU_01240","BSU_01440","subtiwiki","224308.BSU01440/224308.BSU01240","physical","txid224308"
"BSU_01240","BSU_37070","RpmC","RpmEA","rpmC","rpmE","RpmC","RpmE","BSU_01240","BSU_37070","subtiwiki","224308.BSU37070/224308.BSU01240","physical","txid224308"
"BSU_01240","BSU_40910","RpmC","RpsF","rpmC","rpsF","RpmC","RpsF","BSU_01240","BSU_40910","string-db","224308.BSU40910/224308.BSU01240","physical","txid224308"
"BSU_01240","BSU_29660","RpmC","RpsD","rpmC","rpsD","RpmC","RpsD","BSU_01240","BSU_29660","string-db","224308.BSU29660/224308.BSU01240","physical","txid224308"
"BSU_01240","BSU_41060","RpmC","RpmH","rpmC","rpmH","RpmC","RpmH","BSU_01240","BSU_41060","subtiwiki","224308.BSU01240/224308.BSU41060","physical","txid224308"
"BSU_01240","BSU_01400","RpmC","RpmJ","rpmC","rpmJ","RpmC","RpmJ","BSU_01240","BSU_01400","subtiwiki","224308.BSU01240/224308.BSU01400","physical","txid224308"
"BSU_01240","BSU_16680","RpmC","RpsO","rpmC","rpsO","RpmC","RpsO","BSU_01240","BSU_16680","string-db","224308.BSU16680/224308.BSU01240","physical","txid224308"
"BSU_01240","BSU_01350","RpmC","RplO","rpmC","rplO","RpmC","RplO","BSU_01240","BSU_01350","subtiwiki","224308.BSU01240/224308.BSU01350","physical","txid224308"
"BSU_01240","BSU_01320","RpmC","RplR","rpmC","rplR","RpmC","RplR","BSU_01240","BSU_01320","subtiwiki","224308.BSU01240/224308.BSU01320","physical","txid224308"
"BSU_28860","BSU_40500","RpmI","RplI","rpmI","BSU_40500","RpmI","RplI","BSU_28860","BSU_40500","subtiwiki","224308.BSU40500/224308.BSU28860","physical","txid224308"
"BSU_28860","BSU_00990","RpmI","RpmGB","rpmI","rpmGB","RpmI","RpmGB","BSU_28860","BSU_00990","subtiwiki","224308.BSU28860/224308.BSU00990","physical","txid224308"
"BSU_28860","BSU_30700","RpmI","RpmEB","rpmI","rpmEB","RpmI","RpmEB","BSU_28860","BSU_30700","subtiwiki","224308.BSU28860/224308.BSU30700","physical","txid224308"
"BSU_28860","BSU_01050","RpmI","RplL","rpmI","rplL","RpmI","RplL","BSU_28860","BSU_01050","subtiwiki","224308.BSU28860/224308.BSU01050","physical","txid224308"
"BSU_28860","BSU_41060","RpmI","RpmH","rpmI","rpmH","RpmI","RpmH","BSU_28860","BSU_41060","subtiwiki","224308.BSU28860/224308.BSU41060","physical","txid224308"
"BSU_28860","BSU_40890","RpmI","RpsR","rpmI","rpsR","RpmI","RpsR","BSU_28860","BSU_40890","string-db","224308.BSU40890/224308.BSU28860","physical","txid224308"
"BSU_28860","BSU_29660","RpmI","RpsD","rpmI","rpsD","RpmI","RpsD","BSU_28860","BSU_29660","string-db","224308.BSU29660/224308.BSU28860","physical","txid224308"
"BSU_28860","BSU_40910","RpmI","RpsF","rpmI","rpsF","RpmI","RpsF","BSU_28860","BSU_40910","string-db","224308.BSU40910/224308.BSU28860","physical","txid224308"
"BSU_28860","BSU_37070","RpmI","RpmEA","rpmI","rpmE","RpmI","RpmE","BSU_28860","BSU_37070","subtiwiki","224308.BSU37070/224308.BSU28860","physical","txid224308"
"BSU_28860","BSU_35310","RpmI","Hpf","rpmI","hpf","RpmI","Hpf","BSU_28860","BSU_35310","string-db","224308.BSU35310/224308.BSU28860","physical","txid224308"
"BSU_01230","BSU_01310","RplP","RplF","rplP","rplF","RplP","RplF","BSU_01230","BSU_01310","subtiwiki","224308.BSU01310/224308.BSU01230","physical","txid224308"
"BSU_01230","BSU_30700","RplP","RpmEB","rplP","rpmEB","RplP","RpmEB","BSU_01230","BSU_30700","subtiwiki","224308.BSU01230/224308.BSU30700","physical","txid224308"
"BSU_01230","BSU_01050","RplP","RplL","rplP","rplL","RplP","RplL","BSU_01230","BSU_01050","subtiwiki","224308.BSU01230/224308.BSU01050","physical","txid224308"
"BSU_01230","BSU_16680","RplP","RpsO","rplP","rpsO","RplP","RpsO","BSU_01230","BSU_16680","string-db","224308.BSU16680/224308.BSU01230","physical","txid224308"
"BSU_01230","BSU_25410","RplP","RpsU","rplP","BSU_25410","RplP","RpsU","BSU_01230","BSU_25410","string-db","224308.BSU25410/224308.BSU01230","physical","txid224308"
"BSU_01230","BSU_28850","RplP","RplT","rplP","rplT","RplP","RplT","BSU_01230","BSU_28850","subtiwiki","224308.BSU28850/224308.BSU01230","physical","txid224308"
"BSU_01230","BSU_01320","RplP","RplR","rplP","rplR","RplP","RplR","BSU_01230","BSU_01320","subtiwiki","224308.BSU01320/224308.BSU01230","physical","txid224308"
"BSU_01230","BSU_27960","RplP","RplU","rplP","rplU","RplP","RplU","BSU_01230","BSU_27960","subtiwiki","224308.BSU27960/224308.BSU01230","physical","txid224308"
"BSU_01230","BSU_28580","RplP","MutSB","rplP","BSU_28580","RplP","RqcU","BSU_01230","BSU_28580","string-db","224308.BSU28580/224308.BSU01230","physical","txid224308"
"BSU_01230","BSU_01260","RplP","RplNA","rplP","rplN","RplP","RplN","BSU_01230","BSU_01260","subtiwiki","224308.BSU01260/224308.BSU01230","physical","txid224308"
"BSU_01230","BSU_01440","RplP","RplQ","rplP","rplQ","RplP","RplQ","BSU_01230","BSU_01440","subtiwiki","224308.BSU01440/224308.BSU01230","physical","txid224308"
"BSU_01230","BSU_16490","RplP","RpsB","rplP","rpsB","RplP","RpsB","BSU_01230","BSU_16490","string-db","224308.BSU16490/224308.BSU01230","physical","txid224308"
"BSU_01230","BSU_25550","RplP","RpsT","rplP","BSU_25550","RplP","RpsT","BSU_01230","BSU_25550","string-db","224308.BSU25550/224308.BSU01230","physical","txid224308"
"BSU_01230","BSU_27600","RplP","Rsh","rplP","BSU_27600","RplP","Rel","BSU_01230","BSU_27600","string-db","224308.BSU27600/224308.BSU01230","physical","txid224308"
"BSU_01230","BSU_37070","RplP","RpmEA","rplP","rpmE","RplP","RpmE","BSU_01230","BSU_37070","subtiwiki","224308.BSU37070/224308.BSU01230","physical","txid224308"
"BSU_01230","BSU_01410","RplP","RpsM","rplP","rpsM","RplP","RpsM","BSU_01230","BSU_01410","string-db","224308.BSU01410/224308.BSU01230","physical","txid224308"
"BSU_01230","BSU_24900","RplP","RpmGA","rplP","BSU_24900","RplP","RpmGA","BSU_01230","BSU_24900","subtiwiki","224308.BSU01230/224308.BSU24900","physical","txid224308"
"BSU_01230","BSU_01350","RplP","RplO","rplP","rplO","RplP","RplO","BSU_01230","BSU_01350","subtiwiki","224308.BSU01350/224308.BSU01230","physical","txid224308"
"BSU_01230","BSU_01290","RplP","RpsNA","rplP","rpsN","RplP","RpsN","BSU_01230","BSU_01290","string-db","224308.BSU01290/224308.BSU01230","physical","txid224308"
"BSU_01230","BSU_01490","RplP","RplM","rplP","rplM","RplP","RplM","BSU_01230","BSU_01490","subtiwiki","224308.BSU01490/224308.BSU01230","physical","txid224308"
"BSU_01230","BSU_01330","RplP","RpsE","rplP","rpsE","RplP","RpsE","BSU_01230","BSU_01330","string-db","224308.BSU01330/224308.BSU01230","physical","txid224308"
"BSU_01230","BSU_15980","RplP","Ffh","rplP","ffh","RplP","Ffh","BSU_01230","BSU_15980","string-db","224308.BSU15980/224308.BSU01230","physical","txid224308"
"BSU_01230","BSU_01340","RplP","RpmD","rplP","rpmD","RplP","RpmD","BSU_01230","BSU_01340","subtiwiki","224308.BSU01340/224308.BSU01230","physical","txid224308"
"BSU_01230","BSU_01250","RplP","RpsQ","rplP","rpsQ","RplP","RpsQ","BSU_01230","BSU_01250","string-db","224308.BSU01250/224308.BSU01230","physical","txid224308"
"BSU_01230","BSU_29660","RplP","RpsD","rplP","rpsD","RplP","RpsD","BSU_01230","BSU_29660","string-db","224308.BSU29660/224308.BSU01230","physical","txid224308"
"BSU_01230","BSU_27940","RplP","RpmA","rplP","rpmA","RplP","RpmA","BSU_01230","BSU_27940","subtiwiki","224308.BSU27940/224308.BSU01230","physical","txid224308"
"BSU_01230","BSU_01500","RplP","RpsI","rplP","rpsI","RplP","RpsI","BSU_01230","BSU_01500","string-db","224308.BSU01500/224308.BSU01230","physical","txid224308"
"BSU_01230","BSU_01240","RplP","RpmC","rplP","rpmC","RplP","RpmC","BSU_01230","BSU_01240","subtiwiki","224308.BSU01240/224308.BSU01230","physical","txid224308"
"BSU_01230","BSU_15080","RplP","RpmF","rplP","rpmF","RplP","RpmF","BSU_01230","BSU_15080","subtiwiki","224308.BSU15080/224308.BSU01230","physical","txid224308"
"BSU_01230","BSU_01420","RplP","RpsK","rplP","rpsK","RplP","RpsK","BSU_01230","BSU_01420","string-db","224308.BSU01420/224308.BSU01230","physical","txid224308"
"BSU_01230","BSU_01280","RplP","RplE","rplP","rplE","RplP","RplE","BSU_01230","BSU_01280","subtiwiki","224308.BSU01230/224308.BSU01280","physical","txid224308"
"BSU_01230","BSU_35310","RplP","Hpf","rplP","hpf","RplP","Hpf","BSU_01230","BSU_35310","string-db","224308.BSU35310/224308.BSU01230","physical","txid224308"
"BSU_01230","BSU_15990","RplP","RpsP","rplP","rpsP","RplP","RpsP","BSU_01230","BSU_15990","string-db","224308.BSU15990/224308.BSU01230","physical","txid224308"
"BSU_01230","BSU_40890","RplP","RpsR","rplP","rpsR","RplP","RpsR","BSU_01230","BSU_40890","string-db","224308.BSU40890/224308.BSU01230","physical","txid224308"
"BSU_01230","BSU_01300","RplP","RpsH","rplP","rpsH","RplP","RpsH","BSU_01230","BSU_01300","string-db","224308.BSU01300/224308.BSU01230","physical","txid224308"
"BSU_01230","BSU_15640","RplP","YloA","rplP","rqcH","RplP","RqcH","BSU_01230","BSU_15640","string-db","224308.BSU15640/224308.BSU01230","physical","txid224308"
"BSU_01230","BSU_28860","RplP","RpmI","rplP","rpmI","RplP","RpmI","BSU_01230","BSU_28860","subtiwiki","224308.BSU28860/224308.BSU01230","physical","txid224308"
"BSU_01230","BSU_41060","RplP","RpmH","rplP","rpmH","RplP","RpmH","BSU_01230","BSU_41060","subtiwiki","224308.BSU01230/224308.BSU41060","physical","txid224308"
"BSU_01230","BSU_01270","RplP","RplX","rplP","rplX","RplP","RplX","BSU_01230","BSU_01270","subtiwiki","224308.BSU01270/224308.BSU01230","physical","txid224308"
"BSU_01230","BSU_40500","RplP","RplI","rplP","BSU_40500","RplP","RplI","BSU_01230","BSU_40500","subtiwiki","224308.BSU40500/224308.BSU01230","physical","txid224308"
"BSU_01230","BSU_40910","RplP","RpsF","rplP","rpsF","RplP","RpsF","BSU_01230","BSU_40910","string-db","224308.BSU40910/224308.BSU01230","physical","txid224308"
"BSU_01230","BSU_01400","RplP","RpmJ","rplP","rpmJ","RplP","RpmJ","BSU_01230","BSU_01400","subtiwiki","224308.BSU01230/224308.BSU01400","physical","txid224308"
"BSU_01230","BSU_15820","RplP","RpmB","rplP","rpmB","RplP","RpmB","BSU_01230","BSU_15820","subtiwiki","224308.BSU15820/224308.BSU01230","physical","txid224308"
"BSU_01230","BSU_23880","RplP","MifM","rplP","mifM","RplP","MifM","BSU_01230","BSU_23880","string-db","224308.BSU23880/224308.BSU01230","physical","txid224308"
"BSU_01230","BSU_05610","RplP","VmlR","rplP","vmlR","RplP","VmlR","BSU_01230","BSU_05610","string-db","224308.BSU05610/224308.BSU01230","physical","txid224308"
"BSU_01230","BSU_16040","RplP","RplS","rplP","rplS","RplP","RplS","BSU_01230","BSU_16040","subtiwiki","224308.BSU16040/224308.BSU01230","physical","txid224308"
"BSU_01350","BSU_01490","RplO","RplM","rplO","rplM","RplO","RplM","BSU_01350","BSU_01490","subtiwiki","224308.BSU01490/224308.BSU01350","physical","txid224308"
"BSU_01350","BSU_01050","RplO","RplL","rplO","rplL","RplO","RplL","BSU_01350","BSU_01050","subtiwiki","224308.BSU01350/224308.BSU01050","physical","txid224308"
"BSU_01350","BSU_30700","RplO","RpmEB","rplO","rpmEB","RplO","RpmEB","BSU_01350","BSU_30700","subtiwiki","224308.BSU01350/224308.BSU30700","physical","txid224308"
"BSU_01350","BSU_01500","RplO","RpsI","rplO","rpsI","RplO","RpsI","BSU_01350","BSU_01500","string-db","224308.BSU01500/224308.BSU01350","physical","txid224308"
"BSU_01350","BSU_15990","RplO","RpsP","rplO","rpsP","RplO","RpsP","BSU_01350","BSU_15990","string-db","224308.BSU15990/224308.BSU01350","physical","txid224308"
"BSU_01350","BSU_15640","RplO","YloA","rplO","rqcH","RplO","RqcH","BSU_01350","BSU_15640","string-db","224308.BSU15640/224308.BSU01350","physical","txid224308"
"BSU_01350","BSU_15080","RplO","RpmF","rplO","rpmF","RplO","RpmF","BSU_01350","BSU_15080","subtiwiki","224308.BSU15080/224308.BSU01350","physical","txid224308"
"BSU_01350","BSU_25410","RplO","RpsU","rplO","BSU_25410","RplO","RpsU","BSU_01350","BSU_25410","string-db","224308.BSU25410/224308.BSU01350","physical","txid224308"
"BSU_01350","BSU_40500","RplO","RplI","rplO","BSU_40500","RplO","RplI","BSU_01350","BSU_40500","subtiwiki","224308.BSU40500/224308.BSU01350","physical","txid224308"
"BSU_01350","BSU_01420","RplO","RpsK","rplO","rpsK","RplO","RpsK","BSU_01350","BSU_01420","string-db","224308.BSU01420/224308.BSU01350","physical","txid224308"
"BSU_01350","BSU_23880","RplO","MifM","rplO","mifM","RplO","MifM","BSU_01350","BSU_23880","string-db","224308.BSU23880/224308.BSU01350","physical","txid224308"
"BSU_01350","BSU_27600","RplO","Rsh","rplO","BSU_27600","RplO","Rel","BSU_01350","BSU_27600","string-db","224308.BSU27600/224308.BSU01350","physical","txid224308"
"BSU_01350","BSU_16050","RplO","RbgA","rplO","BSU_16050","RplO","RbgA","BSU_01350","BSU_16050","string-db","224308.BSU16050/224308.BSU01350","physical","txid224308"
"BSU_01350","BSU_40910","RplO","RpsF","rplO","rpsF","RplO","RpsF","BSU_01350","BSU_40910","string-db","224308.BSU40910/224308.BSU01350","physical","txid224308"
"BSU_01350","BSU_29660","RplO","RpsD","rplO","rpsD","RplO","RpsD","BSU_01350","BSU_29660","string-db","224308.BSU29660/224308.BSU01350","physical","txid224308"
"BSU_01350","BSU_37070","RplO","RpmEA","rplO","rpmE","RplO","RpmE","BSU_01350","BSU_37070","subtiwiki","224308.BSU37070/224308.BSU01350","physical","txid224308"
"BSU_01350","BSU_24900","RplO","RpmGA","rplO","BSU_24900","RplO","RpmGA","BSU_01350","BSU_24900","subtiwiki","224308.BSU01350/224308.BSU24900","physical","txid224308"
"BSU_01350","BSU_16490","RplO","RpsB","rplO","rpsB","RplO","RpsB","BSU_01350","BSU_16490","string-db","224308.BSU16490/224308.BSU01350","physical","txid224308"
"BSU_01350","BSU_41060","RplO","RpmH","rplO","rpmH","RplO","RpmH","BSU_01350","BSU_41060","subtiwiki","224308.BSU01350/224308.BSU41060","physical","txid224308"
"BSU_01350","BSU_05610","RplO","VmlR","rplO","vmlR","RplO","VmlR","BSU_01350","BSU_05610","string-db","224308.BSU05610/224308.BSU01350","physical","txid224308"
"BSU_01350","BSU_01440","RplO","RplQ","rplO","rplQ","RplO","RplQ","BSU_01350","BSU_01440","subtiwiki","224308.BSU01440/224308.BSU01350","physical","txid224308"
"BSU_01350","BSU_15820","RplO","RpmB","rplO","rpmB","RplO","RpmB","BSU_01350","BSU_15820","subtiwiki","224308.BSU15820/224308.BSU01350","physical","txid224308"
"BSU_01350","BSU_01410","RplO","RpsM","rplO","rpsM","RplO","RpsM","BSU_01350","BSU_01410","string-db","224308.BSU01410/224308.BSU01350","physical","txid224308"
"BSU_01350","BSU_15980","RplO","Ffh","rplO","ffh","RplO","Ffh","BSU_01350","BSU_15980","string-db","224308.BSU15980/224308.BSU01350","physical","txid224308"
"BSU_01350","BSU_27960","RplO","RplU","rplO","rplU","RplO","RplU","BSU_01350","BSU_27960","subtiwiki","224308.BSU27960/224308.BSU01350","physical","txid224308"
"BSU_01350","BSU_28850","RplO","RplT","rplO","rplT","RplO","RplT","BSU_01350","BSU_28850","subtiwiki","224308.BSU28850/224308.BSU01350","physical","txid224308"
"BSU_01350","BSU_25550","RplO","RpsT","rplO","BSU_25550","RplO","RpsT","BSU_01350","BSU_25550","string-db","224308.BSU25550/224308.BSU01350","physical","txid224308"
"BSU_01350","BSU_16040","RplO","RplS","rplO","rplS","RplO","RplS","BSU_01350","BSU_16040","subtiwiki","224308.BSU16040/224308.BSU01350","physical","txid224308"
"BSU_01350","BSU_16680","RplO","RpsO","rplO","rpsO","RplO","RpsO","BSU_01350","BSU_16680","string-db","224308.BSU16680/224308.BSU01350","physical","txid224308"
"BSU_01350","BSU_01400","RplO","RpmJ","rplO","rpmJ","RplO","RpmJ","BSU_01350","BSU_01400","subtiwiki","224308.BSU01350/224308.BSU01400","physical","txid224308"
"BSU_01350","BSU_28580","RplO","MutSB","rplO","BSU_28580","RplO","RqcU","BSU_01350","BSU_28580","string-db","224308.BSU28580/224308.BSU01350","physical","txid224308"
"BSU_01350","BSU_35310","RplO","Hpf","rplO","hpf","RplO","Hpf","BSU_01350","BSU_35310","string-db","224308.BSU35310/224308.BSU01350","physical","txid224308"
"BSU_01350","BSU_28860","RplO","RpmI","rplO","rpmI","RplO","RpmI","BSU_01350","BSU_28860","subtiwiki","224308.BSU28860/224308.BSU01350","physical","txid224308"
"BSU_01350","BSU_40890","RplO","RpsR","rplO","rpsR","RplO","RpsR","BSU_01350","BSU_40890","string-db","224308.BSU40890/224308.BSU01350","physical","txid224308"
"BSU_01350","BSU_27940","RplO","RpmA","rplO","rpmA","RplO","RpmA","BSU_01350","BSU_27940","subtiwiki","224308.BSU27940/224308.BSU01350","physical","txid224308"
"BSU_01160","BSU_01240","RplC","RpmC","rplC","rpmC","RplC","RpmC","BSU_01160","BSU_01240","subtiwiki","224308.BSU01240/224308.BSU01160","physical","txid224308"
"BSU_01160","BSU_01230","RplC","RplP","rplC","rplP","RplC","RplP","BSU_01160","BSU_01230","subtiwiki","224308.BSU01230/224308.BSU01160","physical","txid224308"
"BSU_01160","BSU_01220","RplC","RpsC","rplC","rpsC","RplC","RpsC","BSU_01160","BSU_01220","string-db","224308.BSU01220/224308.BSU01160","physical","txid224308"
"BSU_01160","BSU_01350","RplC","RplO","rplC","rplO","RplC","RplO","BSU_01160","BSU_01350","subtiwiki","224308.BSU01350/224308.BSU01160","physical","txid224308"
"BSU_01160","BSU_01440","RplC","RplQ","rplC","rplQ","RplC","RplQ","BSU_01160","BSU_01440","subtiwiki","224308.BSU01440/224308.BSU01160","physical","txid224308"
"BSU_01160","BSU_01400","RplC","RpmJ","rplC","rpmJ","RplC","RpmJ","BSU_01160","BSU_01400","subtiwiki","224308.BSU01400/224308.BSU01160","physical","txid224308"
"BSU_01160","BSU_01310","RplC","RplF","rplC","rplF","RplC","RplF","BSU_01160","BSU_01310","subtiwiki","224308.BSU01310/224308.BSU01160","physical","txid224308"
"BSU_01160","BSU_37070","RplC","RpmEA","rplC","rpmE","RplC","RpmE","BSU_01160","BSU_37070","subtiwiki","224308.BSU37070/224308.BSU01160","physical","txid224308"
"BSU_01160","BSU_41060","RplC","RpmH","rplC","rpmH","RplC","RpmH","BSU_01160","BSU_41060","subtiwiki","224308.BSU41060/224308.BSU01160","physical","txid224308"
"BSU_01160","BSU_28860","RplC","RpmI","rplC","rpmI","RplC","RpmI","BSU_01160","BSU_28860","subtiwiki","224308.BSU28860/224308.BSU01160","physical","txid224308"
"BSU_01160","BSU_29660","RplC","RpsD","rplC","rpsD","RplC","RpsD","BSU_01160","BSU_29660","string-db","224308.BSU29660/224308.BSU01160","physical","txid224308"
"BSU_01160","BSU_28580","RplC","MutSB","rplC","BSU_28580","RplC","RqcU","BSU_01160","BSU_28580","string-db","224308.BSU28580/224308.BSU01160","physical","txid224308"
"BSU_01160","BSU_27940","RplC","RpmA","rplC","rpmA","RplC","RpmA","BSU_01160","BSU_27940","subtiwiki","224308.BSU27940/224308.BSU01160","physical","txid224308"
"BSU_01160","BSU_25550","RplC","RpsT","rplC","BSU_25550","RplC","RpsT","BSU_01160","BSU_25550","string-db","224308.BSU25550/224308.BSU01160","physical","txid224308"
"BSU_01160","BSU_05610","RplC","VmlR","rplC","vmlR","RplC","VmlR","BSU_01160","BSU_05610","string-db","224308.BSU05610/224308.BSU01160","physical","txid224308"
"BSU_01160","BSU_01180","RplC","RplW","rplC","rplW","RplC","RplW","BSU_01160","BSU_01180","subtiwiki","224308.BSU01180/224308.BSU01160","physical","txid224308"
"BSU_01160","BSU_01500","RplC","RpsI","rplC","rpsI","RplC","RpsI","BSU_01160","BSU_01500","string-db","224308.BSU01500/224308.BSU01160","physical","txid224308"
"BSU_01160","BSU_25410","RplC","RpsU","rplC","BSU_25410","RplC","RpsU","BSU_01160","BSU_25410","string-db","224308.BSU25410/224308.BSU01160","physical","txid224308"
"BSU_01160","BSU_01490","RplC","RplM","rplC","rplM","RplC","RplM","BSU_01160","BSU_01490","subtiwiki","224308.BSU01490/224308.BSU01160","physical","txid224308"
"BSU_01160","BSU_27960","RplC","RplU","rplC","rplU","RplC","RplU","BSU_01160","BSU_27960","subtiwiki","224308.BSU27960/224308.BSU01160","physical","txid224308"
"BSU_01160","BSU_15820","RplC","RpmB","rplC","rpmB","RplC","RpmB","BSU_01160","BSU_15820","subtiwiki","224308.BSU15820/224308.BSU01160","physical","txid224308"
"BSU_01160","BSU_01190","RplC","RplB","rplC","rplB","RplC","RplB","BSU_01160","BSU_01190","subtiwiki","224308.BSU01190/224308.BSU01160","physical","txid224308"
"BSU_01160","BSU_16680","RplC","RpsO","rplC","rpsO","RplC","RpsO","BSU_01160","BSU_16680","string-db","224308.BSU16680/224308.BSU01160","physical","txid224308"
"BSU_01160","BSU_16490","RplC","RpsB","rplC","rpsB","RplC","RpsB","BSU_01160","BSU_16490","string-db","224308.BSU16490/224308.BSU01160","physical","txid224308"
"BSU_01160","BSU_40500","RplC","RplI","rplC","BSU_40500","RplC","RplI","BSU_01160","BSU_40500","subtiwiki","224308.BSU40500/224308.BSU01160","physical","txid224308"
"BSU_01160","BSU_27600","RplC","Rsh","rplC","BSU_27600","RplC","Rel","BSU_01160","BSU_27600","string-db","224308.BSU27600/224308.BSU01160","physical","txid224308"
"BSU_01160","BSU_01270","RplC","RplX","rplC","rplX","RplC","RplX","BSU_01160","BSU_01270","subtiwiki","224308.BSU01270/224308.BSU01160","physical","txid224308"
"BSU_01160","BSU_15990","RplC","RpsP","rplC","rpsP","RplC","RpsP","BSU_01160","BSU_15990","string-db","224308.BSU15990/224308.BSU01160","physical","txid224308"
"BSU_01160","BSU_28190","RplC","YsxC","rplC","ysxC","RplC","YsxC","BSU_01160","BSU_28190","subtiwiki","224308.BSU28190/224308.BSU01160","physical","txid224308"
"BSU_01160","BSU_01260","RplC","RplNA","rplC","rplN","RplC","RplN","BSU_01160","BSU_01260","subtiwiki","224308.BSU01260/224308.BSU01160","physical","txid224308"
"BSU_01160","BSU_01250","RplC","RpsQ","rplC","rpsQ","RplC","RpsQ","BSU_01160","BSU_01250","string-db","224308.BSU01250/224308.BSU01160","physical","txid224308"
"BSU_01160","BSU_01420","RplC","RpsK","rplC","rpsK","RplC","RpsK","BSU_01160","BSU_01420","string-db","224308.BSU01420/224308.BSU01160","physical","txid224308"
"BSU_01160","BSU_35310","RplC","Hpf","rplC","hpf","RplC","Hpf","BSU_01160","BSU_35310","string-db","224308.BSU35310/224308.BSU01160","physical","txid224308"
"BSU_01160","BSU_24900","RplC","RpmGA","rplC","BSU_24900","RplC","RpmGA","BSU_01160","BSU_24900","subtiwiki","224308.BSU24900/224308.BSU01160","physical","txid224308"
"BSU_01160","BSU_01320","RplC","RplR","rplC","rplR","RplC","RplR","BSU_01160","BSU_01320","subtiwiki","224308.BSU01320/224308.BSU01160","physical","txid224308"
"BSU_01160","BSU_01330","RplC","RpsE","rplC","rpsE","RplC","RpsE","BSU_01160","BSU_01330","string-db","224308.BSU01330/224308.BSU01160","physical","txid224308"
"BSU_01160","BSU_15080","RplC","RpmF","rplC","rpmF","RplC","RpmF","BSU_01160","BSU_15080","subtiwiki","224308.BSU15080/224308.BSU01160","physical","txid224308"
"BSU_01160","BSU_40910","RplC","RpsF","rplC","rpsF","RplC","RpsF","BSU_01160","BSU_40910","string-db","224308.BSU40910/224308.BSU01160","physical","txid224308"
"BSU_01160","BSU_01340","RplC","RpmD","rplC","rpmD","RplC","RpmD","BSU_01160","BSU_01340","subtiwiki","224308.BSU01340/224308.BSU01160","physical","txid224308"
"BSU_01160","BSU_01170","RplC","RplD","rplC","rplD","RplC","RplD","BSU_01160","BSU_01170","subtiwiki","224308.BSU01170/224308.BSU01160","physical","txid224308"
"BSU_01160","BSU_01280","RplC","RplE","rplC","rplE","RplC","RplE","BSU_01160","BSU_01280","subtiwiki","224308.BSU01280/224308.BSU01160","physical","txid224308"
"BSU_01160","BSU_01200","RplC","RpsS","rplC","rpsS","RplC","RpsS","BSU_01160","BSU_01200","string-db","224308.BSU01200/224308.BSU01160","physical","txid224308"
"BSU_01160","BSU_40890","RplC","RpsR","rplC","rpsR","RplC","RpsR","BSU_01160","BSU_40890","string-db","224308.BSU40890/224308.BSU01160","physical","txid224308"
"BSU_01160","BSU_16040","RplC","RplS","rplC","rplS","RplC","RplS","BSU_01160","BSU_16040","subtiwiki","224308.BSU16040/224308.BSU01160","physical","txid224308"
"BSU_01160","BSU_15980","RplC","Ffh","rplC","ffh","RplC","Ffh","BSU_01160","BSU_15980","string-db","224308.BSU15980/224308.BSU01160","physical","txid224308"
"BSU_01160","BSU_01210","RplC","RplV","rplC","rplV","RplC","RplV","BSU_01160","BSU_01210","subtiwiki","224308.BSU01210/224308.BSU01160","physical","txid224308"
"BSU_01160","BSU_16050","RplC","RbgA","rplC","BSU_16050","RplC","RbgA","BSU_01160","BSU_16050","string-db","224308.BSU16050/224308.BSU01160","physical","txid224308"
"BSU_01160","BSU_23880","RplC","MifM","rplC","mifM","RplC","MifM","BSU_01160","BSU_23880","string-db","224308.BSU23880/224308.BSU01160","physical","txid224308"
"BSU_01160","BSU_01290","RplC","RpsNA","rplC","rpsN","RplC","RpsN","BSU_01160","BSU_01290","string-db","224308.BSU01290/224308.BSU01160","physical","txid224308"
"BSU_01160","BSU_01300","RplC","RpsH","rplC","rpsH","RplC","RpsH","BSU_01160","BSU_01300","string-db","224308.BSU01300/224308.BSU01160","physical","txid224308"
"BSU_01160","BSU_28850","RplC","RplT","rplC","rplT","RplC","RplT","BSU_01160","BSU_28850","subtiwiki","224308.BSU28850/224308.BSU01160","physical","txid224308"
"BSU_01160","BSU_15640","RplC","YloA","rplC","rqcH","RplC","RqcH","BSU_01160","BSU_15640","string-db","224308.BSU15640/224308.BSU01160","physical","txid224308"
"BSU_01160","BSU_01410","RplC","RpsM","rplC","rpsM","RplC","RpsM","BSU_01160","BSU_01410","string-db","224308.BSU01410/224308.BSU01160","physical","txid224308"
"BSU_01490","BSU_40910","RplM","RpsF","rplM","rpsF","RplM","RpsF","BSU_01490","BSU_40910","string-db","224308.BSU40910/224308.BSU01490","physical","txid224308"
"BSU_01490","BSU_00990","RplM","RpmGB","rplM","rpmGB","RplM","RpmGB","BSU_01490","BSU_00990","subtiwiki","224308.BSU01490/224308.BSU00990","physical","txid224308"
"BSU_01490","BSU_01050","RplM","RplL","rplM","rplL","RplM","RplL","BSU_01490","BSU_01050","subtiwiki","224308.BSU01490/224308.BSU01050","physical","txid224308"
"BSU_01490","BSU_30700","RplM","RpmEB","rplM","rpmEB","RplM","RpmEB","BSU_01490","BSU_30700","subtiwiki","224308.BSU01490/224308.BSU30700","physical","txid224308"
"BSU_01490","BSU_41060","RplM","RpmH","rplM","rpmH","RplM","RpmH","BSU_01490","BSU_41060","subtiwiki","224308.BSU01490/224308.BSU41060","physical","txid224308"
"BSU_01490","BSU_25550","RplM","RpsT","rplM","BSU_25550","RplM","RpsT","BSU_01490","BSU_25550","string-db","224308.BSU25550/224308.BSU01490","physical","txid224308"
"BSU_01490","BSU_15820","RplM","RpmB","rplM","rpmB","RplM","RpmB","BSU_01490","BSU_15820","subtiwiki","224308.BSU15820/224308.BSU01490","physical","txid224308"
"BSU_01490","BSU_15080","RplM","RpmF","rplM","rpmF","RplM","RpmF","BSU_01490","BSU_15080","subtiwiki","224308.BSU15080/224308.BSU01490","physical","txid224308"
"BSU_01490","BSU_25410","RplM","RpsU","rplM","BSU_25410","RplM","RpsU","BSU_01490","BSU_25410","string-db","224308.BSU25410/224308.BSU01490","physical","txid224308"
"BSU_01490","BSU_40500","RplM","RplI","rplM","BSU_40500","RplM","RplI","BSU_01490","BSU_40500","subtiwiki","224308.BSU40500/224308.BSU01490","physical","txid224308"
"BSU_01490","BSU_16050","RplM","RbgA","rplM","BSU_16050","RplM","RbgA","BSU_01490","BSU_16050","string-db","224308.BSU16050/224308.BSU01490","physical","txid224308"
"BSU_01490","BSU_01500","RplM","RpsI","rplM","rpsI","RplM","RpsI","BSU_01490","BSU_01500","string-db","224308.BSU01500/224308.BSU01490","physical","txid224308"
"BSU_01490","BSU_27960","RplM","RplU","rplM","rplU","RplM","RplU","BSU_01490","BSU_27960","subtiwiki","224308.BSU27960/224308.BSU01490","physical","txid224308"
"BSU_01490","BSU_29660","RplM","RpsD","rplM","rpsD","RplM","RpsD","BSU_01490","BSU_29660","string-db","224308.BSU29660/224308.BSU01490","physical","txid224308"
"BSU_01490","BSU_28860","RplM","RpmI","rplM","rpmI","RplM","RpmI","BSU_01490","BSU_28860","subtiwiki","224308.BSU28860/224308.BSU01490","physical","txid224308"
"BSU_01490","BSU_15980","RplM","Ffh","rplM","ffh","RplM","Ffh","BSU_01490","BSU_15980","string-db","224308.BSU15980/224308.BSU01490","physical","txid224308"
"BSU_01490","BSU_40890","RplM","RpsR","rplM","rpsR","RplM","RpsR","BSU_01490","BSU_40890","string-db","224308.BSU40890/224308.BSU01490","physical","txid224308"
"BSU_01490","BSU_15990","RplM","RpsP","rplM","rpsP","RplM","RpsP","BSU_01490","BSU_15990","string-db","224308.BSU15990/224308.BSU01490","physical","txid224308"
"BSU_01490","BSU_16040","RplM","RplS","rplM","rplS","RplM","RplS","BSU_01490","BSU_16040","subtiwiki","224308.BSU16040/224308.BSU01490","physical","txid224308"
"BSU_01490","BSU_27940","RplM","RpmA","rplM","rpmA","RplM","RpmA","BSU_01490","BSU_27940","subtiwiki","224308.BSU27940/224308.BSU01490","physical","txid224308"
"BSU_01490","BSU_28850","RplM","RplT","rplM","rplT","RplM","RplT","BSU_01490","BSU_28850","subtiwiki","224308.BSU28850/224308.BSU01490","physical","txid224308"
"BSU_01490","BSU_37070","RplM","RpmEA","rplM","rpmE","RplM","RpmE","BSU_01490","BSU_37070","subtiwiki","224308.BSU37070/224308.BSU01490","physical","txid224308"
"BSU_01490","BSU_15640","RplM","YloA","rplM","rqcH","RplM","RqcH","BSU_01490","BSU_15640","string-db","224308.BSU15640/224308.BSU01490","physical","txid224308"
"BSU_01490","BSU_27600","RplM","Rsh","rplM","BSU_27600","RplM","Rel","BSU_01490","BSU_27600","string-db","224308.BSU27600/224308.BSU01490","physical","txid224308"
"BSU_01490","BSU_35310","RplM","Hpf","rplM","hpf","RplM","Hpf","BSU_01490","BSU_35310","string-db","224308.BSU35310/224308.BSU01490","physical","txid224308"
"BSU_01490","BSU_28580","RplM","MutSB","rplM","BSU_28580","RplM","RqcU","BSU_01490","BSU_28580","string-db","224308.BSU28580/224308.BSU01490","physical","txid224308"
"BSU_01490","BSU_24900","RplM","RpmGA","rplM","BSU_24900","RplM","RpmGA","BSU_01490","BSU_24900","subtiwiki","224308.BSU01490/224308.BSU24900","physical","txid224308"
"BSU_01490","BSU_16680","RplM","RpsO","rplM","rpsO","RplM","RpsO","BSU_01490","BSU_16680","string-db","224308.BSU16680/224308.BSU01490","physical","txid224308"
"BSU_01490","BSU_16490","RplM","RpsB","rplM","rpsB","RplM","RpsB","BSU_01490","BSU_16490","string-db","224308.BSU16490/224308.BSU01490","physical","txid224308"
"BSU_01490","BSU_05610","RplM","VmlR","rplM","vmlR","RplM","VmlR","BSU_01490","BSU_05610","string-db","224308.BSU05610/224308.BSU01490","physical","txid224308"
"BSU_01490","BSU_23880","RplM","MifM","rplM","mifM","RplM","MifM","BSU_01490","BSU_23880","string-db","224308.BSU23880/224308.BSU01490","physical","txid224308"
"BSU_27960","BSU_37070","RplU","RpmEA","rplU","rpmE","RplU","RpmE","BSU_27960","BSU_37070","subtiwiki","224308.BSU37070/224308.BSU27960","physical","txid224308"
"BSU_27960","BSU_00520","RplU","Ctc","rplU","ctc","RplU","Ctc","BSU_27960","BSU_00520","subtiwiki","224308.BSU27960/224308.BSU00520","physical","txid224308"
"BSU_27960","BSU_30700","RplU","RpmEB","rplU","rpmEB","RplU","RpmEB","BSU_27960","BSU_30700","subtiwiki","224308.BSU27960/224308.BSU30700","physical","txid224308"
"BSU_27960","BSU_00990","RplU","RpmGB","rplU","rpmGB","RplU","RpmGB","BSU_27960","BSU_00990","subtiwiki","224308.BSU27960/224308.BSU00990","physical","txid224308"
"BSU_27960","new_2477758_2477958_c","RplU","RpmGC","rplU","rpmGC","RplU","RpmGC","BSU_27960","new_2477758_2477958_c","subtiwiki","224308.BSU27960/224308.new24777582477958c","physical","txid224308"
"BSU_27960","BSU_01050","RplU","RplL","rplU","rplL","RplU","RplL","BSU_27960","BSU_01050","subtiwiki","224308.BSU27960/224308.BSU01050","physical","txid224308"
"BSU_27960","BSU_01090","RplU","RplGB","rplU","rplGB","RplU","RplGB","BSU_27960","BSU_01090","subtiwiki","224308.BSU27960/224308.BSU01090","physical","txid224308"
"BSU_27960","BSU_35310","RplU","Hpf","rplU","hpf","RplU","Hpf","BSU_27960","BSU_35310","string-db","224308.BSU35310/224308.BSU27960","physical","txid224308"
"BSU_27960","BSU_28860","RplU","RpmI","rplU","rpmI","RplU","RpmI","BSU_27960","BSU_28860","subtiwiki","224308.BSU27960/224308.BSU28860","physical","txid224308"
"BSU_27960","BSU_29660","RplU","RpsD","rplU","rpsD","RplU","RpsD","BSU_27960","BSU_29660","string-db","224308.BSU29660/224308.BSU27960","physical","txid224308"
"BSU_27960","BSU_28580","RplU","MutSB","rplU","BSU_28580","RplU","RqcU","BSU_27960","BSU_28580","string-db","224308.BSU28580/224308.BSU27960","physical","txid224308"
"BSU_27960","BSU_28850","RplU","RplT","rplU","rplT","RplU","RplT","BSU_27960","BSU_28850","subtiwiki","224308.BSU27960/224308.BSU28850","physical","txid224308"
"BSU_27960","BSU_40890","RplU","RpsR","rplU","rpsR","RplU","RpsR","BSU_27960","BSU_40890","string-db","224308.BSU40890/224308.BSU27960","physical","txid224308"
"BSU_27960","BSU_40910","RplU","RpsF","rplU","rpsF","RplU","RpsF","BSU_27960","BSU_40910","string-db","224308.BSU40910/224308.BSU27960","physical","txid224308"
"BSU_27960","BSU_41060","RplU","RpmH","rplU","rpmH","RplU","RpmH","BSU_27960","BSU_41060","subtiwiki","224308.BSU27960/224308.BSU41060","physical","txid224308"
"BSU_27960","BSU_40500","RplU","RplI","rplU","BSU_40500","RplU","RplI","BSU_27960","BSU_40500","subtiwiki","224308.BSU27960/224308.BSU40500","physical","txid224308"
"BSU_01310","BSU_25550","RplF","RpsT","rplF","BSU_25550","RplF","RpsT","BSU_01310","BSU_25550","string-db","224308.BSU25550/224308.BSU01310","physical","txid224308"
"BSU_01310","BSU_30700","RplF","RpmEB","rplF","rpmEB","RplF","RpmEB","BSU_01310","BSU_30700","subtiwiki","224308.BSU01310/224308.BSU30700","physical","txid224308"
"BSU_01310","BSU_01050","RplF","RplL","rplF","rplL","RplF","RplL","BSU_01310","BSU_01050","subtiwiki","224308.BSU01310/224308.BSU01050","physical","txid224308"
"BSU_01310","BSU_00990","RplF","RpmGB","rplF","rpmGB","RplF","RpmGB","BSU_01310","BSU_00990","subtiwiki","224308.BSU01310/224308.BSU00990","physical","txid224308"
"BSU_01310","BSU_00520","RplF","Ctc","rplF","ctc","RplF","Ctc","BSU_01310","BSU_00520","subtiwiki","224308.BSU01310/224308.BSU00520","physical","txid224308"
"BSU_01310","new_2477758_2477958_c","RplF","RpmGC","rplF","rpmGC","RplF","RpmGC","BSU_01310","new_2477758_2477958_c","subtiwiki","224308.BSU01310/224308.new24777582477958c","physical","txid224308"
"BSU_01310","BSU_15640","RplF","YloA","rplF","rqcH","RplF","RqcH","BSU_01310","BSU_15640","string-db","224308.BSU15640/224308.BSU01310","physical","txid224308"
"BSU_01310","BSU_16680","RplF","RpsO","rplF","rpsO","RplF","RpsO","BSU_01310","BSU_16680","string-db","224308.BSU16680/224308.BSU01310","physical","txid224308"
"BSU_01310","BSU_40890","RplF","RpsR","rplF","rpsR","RplF","RpsR","BSU_01310","BSU_40890","string-db","224308.BSU40890/224308.BSU01310","physical","txid224308"
"BSU_01310","BSU_01350","RplF","RplO","rplF","rplO","RplF","RplO","BSU_01310","BSU_01350","subtiwiki","224308.BSU01310/224308.BSU01350","physical","txid224308"
"BSU_01310","BSU_01490","RplF","RplM","rplF","rplM","RplF","RplM","BSU_01310","BSU_01490","subtiwiki","224308.BSU01310/224308.BSU01490","physical","txid224308"
"BSU_01310","BSU_41060","RplF","RpmH","rplF","rpmH","RplF","RpmH","BSU_01310","BSU_41060","subtiwiki","224308.BSU01310/224308.BSU41060","physical","txid224308"
"BSU_01310","BSU_01320","RplF","RplR","rplF","rplR","RplF","RplR","BSU_01310","BSU_01320","subtiwiki","224308.BSU01310/224308.BSU01320","physical","txid224308"
"BSU_01310","BSU_24900","RplF","RpmGA","rplF","BSU_24900","RplF","RpmGA","BSU_01310","BSU_24900","subtiwiki","224308.BSU01310/224308.BSU24900","physical","txid224308"
"BSU_01310","BSU_16040","RplF","RplS","rplF","rplS","RplF","RplS","BSU_01310","BSU_16040","subtiwiki","224308.BSU01310/224308.BSU16040","physical","txid224308"
"BSU_01310","BSU_28850","RplF","RplT","rplF","rplT","RplF","RplT","BSU_01310","BSU_28850","subtiwiki","224308.BSU01310/224308.BSU28850","physical","txid224308"
"BSU_01310","BSU_28580","RplF","MutSB","rplF","BSU_28580","RplF","RqcU","BSU_01310","BSU_28580","string-db","224308.BSU28580/224308.BSU01310","physical","txid224308"
"BSU_01310","BSU_05610","RplF","VmlR","rplF","vmlR","RplF","VmlR","BSU_01310","BSU_05610","string-db","224308.BSU05610/224308.BSU01310","physical","txid224308"
"BSU_01310","BSU_27600","RplF","Rsh","rplF","BSU_27600","RplF","Rel","BSU_01310","BSU_27600","string-db","224308.BSU27600/224308.BSU01310","physical","txid224308"
"BSU_01310","BSU_40500","RplF","RplI","rplF","BSU_40500","RplF","RplI","BSU_01310","BSU_40500","subtiwiki","224308.BSU01310/224308.BSU40500","physical","txid224308"
"BSU_01310","BSU_27960","RplF","RplU","rplF","rplU","RplF","RplU","BSU_01310","BSU_27960","subtiwiki","224308.BSU27960/224308.BSU01310","physical","txid224308"
"BSU_01310","BSU_01340","RplF","RpmD","rplF","rpmD","RplF","RpmD","BSU_01310","BSU_01340","subtiwiki","224308.BSU01310/224308.BSU01340","physical","txid224308"
"BSU_01310","BSU_01420","RplF","RpsK","rplF","rpsK","RplF","RpsK","BSU_01310","BSU_01420","string-db","224308.BSU01420/224308.BSU01310","physical","txid224308"
"BSU_01310","BSU_37070","RplF","RpmEA","rplF","rpmE","RplF","RpmE","BSU_01310","BSU_37070","subtiwiki","224308.BSU37070/224308.BSU01310","physical","txid224308"
"BSU_01310","BSU_28860","RplF","RpmI","rplF","rpmI","RplF","RpmI","BSU_01310","BSU_28860","subtiwiki","224308.BSU01310/224308.BSU28860","physical","txid224308"
"BSU_01310","BSU_16050","RplF","RbgA","rplF","BSU_16050","RplF","RbgA","BSU_01310","BSU_16050","subtiwiki","224308.BSU01310/224308.BSU16050","physical","txid224308"
"BSU_01310","BSU_15820","RplF","RpmB","rplF","rpmB","RplF","RpmB","BSU_01310","BSU_15820","subtiwiki","224308.BSU01310/224308.BSU15820","physical","txid224308"
"BSU_01310","BSU_25410","RplF","RpsU","rplF","BSU_25410","RplF","RpsU","BSU_01310","BSU_25410","string-db","224308.BSU25410/224308.BSU01310","physical","txid224308"
"BSU_01310","BSU_40910","RplF","RpsF","rplF","rpsF","RplF","RpsF","BSU_01310","BSU_40910","string-db","224308.BSU40910/224308.BSU01310","physical","txid224308"
"BSU_01310","BSU_15980","RplF","Ffh","rplF","ffh","RplF","Ffh","BSU_01310","BSU_15980","string-db","224308.BSU15980/224308.BSU01310","physical","txid224308"
"BSU_01310","BSU_16490","RplF","RpsB","rplF","rpsB","RplF","RpsB","BSU_01310","BSU_16490","string-db","224308.BSU16490/224308.BSU01310","physical","txid224308"
"BSU_01310","BSU_35310","RplF","Hpf","rplF","hpf","RplF","Hpf","BSU_01310","BSU_35310","string-db","224308.BSU35310/224308.BSU01310","physical","txid224308"
"BSU_01310","BSU_01330","RplF","RpsE","rplF","rpsE","RplF","RpsE","BSU_01310","BSU_01330","string-db","224308.BSU01330/224308.BSU01310","physical","txid224308"
"BSU_01310","BSU_23880","RplF","MifM","rplF","mifM","RplF","MifM","BSU_01310","BSU_23880","string-db","224308.BSU23880/224308.BSU01310","physical","txid224308"
"BSU_01310","BSU_29660","RplF","RpsD","rplF","rpsD","RplF","RpsD","BSU_01310","BSU_29660","string-db","224308.BSU29660/224308.BSU01310","physical","txid224308"
"BSU_01310","BSU_01400","RplF","RpmJ","rplF","rpmJ","RplF","RpmJ","BSU_01310","BSU_01400","subtiwiki","224308.BSU01310/224308.BSU01400","physical","txid224308"
"BSU_01310","BSU_27940","RplF","RpmA","rplF","rpmA","RplF","RpmA","BSU_01310","BSU_27940","subtiwiki","224308.BSU01310/224308.BSU27940","physical","txid224308"
"BSU_01310","BSU_28190","RplF","YsxC","rplF","ysxC","RplF","YsxC","BSU_01310","BSU_28190","subtiwiki","224308.BSU01310/224308.BSU28190","physical","txid224308"
"BSU_01310","BSU_15990","RplF","RpsP","rplF","rpsP","RplF","RpsP","BSU_01310","BSU_15990","string-db","224308.BSU15990/224308.BSU01310","physical","txid224308"
"BSU_01310","BSU_01410","RplF","RpsM","rplF","rpsM","RplF","RpsM","BSU_01310","BSU_01410","string-db","224308.BSU01410/224308.BSU01310","physical","txid224308"
"BSU_01310","BSU_15080","RplF","RpmF","rplF","rpmF","RplF","RpmF","BSU_01310","BSU_15080","subtiwiki","224308.BSU01310/224308.BSU15080","physical","txid224308"
"BSU_01310","BSU_01500","RplF","RpsI","rplF","rpsI","RplF","RpsI","BSU_01310","BSU_01500","string-db","224308.BSU01500/224308.BSU01310","physical","txid224308"
"BSU_01310","BSU_01440","RplF","RplQ","rplF","rplQ","RplF","RplQ","BSU_01310","BSU_01440","subtiwiki","224308.BSU01440/224308.BSU01310","physical","txid224308"
"BSU_01260","BSU_01500","RplNA","RpsI","rplN","rpsI","RplN","RpsI","BSU_01260","BSU_01500","subtiwiki","224308.BSU01260/224308.BSU01500","physical","txid224308"
"BSU_01260","BSU_14770","RplNA","YlaG","rplN","ylaG","RplN","BipA","BSU_01260","BSU_14770","subtiwiki","224308.BSU01260/224308.BSU14770","physical","txid224308"
"BSU_01260","BSU_04580","RplNA","CshA","rplN","BSU_04580","RplN","CshA","BSU_01260","BSU_04580","subtiwiki","224308.BSU01260/224308.BSU04580","physical","txid224308"
"BSU_01260","BSU_30700","RplNA","RpmEB","rplN","rpmEB","RplN","RpmEB","BSU_01260","BSU_30700","subtiwiki","224308.BSU01260/224308.BSU30700","physical","txid224308"
"BSU_01260","BSU_01050","RplNA","RplL","rplN","rplL","RplN","RplL","BSU_01260","BSU_01050","subtiwiki","224308.BSU01260/224308.BSU01050","physical","txid224308"
"BSU_01260","new_2477758_2477958_c","RplNA","RpmGC","rplN","rpmGC","RplN","RpmGC","BSU_01260","new_2477758_2477958_c","subtiwiki","224308.BSU01260/224308.new24777582477958c","physical","txid224308"
"BSU_01260","BSU_00990","RplNA","RpmGB","rplN","rpmGB","RplN","RpmGB","BSU_01260","BSU_00990","subtiwiki","224308.BSU01260/224308.BSU00990","physical","txid224308"
"BSU_01260","BSU_00520","RplNA","Ctc","rplN","ctc","RplN","Ctc","BSU_01260","BSU_00520","subtiwiki","224308.BSU01260/224308.BSU00520","physical","txid224308"
"BSU_01260","BSU_25620","RplNA","YqeL","rplN","BSU_25620","RplN","YqeL","BSU_01260","BSU_25620","subtiwiki","224308.BSU01260/224308.BSU25620","physical","txid224308"
"BSU_01260","BSU_27960","RplNA","RplU","rplN","rplU","RplN","RplU","BSU_01260","BSU_27960","subtiwiki","224308.BSU27960/224308.BSU01260","physical","txid224308"
"BSU_01260","BSU_15820","RplNA","RpmB","rplN","rpmB","RplN","RpmB","BSU_01260","BSU_15820","subtiwiki","224308.BSU01260/224308.BSU15820","physical","txid224308"
"BSU_01260","BSU_27600","RplNA","Rsh","rplN","BSU_27600","RplN","Rel","BSU_01260","BSU_27600","string-db","224308.BSU27600/224308.BSU01260","physical","txid224308"
"BSU_01260","BSU_01490","RplNA","RplM","rplN","rplM","RplN","RplM","BSU_01260","BSU_01490","subtiwiki","224308.BSU01260/224308.BSU01490","physical","txid224308"
"BSU_01260","BSU_16050","RplNA","RbgA","rplN","BSU_16050","RplN","RbgA","BSU_01260","BSU_16050","string-db","224308.BSU16050/224308.BSU01260","physical","txid224308"
"BSU_01260","BSU_01330","RplNA","RpsE","rplN","rpsE","RplN","RpsE","BSU_01260","BSU_01330","string-db","224308.BSU01330/224308.BSU01260","physical","txid224308"
"BSU_01260","BSU_40500","RplNA","RplI","rplN","BSU_40500","RplN","RplI","BSU_01260","BSU_40500","subtiwiki","224308.BSU01260/224308.BSU40500","physical","txid224308"
"BSU_01260","BSU_16680","RplNA","RpsO","rplN","rpsO","RplN","RpsO","BSU_01260","BSU_16680","string-db","224308.BSU16680/224308.BSU01260","physical","txid224308"
"BSU_01260","BSU_16490","RplNA","RpsB","rplN","rpsB","RplN","RpsB","BSU_01260","BSU_16490","string-db","224308.BSU16490/224308.BSU01260","physical","txid224308"
"BSU_01260","BSU_41060","RplNA","RpmH","rplN","rpmH","RplN","RpmH","BSU_01260","BSU_41060","subtiwiki","224308.BSU01260/224308.BSU41060","physical","txid224308"
"BSU_01260","BSU_28850","RplNA","RplT","rplN","rplT","RplN","RplT","BSU_01260","BSU_28850","subtiwiki","224308.BSU01260/224308.BSU28850","physical","txid224308"
"BSU_01260","BSU_24900","RplNA","RpmGA","rplN","BSU_24900","RplN","RpmGA","BSU_01260","BSU_24900","subtiwiki","224308.BSU01260/224308.BSU24900","physical","txid224308"
"BSU_01260","BSU_37070","RplNA","RpmEA","rplN","rpmE","RplN","RpmE","BSU_01260","BSU_37070","subtiwiki","224308.BSU37070/224308.BSU01260","physical","txid224308"
"BSU_01260","BSU_40890","RplNA","RpsR","rplN","rpsR","RplN","RpsR","BSU_01260","BSU_40890","string-db","224308.BSU40890/224308.BSU01260","physical","txid224308"
"BSU_01260","BSU_01350","RplNA","RplO","rplN","rplO","RplN","RplO","BSU_01260","BSU_01350","subtiwiki","224308.BSU01260/224308.BSU01350","physical","txid224308"
"BSU_01260","BSU_01420","RplNA","RpsK","rplN","rpsK","RplN","RpsK","BSU_01260","BSU_01420","subtiwiki","224308.BSU01260/224308.BSU01420","physical","txid224308"
"BSU_01260","BSU_29660","RplNA","RpsD","rplN","rpsD","RplN","RpsD","BSU_01260","BSU_29660","string-db","224308.BSU29660/224308.BSU01260","physical","txid224308"
"BSU_01260","BSU_27940","RplNA","RpmA","rplN","rpmA","RplN","RpmA","BSU_01260","BSU_27940","subtiwiki","224308.BSU01260/224308.BSU27940","physical","txid224308"
"BSU_01260","BSU_01270","RplNA","RplX","rplN","rplX","RplN","RplX","BSU_01260","BSU_01270","subtiwiki","224308.BSU01260/224308.BSU01270","physical","txid224308"
"BSU_01260","BSU_01320","RplNA","RplR","rplN","rplR","RplN","RplR","BSU_01260","BSU_01320","subtiwiki","224308.BSU01260/224308.BSU01320","physical","txid224308"
"BSU_01260","BSU_25410","RplNA","RpsU","rplN","BSU_25410","RplN","RpsU","BSU_01260","BSU_25410","string-db","224308.BSU25410/224308.BSU01260","physical","txid224308"
"BSU_01260","BSU_01340","RplNA","RpmD","rplN","rpmD","RplN","RpmD","BSU_01260","BSU_01340","subtiwiki","224308.BSU01260/224308.BSU01340","physical","txid224308"
"BSU_01260","BSU_23880","RplNA","MifM","rplN","mifM","RplN","MifM","BSU_01260","BSU_23880","string-db","224308.BSU23880/224308.BSU01260","physical","txid224308"
"BSU_01260","BSU_28860","RplNA","RpmI","rplN","rpmI","RplN","RpmI","BSU_01260","BSU_28860","subtiwiki","224308.BSU01260/224308.BSU28860","physical","txid224308"
"BSU_01260","BSU_35310","RplNA","Hpf","rplN","hpf","RplN","Hpf","BSU_01260","BSU_35310","string-db","224308.BSU35310/224308.BSU01260","physical","txid224308"
"BSU_01260","BSU_16040","RplNA","RplS","rplN","rplS","RplN","RplS","BSU_01260","BSU_16040","subtiwiki","224308.BSU01260/224308.BSU16040","physical","txid224308"
"BSU_01260","BSU_05610","RplNA","VmlR","rplN","vmlR","RplN","VmlR","BSU_01260","BSU_05610","string-db","224308.BSU05610/224308.BSU01260","physical","txid224308"
"BSU_01260","BSU_28580","RplNA","MutSB","rplN","BSU_28580","RplN","RqcU","BSU_01260","BSU_28580","string-db","224308.BSU28580/224308.BSU01260","physical","txid224308"
"BSU_01260","BSU_01280","RplNA","RplE","rplN","rplE","RplN","RplE","BSU_01260","BSU_01280","subtiwiki","224308.BSU01260/224308.BSU01280","physical","txid224308"
"BSU_01260","BSU_15990","RplNA","RpsP","rplN","rpsP","RplN","RpsP","BSU_01260","BSU_15990","string-db","224308.BSU15990/224308.BSU01260","physical","txid224308"
"BSU_01260","BSU_01400","RplNA","RpmJ","rplN","rpmJ","RplN","RpmJ","BSU_01260","BSU_01400","subtiwiki","224308.BSU01260/224308.BSU01400","physical","txid224308"
"BSU_01260","BSU_01310","RplNA","RplF","rplN","rplF","RplN","RplF","BSU_01260","BSU_01310","subtiwiki","224308.BSU01310/224308.BSU01260","physical","txid224308"
"BSU_01260","BSU_01300","RplNA","RpsH","rplN","rpsH","RplN","RpsH","BSU_01260","BSU_01300","subtiwiki","224308.BSU01260/224308.BSU01300","physical","txid224308"
"BSU_01260","BSU_25550","RplNA","RpsT","rplN","BSU_25550","RplN","RpsT","BSU_01260","BSU_25550","string-db","224308.BSU25550/224308.BSU01260","physical","txid224308"
"BSU_01260","BSU_15080","RplNA","RpmF","rplN","rpmF","RplN","RpmF","BSU_01260","BSU_15080","subtiwiki","224308.BSU01260/224308.BSU15080","physical","txid224308"
"BSU_01260","BSU_15640","RplNA","YloA","rplN","rqcH","RplN","RqcH","BSU_01260","BSU_15640","string-db","224308.BSU15640/224308.BSU01260","physical","txid224308"
"BSU_01260","BSU_40910","RplNA","RpsF","rplN","rpsF","RplN","RpsF","BSU_01260","BSU_40910","subtiwiki","224308.BSU01260/224308.BSU40910","physical","txid224308"
"BSU_01260","BSU_01290","RplNA","RpsNA","rplN","rpsN","RplN","RpsN","BSU_01260","BSU_01290","string-db","224308.BSU01290/224308.BSU01260","physical","txid224308"
"BSU_01260","BSU_01440","RplNA","RplQ","rplN","rplQ","RplN","RplQ","BSU_01260","BSU_01440","subtiwiki","224308.BSU01440/224308.BSU01260","physical","txid224308"
"BSU_01260","BSU_15980","RplNA","Ffh","rplN","ffh","RplN","Ffh","BSU_01260","BSU_15980","string-db","224308.BSU15980/224308.BSU01260","physical","txid224308"
"BSU_01260","BSU_01410","RplNA","RpsM","rplN","rpsM","RplN","RpsM","BSU_01260","BSU_01410","string-db","224308.BSU01410/224308.BSU01260","physical","txid224308"
"BSU_01270","BSU_05610","RplX","VmlR","rplX","vmlR","RplX","VmlR","BSU_01270","BSU_05610","string-db","224308.BSU05610/224308.BSU01270","physical","txid224308"
"BSU_01270","BSU_02720","RplX","YccF","rplX","BSU_02720","RplX","YccF","BSU_01270","BSU_02720","subtiwiki","224308.BSU01270/224308.BSU02720","physical","txid224308"
"BSU_01270","BSU_30700","RplX","RpmEB","rplX","rpmEB","RplX","RpmEB","BSU_01270","BSU_30700","subtiwiki","224308.BSU01270/224308.BSU30700","physical","txid224308"
"BSU_01270","BSU_00990","RplX","RpmGB","rplX","rpmGB","RplX","RpmGB","BSU_01270","BSU_00990","subtiwiki","224308.BSU01270/224308.BSU00990","physical","txid224308"
"BSU_01270","BSU_01050","RplX","RplL","rplX","rplL","RplX","RplL","BSU_01270","BSU_01050","subtiwiki","224308.BSU01270/224308.BSU01050","physical","txid224308"
"BSU_01270","BSU_01440","RplX","RplQ","rplX","rplQ","RplX","RplQ","BSU_01270","BSU_01440","subtiwiki","224308.BSU01440/224308.BSU01270","physical","txid224308"
"BSU_01270","BSU_01420","RplX","RpsK","rplX","rpsK","RplX","RpsK","BSU_01270","BSU_01420","string-db","224308.BSU01420/224308.BSU01270","physical","txid224308"
"BSU_01270","BSU_01290","RplX","RpsNA","rplX","rpsN","RplX","RpsN","BSU_01270","BSU_01290","string-db","224308.BSU01290/224308.BSU01270","physical","txid224308"
"BSU_01270","BSU_01340","RplX","RpmD","rplX","rpmD","RplX","RpmD","BSU_01270","BSU_01340","subtiwiki","224308.BSU01270/224308.BSU01340","physical","txid224308"
"BSU_01270","BSU_16040","RplX","RplS","rplX","rplS","RplX","RplS","BSU_01270","BSU_16040","subtiwiki","224308.BSU16040/224308.BSU01270","physical","txid224308"
"BSU_01270","BSU_28580","RplX","MutSB","rplX","BSU_28580","RplX","RqcU","BSU_01270","BSU_28580","string-db","224308.BSU28580/224308.BSU01270","physical","txid224308"
"BSU_01270","BSU_16050","RplX","RbgA","rplX","BSU_16050","RplX","RbgA","BSU_01270","BSU_16050","string-db","224308.BSU16050/224308.BSU01270","physical","txid224308"
"BSU_01270","BSU_15080","RplX","RpmF","rplX","rpmF","RplX","RpmF","BSU_01270","BSU_15080","subtiwiki","224308.BSU01270/224308.BSU15080","physical","txid224308"
"BSU_01270","BSU_27960","RplX","RplU","rplX","rplU","RplX","RplU","BSU_01270","BSU_27960","subtiwiki","224308.BSU27960/224308.BSU01270","physical","txid224308"
"BSU_01270","BSU_01500","RplX","RpsI","rplX","rpsI","RplX","RpsI","BSU_01270","BSU_01500","string-db","224308.BSU01500/224308.BSU01270","physical","txid224308"
"BSU_01270","BSU_24900","RplX","RpmGA","rplX","BSU_24900","RplX","RpmGA","BSU_01270","BSU_24900","subtiwiki","224308.BSU01270/224308.BSU24900","physical","txid224308"
"BSU_01270","BSU_37070","RplX","RpmEA","rplX","rpmE","RplX","RpmE","BSU_01270","BSU_37070","subtiwiki","224308.BSU37070/224308.BSU01270","physical","txid224308"
"BSU_01270","BSU_41060","RplX","RpmH","rplX","rpmH","RplX","RpmH","BSU_01270","BSU_41060","subtiwiki","224308.BSU01270/224308.BSU41060","physical","txid224308"
"BSU_01270","BSU_40890","RplX","RpsR","rplX","rpsR","RplX","RpsR","BSU_01270","BSU_40890","string-db","224308.BSU40890/224308.BSU01270","physical","txid224308"
"BSU_01270","BSU_15990","RplX","RpsP","rplX","rpsP","RplX","RpsP","BSU_01270","BSU_15990","string-db","224308.BSU15990/224308.BSU01270","physical","txid224308"
"BSU_01270","BSU_15640","RplX","YloA","rplX","rqcH","RplX","RqcH","BSU_01270","BSU_15640","string-db","224308.BSU15640/224308.BSU01270","physical","txid224308"
"BSU_01270","BSU_01310","RplX","RplF","rplX","rplF","RplX","RplF","BSU_01270","BSU_01310","subtiwiki","224308.BSU01310/224308.BSU01270","physical","txid224308"
"BSU_01270","BSU_01320","RplX","RplR","rplX","rplR","RplX","RplR","BSU_01270","BSU_01320","subtiwiki","224308.BSU01270/224308.BSU01320","physical","txid224308"
"BSU_01270","BSU_01300","RplX","RpsH","rplX","rpsH","RplX","RpsH","BSU_01270","BSU_01300","string-db","224308.BSU01300/224308.BSU01270","physical","txid224308"
"BSU_01270","BSU_27600","RplX","Rsh","rplX","BSU_27600","RplX","Rel","BSU_01270","BSU_27600","string-db","224308.BSU27600/224308.BSU01270","physical","txid224308"
"BSU_01270","BSU_01400","RplX","RpmJ","rplX","rpmJ","RplX","RpmJ","BSU_01270","BSU_01400","subtiwiki","224308.BSU01270/224308.BSU01400","physical","txid224308"
"BSU_01270","BSU_15980","RplX","Ffh","rplX","ffh","RplX","Ffh","BSU_01270","BSU_15980","string-db","224308.BSU15980/224308.BSU01270","physical","txid224308"
"BSU_01270","BSU_40910","RplX","RpsF","rplX","rpsF","RplX","RpsF","BSU_01270","BSU_40910","string-db","224308.BSU40910/224308.BSU01270","physical","txid224308"
"BSU_01270","BSU_01490","RplX","RplM","rplX","rplM","RplX","RplM","BSU_01270","BSU_01490","subtiwiki","224308.BSU01270/224308.BSU01490","physical","txid224308"
"BSU_01270","BSU_16680","RplX","RpsO","rplX","rpsO","RplX","RpsO","BSU_01270","BSU_16680","string-db","224308.BSU16680/224308.BSU01270","physical","txid224308"
"BSU_01270","BSU_25550","RplX","RpsT","rplX","BSU_25550","RplX","RpsT","BSU_01270","BSU_25550","string-db","224308.BSU25550/224308.BSU01270","physical","txid224308"
"BSU_01270","BSU_25410","RplX","RpsU","rplX","BSU_25410","RplX","RpsU","BSU_01270","BSU_25410","string-db","224308.BSU25410/224308.BSU01270","physical","txid224308"
"BSU_01270","BSU_29660","RplX","RpsD","rplX","rpsD","RplX","RpsD","BSU_01270","BSU_29660","string-db","224308.BSU29660/224308.BSU01270","physical","txid224308"
"BSU_01270","BSU_01410","RplX","RpsM","rplX","rpsM","RplX","RpsM","BSU_01270","BSU_01410","string-db","224308.BSU01410/224308.BSU01270","physical","txid224308"
"BSU_01270","BSU_01330","RplX","RpsE","rplX","rpsE","RplX","RpsE","BSU_01270","BSU_01330","string-db","224308.BSU01330/224308.BSU01270","physical","txid224308"
"BSU_01270","BSU_15820","RplX","RpmB","rplX","rpmB","RplX","RpmB","BSU_01270","BSU_15820","subtiwiki","224308.BSU01270/224308.BSU15820","physical","txid224308"
"BSU_01270","BSU_27940","RplX","RpmA","rplX","rpmA","RplX","RpmA","BSU_01270","BSU_27940","subtiwiki","224308.BSU27940/224308.BSU01270","physical","txid224308"
"BSU_01270","BSU_40500","RplX","RplI","rplX","BSU_40500","RplX","RplI","BSU_01270","BSU_40500","subtiwiki","224308.BSU40500/224308.BSU01270","physical","txid224308"
"BSU_01270","BSU_35310","RplX","Hpf","rplX","hpf","RplX","Hpf","BSU_01270","BSU_35310","string-db","224308.BSU35310/224308.BSU01270","physical","txid224308"
"BSU_01270","BSU_01280","RplX","RplE","rplX","rplE","RplX","RplE","BSU_01270","BSU_01280","subtiwiki","224308.BSU01270/224308.BSU01280","physical","txid224308"
"BSU_01270","BSU_28850","RplX","RplT","rplX","rplT","RplX","RplT","BSU_01270","BSU_28850","subtiwiki","224308.BSU01270/224308.BSU28850","physical","txid224308"
"BSU_01270","BSU_01350","RplX","RplO","rplX","rplO","RplX","RplO","BSU_01270","BSU_01350","subtiwiki","224308.BSU01270/224308.BSU01350","physical","txid224308"
"BSU_01270","BSU_16490","RplX","RpsB","rplX","rpsB","RplX","RpsB","BSU_01270","BSU_16490","string-db","224308.BSU16490/224308.BSU01270","physical","txid224308"
"BSU_01270","BSU_23880","RplX","MifM","rplX","mifM","RplX","MifM","BSU_01270","BSU_23880","string-db","224308.BSU23880/224308.BSU01270","physical","txid224308"
"BSU_01270","BSU_28860","RplX","RpmI","rplX","rpmI","RplX","RpmI","BSU_01270","BSU_28860","subtiwiki","224308.BSU01270/224308.BSU28860","physical","txid224308"
"BSU_01170","BSU_25410","RplD","RpsU","rplD","BSU_25410","RplD","RpsU","BSU_01170","BSU_25410","string-db","224308.BSU25410/224308.BSU01170","physical","txid224308"
"BSU_01170","BSU_37110","RplD","YwjH","rplD","BSU_37110","RplD","YwjH","BSU_01170","BSU_37110","subtiwiki","224308.BSU01170/224308.BSU37110","physical","txid224308"
"BSU_01170","new_2477758_2477958_c","RplD","RpmGC","rplD","rpmGC","RplD","RpmGC","BSU_01170","new_2477758_2477958_c","subtiwiki","224308.BSU01170/224308.new24777582477958c","physical","txid224308"
"BSU_01170","BSU_01050","RplD","RplL","rplD","rplL","RplD","RplL","BSU_01170","BSU_01050","subtiwiki","224308.BSU01170/224308.BSU01050","physical","txid224308"
"BSU_01170","BSU_00520","RplD","Ctc","rplD","ctc","RplD","Ctc","BSU_01170","BSU_00520","subtiwiki","224308.BSU01170/224308.BSU00520","physical","txid224308"
"BSU_01170","BSU_30700","RplD","RpmEB","rplD","rpmEB","RplD","RpmEB","BSU_01170","BSU_30700","subtiwiki","224308.BSU01170/224308.BSU30700","physical","txid224308"
"BSU_01170","BSU_01090","RplD","RplGB","rplD","rplGB","RplD","RplGB","BSU_01170","BSU_01090","subtiwiki","224308.BSU01170/224308.BSU01090","physical","txid224308"
"BSU_01170","BSU_00990","RplD","RpmGB","rplD","rpmGB","RplD","RpmGB","BSU_01170","BSU_00990","subtiwiki","224308.BSU01170/224308.BSU00990","physical","txid224308"
"BSU_01170","BSU_16040","RplD","RplS","rplD","rplS","RplD","RplS","BSU_01170","BSU_16040","subtiwiki","224308.BSU01170/224308.BSU16040","physical","txid224308"
"BSU_01170","BSU_27600","RplD","Rsh","rplD","BSU_27600","RplD","Rel","BSU_01170","BSU_27600","string-db","224308.BSU27600/224308.BSU01170","physical","txid224308"
"BSU_01170","BSU_01280","RplD","RplE","rplD","rplE","RplD","RplE","BSU_01170","BSU_01280","subtiwiki","224308.BSU01170/224308.BSU01280","physical","txid224308"
"BSU_01170","BSU_01410","RplD","RpsM","rplD","rpsM","RplD","RpsM","BSU_01170","BSU_01410","string-db","224308.BSU01410/224308.BSU01170","physical","txid224308"
"BSU_01170","BSU_40890","RplD","RpsR","rplD","rpsR","RplD","RpsR","BSU_01170","BSU_40890","string-db","224308.BSU40890/224308.BSU01170","physical","txid224308"
"BSU_01170","BSU_01420","RplD","RpsK","rplD","rpsK","RplD","RpsK","BSU_01170","BSU_01420","string-db","224308.BSU01420/224308.BSU01170","physical","txid224308"
"BSU_01170","BSU_35310","RplD","Hpf","rplD","hpf","RplD","Hpf","BSU_01170","BSU_35310","string-db","224308.BSU35310/224308.BSU01170","physical","txid224308"
"BSU_01170","BSU_01230","RplD","RplP","rplD","rplP","RplD","RplP","BSU_01170","BSU_01230","subtiwiki","224308.BSU01170/224308.BSU01230","physical","txid224308"
"BSU_01170","BSU_01200","RplD","RpsS","rplD","rpsS","RplD","RpsS","BSU_01170","BSU_01200","string-db","224308.BSU01200/224308.BSU01170","physical","txid224308"
"BSU_01170","BSU_15990","RplD","RpsP","rplD","rpsP","RplD","RpsP","BSU_01170","BSU_15990","string-db","224308.BSU15990/224308.BSU01170","physical","txid224308"
"BSU_01170","BSU_01180","RplD","RplW","rplD","rplW","RplD","RplW","BSU_01170","BSU_01180","subtiwiki","224308.BSU01170/224308.BSU01180","physical","txid224308"
"BSU_01170","BSU_15640","RplD","YloA","rplD","rqcH","RplD","RqcH","BSU_01170","BSU_15640","string-db","224308.BSU15640/224308.BSU01170","physical","txid224308"
"BSU_01170","BSU_05610","RplD","VmlR","rplD","vmlR","RplD","VmlR","BSU_01170","BSU_05610","string-db","224308.BSU05610/224308.BSU01170","physical","txid224308"
"BSU_01170","BSU_29660","RplD","RpsD","rplD","rpsD","RplD","RpsD","BSU_01170","BSU_29660","subtiwiki","224308.BSU01170/224308.BSU29660","physical","txid224308"
"BSU_01170","BSU_01210","RplD","RplV","rplD","rplV","RplD","RplV","BSU_01170","BSU_01210","subtiwiki","224308.BSU01170/224308.BSU01210","physical","txid224308"
"BSU_01170","BSU_01350","RplD","RplO","rplD","rplO","RplD","RplO","BSU_01170","BSU_01350","subtiwiki","224308.BSU01170/224308.BSU01350","physical","txid224308"
"BSU_01170","BSU_16490","RplD","RpsB","rplD","rpsB","RplD","RpsB","BSU_01170","BSU_16490","string-db","224308.BSU16490/224308.BSU01170","physical","txid224308"
"BSU_01170","BSU_01440","RplD","RplQ","rplD","rplQ","RplD","RplQ","BSU_01170","BSU_01440","subtiwiki","224308.BSU01170/224308.BSU01440","physical","txid224308"
"BSU_01170","BSU_16050","RplD","RbgA","rplD","BSU_16050","RplD","RbgA","BSU_01170","BSU_16050","string-db","224308.BSU16050/224308.BSU01170","physical","txid224308"
"BSU_01170","BSU_01500","RplD","RpsI","rplD","rpsI","RplD","RpsI","BSU_01170","BSU_01500","string-db","224308.BSU01500/224308.BSU01170","physical","txid224308"
"BSU_01170","BSU_15820","RplD","RpmB","rplD","rpmB","RplD","RpmB","BSU_01170","BSU_15820","subtiwiki","224308.BSU01170/224308.BSU15820","physical","txid224308"
"BSU_01170","BSU_01320","RplD","RplR","rplD","rplR","RplD","RplR","BSU_01170","BSU_01320","subtiwiki","224308.BSU01170/224308.BSU01320","physical","txid224308"
"BSU_01170","BSU_40910","RplD","RpsF","rplD","rpsF","RplD","RpsF","BSU_01170","BSU_40910","string-db","224308.BSU40910/224308.BSU01170","physical","txid224308"
"BSU_01170","BSU_15980","RplD","Ffh","rplD","ffh","RplD","Ffh","BSU_01170","BSU_15980","string-db","224308.BSU15980/224308.BSU01170","physical","txid224308"
"BSU_01170","BSU_28860","RplD","RpmI","rplD","rpmI","RplD","RpmI","BSU_01170","BSU_28860","subtiwiki","224308.BSU01170/224308.BSU28860","physical","txid224308"
"BSU_01170","BSU_01290","RplD","RpsNA","rplD","rpsN","RplD","RpsN","BSU_01170","BSU_01290","string-db","224308.BSU01290/224308.BSU01170","physical","txid224308"
"BSU_01170","BSU_24900","RplD","RpmGA","rplD","BSU_24900","RplD","RpmGA","BSU_01170","BSU_24900","subtiwiki","224308.BSU01170/224308.BSU24900","physical","txid224308"
"BSU_01170","BSU_28850","RplD","RplT","rplD","rplT","RplD","RplT","BSU_01170","BSU_28850","subtiwiki","224308.BSU01170/224308.BSU28850","physical","txid224308"
"BSU_01170","BSU_01310","RplD","RplF","rplD","rplF","RplD","RplF","BSU_01170","BSU_01310","subtiwiki","224308.BSU01170/224308.BSU01310","physical","txid224308"
"BSU_01170","BSU_28580","RplD","MutSB","rplD","BSU_28580","RplD","RqcU","BSU_01170","BSU_28580","string-db","224308.BSU28580/224308.BSU01170","physical","txid224308"
"BSU_01170","BSU_01250","RplD","RpsQ","rplD","rpsQ","RplD","RpsQ","BSU_01170","BSU_01250","string-db","224308.BSU01250/224308.BSU01170","physical","txid224308"
"BSU_01170","BSU_01300","RplD","RpsH","rplD","rpsH","RplD","RpsH","BSU_01170","BSU_01300","string-db","224308.BSU01300/224308.BSU01170","physical","txid224308"
"BSU_01170","BSU_01260","RplD","RplNA","rplD","rplN","RplD","RplN","BSU_01170","BSU_01260","subtiwiki","224308.BSU01170/224308.BSU01260","physical","txid224308"
"BSU_01170","BSU_27940","RplD","RpmA","rplD","rpmA","RplD","RpmA","BSU_01170","BSU_27940","subtiwiki","224308.BSU01170/224308.BSU27940","physical","txid224308"
"BSU_01170","BSU_16680","RplD","RpsO","rplD","rpsO","RplD","RpsO","BSU_01170","BSU_16680","string-db","224308.BSU16680/224308.BSU01170","physical","txid224308"
"BSU_01170","BSU_01240","RplD","RpmC","rplD","rpmC","RplD","RpmC","BSU_01170","BSU_01240","subtiwiki","224308.BSU01170/224308.BSU01240","physical","txid224308"
"BSU_01170","BSU_01190","RplD","RplB","rplD","rplB","RplD","RplB","BSU_01170","BSU_01190","subtiwiki","224308.BSU01170/224308.BSU01190","physical","txid224308"
"BSU_01170","BSU_40500","RplD","RplI","rplD","BSU_40500","RplD","RplI","BSU_01170","BSU_40500","subtiwiki","224308.BSU01170/224308.BSU40500","physical","txid224308"
"BSU_01170","BSU_27960","RplD","RplU","rplD","rplU","RplD","RplU","BSU_01170","BSU_27960","subtiwiki","224308.BSU01170/224308.BSU27960","physical","txid224308"
"BSU_01170","BSU_41060","RplD","RpmH","rplD","rpmH","RplD","RpmH","BSU_01170","BSU_41060","subtiwiki","224308.BSU01170/224308.BSU41060","physical","txid224308"
"BSU_01170","BSU_01340","RplD","RpmD","rplD","rpmD","RplD","RpmD","BSU_01170","BSU_01340","subtiwiki","224308.BSU01170/224308.BSU01340","physical","txid224308"
"BSU_01170","BSU_01220","RplD","RpsC","rplD","rpsC","RplD","RpsC","BSU_01170","BSU_01220","string-db","224308.BSU01220/224308.BSU01170","physical","txid224308"
"BSU_01170","BSU_01330","RplD","RpsE","rplD","rpsE","RplD","RpsE","BSU_01170","BSU_01330","string-db","224308.BSU01330/224308.BSU01170","physical","txid224308"
"BSU_01170","BSU_15080","RplD","RpmF","rplD","rpmF","RplD","RpmF","BSU_01170","BSU_15080","subtiwiki","224308.BSU01170/224308.BSU15080","physical","txid224308"
"BSU_01170","BSU_23880","RplD","MifM","rplD","mifM","RplD","MifM","BSU_01170","BSU_23880","subtiwiki","224308.BSU01170/224308.BSU23880","physical","txid224308"
"BSU_01170","BSU_01490","RplD","RplM","rplD","rplM","RplD","RplM","BSU_01170","BSU_01490","subtiwiki","224308.BSU01170/224308.BSU01490","physical","txid224308"
"BSU_01170","BSU_25550","RplD","RpsT","rplD","BSU_25550","RplD","RpsT","BSU_01170","BSU_25550","string-db","224308.BSU25550/224308.BSU01170","physical","txid224308"
"BSU_01170","BSU_01400","RplD","RpmJ","rplD","rpmJ","RplD","RpmJ","BSU_01170","BSU_01400","subtiwiki","224308.BSU01170/224308.BSU01400","physical","txid224308"
"BSU_01170","BSU_01270","RplD","RplX","rplD","rplX","RplD","RplX","BSU_01170","BSU_01270","subtiwiki","224308.BSU01170/224308.BSU01270","physical","txid224308"
"BSU_01170","BSU_37070","RplD","RpmEA","rplD","rpmE","RplD","RpmE","BSU_01170","BSU_37070","subtiwiki","224308.BSU01170/224308.BSU37070","physical","txid224308"
"BSU_01340","BSU_25550","RpmD","RpsT","rpmD","BSU_25550","RpmD","RpsT","BSU_01340","BSU_25550","string-db","224308.BSU25550/224308.BSU01340","physical","txid224308"
"BSU_01340","BSU_00990","RpmD","RpmGB","rpmD","rpmGB","RpmD","RpmGB","BSU_01340","BSU_00990","subtiwiki","224308.BSU01340/224308.BSU00990","physical","txid224308"
"BSU_01340","BSU_30700","RpmD","RpmEB","rpmD","rpmEB","RpmD","RpmEB","BSU_01340","BSU_30700","subtiwiki","224308.BSU01340/224308.BSU30700","physical","txid224308"
"BSU_01340","BSU_01050","RpmD","RplL","rpmD","rplL","RpmD","RplL","BSU_01340","BSU_01050","subtiwiki","224308.BSU01340/224308.BSU01050","physical","txid224308"
"BSU_01340","BSU_05610","RpmD","VmlR","rpmD","vmlR","RpmD","VmlR","BSU_01340","BSU_05610","string-db","224308.BSU05610/224308.BSU01340","physical","txid224308"
"BSU_01340","BSU_01350","RpmD","RplO","rpmD","rplO","RpmD","RplO","BSU_01340","BSU_01350","subtiwiki","224308.BSU01340/224308.BSU01350","physical","txid224308"
"BSU_01340","BSU_01420","RpmD","RpsK","rpmD","rpsK","RpmD","RpsK","BSU_01340","BSU_01420","string-db","224308.BSU01420/224308.BSU01340","physical","txid224308"
"BSU_01340","BSU_15640","RpmD","YloA","rpmD","rqcH","RpmD","RqcH","BSU_01340","BSU_15640","string-db","224308.BSU15640/224308.BSU01340","physical","txid224308"
"BSU_01340","BSU_40500","RpmD","RplI","rpmD","BSU_40500","RpmD","RplI","BSU_01340","BSU_40500","subtiwiki","224308.BSU40500/224308.BSU01340","physical","txid224308"
"BSU_01340","BSU_28860","RpmD","RpmI","rpmD","rpmI","RpmD","RpmI","BSU_01340","BSU_28860","subtiwiki","224308.BSU28860/224308.BSU01340","physical","txid224308"
"BSU_01340","BSU_28580","RpmD","MutSB","rpmD","BSU_28580","RpmD","RqcU","BSU_01340","BSU_28580","string-db","224308.BSU28580/224308.BSU01340","physical","txid224308"
"BSU_01340","BSU_16050","RpmD","RbgA","rpmD","BSU_16050","RpmD","RbgA","BSU_01340","BSU_16050","string-db","224308.BSU16050/224308.BSU01340","physical","txid224308"
"BSU_01340","BSU_01490","RpmD","RplM","rpmD","rplM","RpmD","RplM","BSU_01340","BSU_01490","subtiwiki","224308.BSU01340/224308.BSU01490","physical","txid224308"
"BSU_01340","BSU_35310","RpmD","Hpf","rpmD","hpf","RpmD","Hpf","BSU_01340","BSU_35310","string-db","224308.BSU35310/224308.BSU01340","physical","txid224308"
"BSU_01340","BSU_01410","RpmD","RpsM","rpmD","rpsM","RpmD","RpsM","BSU_01340","BSU_01410","string-db","224308.BSU01410/224308.BSU01340","physical","txid224308"
"BSU_01340","BSU_37070","RpmD","RpmEA","rpmD","rpmE","RpmD","RpmE","BSU_01340","BSU_37070","subtiwiki","224308.BSU37070/224308.BSU01340","physical","txid224308"
"BSU_01340","BSU_15990","RpmD","RpsP","rpmD","rpsP","RpmD","RpsP","BSU_01340","BSU_15990","string-db","224308.BSU15990/224308.BSU01340","physical","txid224308"
"BSU_01340","BSU_01440","RpmD","RplQ","rpmD","rplQ","RpmD","RplQ","BSU_01340","BSU_01440","subtiwiki","224308.BSU01440/224308.BSU01340","physical","txid224308"
"BSU_01340","BSU_15080","RpmD","RpmF","rpmD","rpmF","RpmD","RpmF","BSU_01340","BSU_15080","subtiwiki","224308.BSU01340/224308.BSU15080","physical","txid224308"
"BSU_01340","BSU_16040","RpmD","RplS","rpmD","rplS","RpmD","RplS","BSU_01340","BSU_16040","subtiwiki","224308.BSU16040/224308.BSU01340","physical","txid224308"
"BSU_01340","BSU_25410","RpmD","RpsU","rpmD","BSU_25410","RpmD","RpsU","BSU_01340","BSU_25410","string-db","224308.BSU25410/224308.BSU01340","physical","txid224308"
"BSU_01340","BSU_40890","RpmD","RpsR","rpmD","rpsR","RpmD","RpsR","BSU_01340","BSU_40890","string-db","224308.BSU40890/224308.BSU01340","physical","txid224308"
"BSU_01340","BSU_15980","RpmD","Ffh","rpmD","ffh","RpmD","Ffh","BSU_01340","BSU_15980","string-db","224308.BSU15980/224308.BSU01340","physical","txid224308"
"BSU_01340","BSU_27940","RpmD","RpmA","rpmD","rpmA","RpmD","RpmA","BSU_01340","BSU_27940","subtiwiki","224308.BSU27940/224308.BSU01340","physical","txid224308"
"BSU_01340","BSU_23880","RpmD","MifM","rpmD","mifM","RpmD","MifM","BSU_01340","BSU_23880","string-db","224308.BSU23880/224308.BSU01340","physical","txid224308"
"BSU_01340","BSU_01500","RpmD","RpsI","rpmD","rpsI","RpmD","RpsI","BSU_01340","BSU_01500","string-db","224308.BSU01500/224308.BSU01340","physical","txid224308"
"BSU_01340","BSU_29660","RpmD","RpsD","rpmD","rpsD","RpmD","RpsD","BSU_01340","BSU_29660","string-db","224308.BSU29660/224308.BSU01340","physical","txid224308"
"BSU_01340","BSU_28850","RpmD","RplT","rpmD","rplT","RpmD","RplT","BSU_01340","BSU_28850","subtiwiki","224308.BSU28850/224308.BSU01340","physical","txid224308"
"BSU_01340","BSU_40910","RpmD","RpsF","rpmD","rpsF","RpmD","RpsF","BSU_01340","BSU_40910","string-db","224308.BSU40910/224308.BSU01340","physical","txid224308"
"BSU_01340","BSU_41060","RpmD","RpmH","rpmD","rpmH","RpmD","RpmH","BSU_01340","BSU_41060","subtiwiki","224308.BSU01340/224308.BSU41060","physical","txid224308"
"BSU_01340","BSU_24900","RpmD","RpmGA","rpmD","BSU_24900","RpmD","RpmGA","BSU_01340","BSU_24900","subtiwiki","224308.BSU01340/224308.BSU24900","physical","txid224308"
"BSU_01340","BSU_16680","RpmD","RpsO","rpmD","rpsO","RpmD","RpsO","BSU_01340","BSU_16680","string-db","224308.BSU16680/224308.BSU01340","physical","txid224308"
"BSU_01340","BSU_27600","RpmD","Rsh","rpmD","BSU_27600","RpmD","Rel","BSU_01340","BSU_27600","string-db","224308.BSU27600/224308.BSU01340","physical","txid224308"
"BSU_01340","BSU_01400","RpmD","RpmJ","rpmD","rpmJ","RpmD","RpmJ","BSU_01340","BSU_01400","subtiwiki","224308.BSU01340/224308.BSU01400","physical","txid224308"
"BSU_01340","BSU_15820","RpmD","RpmB","rpmD","rpmB","RpmD","RpmB","BSU_01340","BSU_15820","subtiwiki","224308.BSU01340/224308.BSU15820","physical","txid224308"
"BSU_01340","BSU_27960","RpmD","RplU","rpmD","rplU","RpmD","RplU","BSU_01340","BSU_27960","subtiwiki","224308.BSU27960/224308.BSU01340","physical","txid224308"
"BSU_01340","BSU_16490","RpmD","RpsB","rpmD","rpsB","RpmD","RpsB","BSU_01340","BSU_16490","string-db","224308.BSU16490/224308.BSU01340","physical","txid224308"
"BSU_01400","BSU_01420","RpmJ","RpsK","rpmJ","rpsK","RpmJ","RpsK","BSU_01400","BSU_01420","string-db","224308.BSU01420/224308.BSU01400","physical","txid224308"
"BSU_01400","BSU_27940","RpmJ","RpmA","rpmJ","rpmA","RpmJ","RpmA","BSU_01400","BSU_27940","subtiwiki","224308.BSU27940/224308.BSU01400","physical","txid224308"
"BSU_01400","BSU_01490","RpmJ","RplM","rpmJ","rplM","RpmJ","RplM","BSU_01400","BSU_01490","subtiwiki","224308.BSU01490/224308.BSU01400","physical","txid224308"
"BSU_01400","BSU_15640","RpmJ","YloA","rpmJ","rqcH","RpmJ","RqcH","BSU_01400","BSU_15640","string-db","224308.BSU15640/224308.BSU01400","physical","txid224308"
"BSU_01400","BSU_15980","RpmJ","Ffh","rpmJ","ffh","RpmJ","Ffh","BSU_01400","BSU_15980","string-db","224308.BSU15980/224308.BSU01400","physical","txid224308"
"BSU_01400","BSU_15080","RpmJ","RpmF","rpmJ","rpmF","RpmJ","RpmF","BSU_01400","BSU_15080","subtiwiki","224308.BSU15080/224308.BSU01400","physical","txid224308"
"BSU_01400","BSU_37070","RpmJ","RpmEA","rpmJ","rpmE","RpmJ","RpmE","BSU_01400","BSU_37070","subtiwiki","224308.BSU37070/224308.BSU01400","physical","txid224308"
"BSU_01400","BSU_29660","RpmJ","RpsD","rpmJ","rpsD","RpmJ","RpsD","BSU_01400","BSU_29660","string-db","224308.BSU29660/224308.BSU01400","physical","txid224308"
"BSU_01400","BSU_23880","RpmJ","MifM","rpmJ","mifM","RpmJ","MifM","BSU_01400","BSU_23880","string-db","224308.BSU23880/224308.BSU01400","physical","txid224308"
"BSU_01400","BSU_25550","RpmJ","RpsT","rpmJ","BSU_25550","RpmJ","RpsT","BSU_01400","BSU_25550","string-db","224308.BSU25550/224308.BSU01400","physical","txid224308"
"BSU_01400","BSU_25410","RpmJ","RpsU","rpmJ","BSU_25410","RpmJ","RpsU","BSU_01400","BSU_25410","string-db","224308.BSU25410/224308.BSU01400","physical","txid224308"
"BSU_01400","BSU_16680","RpmJ","RpsO","rpmJ","rpsO","RpmJ","RpsO","BSU_01400","BSU_16680","string-db","224308.BSU16680/224308.BSU01400","physical","txid224308"
"BSU_01400","BSU_24900","RpmJ","RpmGA","rpmJ","BSU_24900","RpmJ","RpmGA","BSU_01400","BSU_24900","subtiwiki","224308.BSU24900/224308.BSU01400","physical","txid224308"
"BSU_01400","BSU_40910","RpmJ","RpsF","rpmJ","rpsF","RpmJ","RpsF","BSU_01400","BSU_40910","string-db","224308.BSU40910/224308.BSU01400","physical","txid224308"
"BSU_01400","BSU_27960","RpmJ","RplU","rpmJ","rplU","RpmJ","RplU","BSU_01400","BSU_27960","subtiwiki","224308.BSU27960/224308.BSU01400","physical","txid224308"
"BSU_01400","BSU_40890","RpmJ","RpsR","rpmJ","rpsR","RpmJ","RpsR","BSU_01400","BSU_40890","string-db","224308.BSU40890/224308.BSU01400","physical","txid224308"
"BSU_01400","BSU_16490","RpmJ","RpsB","rpmJ","rpsB","RpmJ","RpsB","BSU_01400","BSU_16490","string-db","224308.BSU16490/224308.BSU01400","physical","txid224308"
"BSU_01400","BSU_16040","RpmJ","RplS","rpmJ","rplS","RpmJ","RplS","BSU_01400","BSU_16040","subtiwiki","224308.BSU16040/224308.BSU01400","physical","txid224308"
"BSU_01400","BSU_15820","RpmJ","RpmB","rpmJ","rpmB","RpmJ","RpmB","BSU_01400","BSU_15820","subtiwiki","224308.BSU15820/224308.BSU01400","physical","txid224308"
"BSU_01400","BSU_15990","RpmJ","RpsP","rpmJ","rpsP","RpmJ","RpsP","BSU_01400","BSU_15990","string-db","224308.BSU15990/224308.BSU01400","physical","txid224308"
"BSU_01400","BSU_28580","RpmJ","MutSB","rpmJ","BSU_28580","RpmJ","RqcU","BSU_01400","BSU_28580","string-db","224308.BSU28580/224308.BSU01400","physical","txid224308"
"BSU_01400","BSU_01410","RpmJ","RpsM","rpmJ","rpsM","RpmJ","RpsM","BSU_01400","BSU_01410","string-db","224308.BSU01410/224308.BSU01400","physical","txid224308"
"BSU_01400","BSU_28860","RpmJ","RpmI","rpmJ","rpmI","RpmJ","RpmI","BSU_01400","BSU_28860","subtiwiki","224308.BSU28860/224308.BSU01400","physical","txid224308"
"BSU_01400","BSU_41060","RpmJ","RpmH","rpmJ","rpmH","RpmJ","RpmH","BSU_01400","BSU_41060","subtiwiki","224308.BSU41060/224308.BSU01400","physical","txid224308"
"BSU_01400","BSU_27600","RpmJ","Rsh","rpmJ","BSU_27600","RpmJ","Rel","BSU_01400","BSU_27600","string-db","224308.BSU27600/224308.BSU01400","physical","txid224308"
"BSU_01400","BSU_05610","RpmJ","VmlR","rpmJ","vmlR","RpmJ","VmlR","BSU_01400","BSU_05610","string-db","224308.BSU05610/224308.BSU01400","physical","txid224308"
"BSU_01400","BSU_35310","RpmJ","Hpf","rpmJ","hpf","RpmJ","Hpf","BSU_01400","BSU_35310","string-db","224308.BSU35310/224308.BSU01400","physical","txid224308"
"BSU_01400","BSU_01500","RpmJ","RpsI","rpmJ","rpsI","RpmJ","RpsI","BSU_01400","BSU_01500","string-db","224308.BSU01500/224308.BSU01400","physical","txid224308"
"BSU_01400","BSU_01440","RpmJ","RplQ","rpmJ","rplQ","RpmJ","RplQ","BSU_01400","BSU_01440","subtiwiki","224308.BSU01440/224308.BSU01400","physical","txid224308"
"BSU_01400","BSU_28850","RpmJ","RplT","rpmJ","rplT","RpmJ","RplT","BSU_01400","BSU_28850","subtiwiki","224308.BSU28850/224308.BSU01400","physical","txid224308"
"BSU_01400","BSU_40500","RpmJ","RplI","rpmJ","BSU_40500","RpmJ","RplI","BSU_01400","BSU_40500","subtiwiki","224308.BSU40500/224308.BSU01400","physical","txid224308"
"BSU_24900","BSU_29660","RpmGA","RpsD","BSU_24900","rpsD","RpmGA","RpsD","BSU_24900","BSU_29660","string-db","224308.BSU29660/224308.BSU24900","physical","txid224308"
"BSU_24900","BSU_30700","RpmGA","RpmEB","BSU_24900","rpmEB","RpmGA","RpmEB","BSU_24900","BSU_30700","subtiwiki","224308.BSU24900/224308.BSU30700","physical","txid224308"
"BSU_24900","BSU_01050","RpmGA","RplL","BSU_24900","rplL","RpmGA","RplL","BSU_24900","BSU_01050","subtiwiki","224308.BSU24900/224308.BSU01050","physical","txid224308"
"BSU_24900","BSU_35310","RpmGA","Hpf","BSU_24900","hpf","RpmGA","Hpf","BSU_24900","BSU_35310","string-db","224308.BSU35310/224308.BSU24900","physical","txid224308"
"BSU_24900","BSU_28580","RpmGA","MutSB","BSU_24900","BSU_28580","RpmGA","RqcU","BSU_24900","BSU_28580","string-db","224308.BSU28580/224308.BSU24900","physical","txid224308"
"BSU_24900","BSU_40910","RpmGA","RpsF","BSU_24900","rpsF","RpmGA","RpsF","BSU_24900","BSU_40910","string-db","224308.BSU40910/224308.BSU24900","physical","txid224308"
"BSU_24900","BSU_27600","RpmGA","Rsh","BSU_24900","BSU_27600","RpmGA","Rel","BSU_24900","BSU_27600","string-db","224308.BSU27600/224308.BSU24900","physical","txid224308"
"BSU_24900","BSU_28860","RpmGA","RpmI","BSU_24900","rpmI","RpmGA","RpmI","BSU_24900","BSU_28860","subtiwiki","224308.BSU28860/224308.BSU24900","physical","txid224308"
"BSU_24900","BSU_40500","RpmGA","RplI","BSU_24900","BSU_40500","RpmGA","RplI","BSU_24900","BSU_40500","subtiwiki","224308.BSU40500/224308.BSU24900","physical","txid224308"
"BSU_24900","BSU_41060","RpmGA","RpmH","BSU_24900","rpmH","RpmGA","RpmH","BSU_24900","BSU_41060","subtiwiki","224308.BSU24900/224308.BSU41060","physical","txid224308"
"BSU_24900","BSU_27960","RpmGA","RplU","BSU_24900","rplU","RpmGA","RplU","BSU_24900","BSU_27960","subtiwiki","224308.BSU27960/224308.BSU24900","physical","txid224308"
"BSU_24900","BSU_40890","RpmGA","RpsR","BSU_24900","rpsR","RpmGA","RpsR","BSU_24900","BSU_40890","string-db","224308.BSU40890/224308.BSU24900","physical","txid224308"
"BSU_24900","BSU_27940","RpmGA","RpmA","BSU_24900","rpmA","RpmGA","RpmA","BSU_24900","BSU_27940","subtiwiki","224308.BSU27940/224308.BSU24900","physical","txid224308"
"BSU_24900","BSU_28850","RpmGA","RplT","BSU_24900","rplT","RpmGA","RplT","BSU_24900","BSU_28850","subtiwiki","224308.BSU28850/224308.BSU24900","physical","txid224308"
"BSU_24900","BSU_37070","RpmGA","RpmEA","BSU_24900","rpmE","RpmGA","RpmE","BSU_24900","BSU_37070","subtiwiki","224308.BSU37070/224308.BSU24900","physical","txid224308"
"BSU_24900","BSU_25410","RpmGA","RpsU","BSU_24900","BSU_25410","RpmGA","RpsU","BSU_24900","BSU_25410","string-db","224308.BSU25410/224308.BSU24900","physical","txid224308"
"BSU_24900","BSU_25550","RpmGA","RpsT","BSU_24900","BSU_25550","RpmGA","RpsT","BSU_24900","BSU_25550","string-db","224308.BSU25550/224308.BSU24900","physical","txid224308"
"BSU_01320","BSU_40890","RplR","RpsR","rplR","rpsR","RplR","RpsR","BSU_01320","BSU_40890","string-db","224308.BSU40890/224308.BSU01320","physical","txid224308"
"BSU_01320","BSU_30700","RplR","RpmEB","rplR","rpmEB","RplR","RpmEB","BSU_01320","BSU_30700","subtiwiki","224308.BSU01320/224308.BSU30700","physical","txid224308"
"BSU_01320","BSU_00990","RplR","RpmGB","rplR","rpmGB","RplR","RpmGB","BSU_01320","BSU_00990","subtiwiki","224308.BSU01320/224308.BSU00990","physical","txid224308"
"BSU_01320","BSU_01050","RplR","RplL","rplR","rplL","RplR","RplL","BSU_01320","BSU_01050","subtiwiki","224308.BSU01320/224308.BSU01050","physical","txid224308"
"BSU_01320","BSU_25550","RplR","RpsT","rplR","BSU_25550","RplR","RpsT","BSU_01320","BSU_25550","string-db","224308.BSU25550/224308.BSU01320","physical","txid224308"
"BSU_01320","BSU_27600","RplR","Rsh","rplR","BSU_27600","RplR","Rel","BSU_01320","BSU_27600","string-db","224308.BSU27600/224308.BSU01320","physical","txid224308"
"BSU_01320","BSU_28580","RplR","MutSB","rplR","BSU_28580","RplR","RqcU","BSU_01320","BSU_28580","string-db","224308.BSU28580/224308.BSU01320","physical","txid224308"
"BSU_01320","BSU_25410","RplR","RpsU","rplR","BSU_25410","RplR","RpsU","BSU_01320","BSU_25410","string-db","224308.BSU25410/224308.BSU01320","physical","txid224308"
"BSU_01320","BSU_40910","RplR","RpsF","rplR","rpsF","RplR","RpsF","BSU_01320","BSU_40910","string-db","224308.BSU40910/224308.BSU01320","physical","txid224308"
"BSU_01320","BSU_16680","RplR","RpsO","rplR","rpsO","RplR","RpsO","BSU_01320","BSU_16680","string-db","224308.BSU16680/224308.BSU01320","physical","txid224308"
"BSU_01320","BSU_35310","RplR","Hpf","rplR","hpf","RplR","Hpf","BSU_01320","BSU_35310","string-db","224308.BSU35310/224308.BSU01320","physical","txid224308"
"BSU_01320","BSU_41060","RplR","RpmH","rplR","rpmH","RplR","RpmH","BSU_01320","BSU_41060","subtiwiki","224308.BSU01320/224308.BSU41060","physical","txid224308"
"BSU_01320","BSU_01440","RplR","RplQ","rplR","rplQ","RplR","RplQ","BSU_01320","BSU_01440","subtiwiki","224308.BSU01440/224308.BSU01320","physical","txid224308"
"BSU_01320","BSU_01490","RplR","RplM","rplR","rplM","RplR","RplM","BSU_01320","BSU_01490","subtiwiki","224308.BSU01320/224308.BSU01490","physical","txid224308"
"BSU_01320","BSU_15820","RplR","RpmB","rplR","rpmB","RplR","RpmB","BSU_01320","BSU_15820","subtiwiki","224308.BSU15820/224308.BSU01320","physical","txid224308"
"BSU_01320","BSU_15640","RplR","YloA","rplR","rqcH","RplR","RqcH","BSU_01320","BSU_15640","string-db","224308.BSU15640/224308.BSU01320","physical","txid224308"
"BSU_01320","BSU_28850","RplR","RplT","rplR","rplT","RplR","RplT","BSU_01320","BSU_28850","subtiwiki","224308.BSU28850/224308.BSU01320","physical","txid224308"
"BSU_01320","BSU_01410","RplR","RpsM","rplR","rpsM","RplR","RpsM","BSU_01320","BSU_01410","string-db","224308.BSU01410/224308.BSU01320","physical","txid224308"
"BSU_01320","BSU_05610","RplR","VmlR","rplR","vmlR","RplR","VmlR","BSU_01320","BSU_05610","string-db","224308.BSU05610/224308.BSU01320","physical","txid224308"
"BSU_01320","BSU_01400","RplR","RpmJ","rplR","rpmJ","RplR","RpmJ","BSU_01320","BSU_01400","subtiwiki","224308.BSU01320/224308.BSU01400","physical","txid224308"
"BSU_01320","BSU_01500","RplR","RpsI","rplR","rpsI","RplR","RpsI","BSU_01320","BSU_01500","string-db","224308.BSU01500/224308.BSU01320","physical","txid224308"
"BSU_01320","BSU_28860","RplR","RpmI","rplR","rpmI","RplR","RpmI","BSU_01320","BSU_28860","subtiwiki","224308.BSU28860/224308.BSU01320","physical","txid224308"
"BSU_01320","BSU_23880","RplR","MifM","rplR","mifM","RplR","MifM","BSU_01320","BSU_23880","string-db","224308.BSU23880/224308.BSU01320","physical","txid224308"
"BSU_01320","BSU_15080","RplR","RpmF","rplR","rpmF","RplR","RpmF","BSU_01320","BSU_15080","subtiwiki","224308.BSU15080/224308.BSU01320","physical","txid224308"
"BSU_01320","BSU_01330","RplR","RpsE","rplR","rpsE","RplR","RpsE","BSU_01320","BSU_01330","string-db","224308.BSU01330/224308.BSU01320","physical","txid224308"
"BSU_01320","BSU_15980","RplR","Ffh","rplR","ffh","RplR","Ffh","BSU_01320","BSU_15980","string-db","224308.BSU15980/224308.BSU01320","physical","txid224308"
"BSU_01320","BSU_29660","RplR","RpsD","rplR","rpsD","RplR","RpsD","BSU_01320","BSU_29660","string-db","224308.BSU29660/224308.BSU01320","physical","txid224308"
"BSU_01320","BSU_01420","RplR","RpsK","rplR","rpsK","RplR","RpsK","BSU_01320","BSU_01420","string-db","224308.BSU01420/224308.BSU01320","physical","txid224308"
"BSU_01320","BSU_16050","RplR","RbgA","rplR","BSU_16050","RplR","RbgA","BSU_01320","BSU_16050","string-db","224308.BSU16050/224308.BSU01320","physical","txid224308"
"BSU_01320","BSU_40500","RplR","RplI","rplR","BSU_40500","RplR","RplI","BSU_01320","BSU_40500","subtiwiki","224308.BSU40500/224308.BSU01320","physical","txid224308"
"BSU_01320","BSU_27940","RplR","RpmA","rplR","rpmA","RplR","RpmA","BSU_01320","BSU_27940","subtiwiki","224308.BSU27940/224308.BSU01320","physical","txid224308"
"BSU_01320","BSU_16490","RplR","RpsB","rplR","rpsB","RplR","RpsB","BSU_01320","BSU_16490","string-db","224308.BSU16490/224308.BSU01320","physical","txid224308"
"BSU_01320","BSU_16040","RplR","RplS","rplR","rplS","RplR","RplS","BSU_01320","BSU_16040","subtiwiki","224308.BSU16040/224308.BSU01320","physical","txid224308"
"BSU_01320","BSU_27960","RplR","RplU","rplR","rplU","RplR","RplU","BSU_01320","BSU_27960","subtiwiki","224308.BSU27960/224308.BSU01320","physical","txid224308"
"BSU_01320","BSU_37070","RplR","RpmEA","rplR","rpmE","RplR","RpmE","BSU_01320","BSU_37070","subtiwiki","224308.BSU37070/224308.BSU01320","physical","txid224308"
"BSU_01320","BSU_01350","RplR","RplO","rplR","rplO","RplR","RplO","BSU_01320","BSU_01350","subtiwiki","224308.BSU01320/224308.BSU01350","physical","txid224308"
"BSU_01320","BSU_15990","RplR","RpsP","rplR","rpsP","RplR","RpsP","BSU_01320","BSU_15990","string-db","224308.BSU15990/224308.BSU01320","physical","txid224308"
"BSU_01320","BSU_24900","RplR","RpmGA","rplR","BSU_24900","RplR","RpmGA","BSU_01320","BSU_24900","subtiwiki","224308.BSU01320/224308.BSU24900","physical","txid224308"
"BSU_01320","BSU_01340","RplR","RpmD","rplR","rpmD","RplR","RpmD","BSU_01320","BSU_01340","subtiwiki","224308.BSU01340/224308.BSU01320","physical","txid224308"
"BSU_01040","BSU_16040","RplJ","RplS","rplJ","rplS","RplJ","RplS","BSU_01040","BSU_16040","subtiwiki","224308.BSU16040/224308.BSU01040","physical","txid224308"
"BSU_01040","BSU_00990","RplJ","RpmGB","rplJ","rpmGB","RplJ","RpmGB","BSU_01040","BSU_00990","subtiwiki","224308.BSU01040/224308.BSU00990","physical","txid224308"
"BSU_01040","BSU_01050","RplJ","RplL","rplJ","rplL","RplJ","RplL","BSU_01040","BSU_01050","subtiwiki","224308.BSU01040/224308.BSU01050","physical","txid224308"
"BSU_01040","BSU_30700","RplJ","RpmEB","rplJ","rpmEB","RplJ","RpmEB","BSU_01040","BSU_30700","subtiwiki","224308.BSU01040/224308.BSU30700","physical","txid224308"
"BSU_01040","BSU_01280","RplJ","RplE","rplJ","rplE","RplJ","RplE","BSU_01040","BSU_01280","subtiwiki","224308.BSU01040/224308.BSU01280","physical","txid224308"
"BSU_01040","BSU_01270","RplJ","RplX","rplJ","rplX","RplJ","RplX","BSU_01040","BSU_01270","subtiwiki","224308.BSU01040/224308.BSU01270","physical","txid224308"
"BSU_01040","BSU_40890","RplJ","RpsR","rplJ","rpsR","RplJ","RpsR","BSU_01040","BSU_40890","string-db","224308.BSU40890/224308.BSU01040","physical","txid224308"
"BSU_01040","BSU_15990","RplJ","RpsP","rplJ","rpsP","RplJ","RpsP","BSU_01040","BSU_15990","string-db","224308.BSU15990/224308.BSU01040","physical","txid224308"
"BSU_01040","BSU_15980","RplJ","Ffh","rplJ","ffh","RplJ","Ffh","BSU_01040","BSU_15980","string-db","224308.BSU15980/224308.BSU01040","physical","txid224308"
"BSU_01040","BSU_01210","RplJ","RplV","rplJ","rplV","RplJ","RplV","BSU_01040","BSU_01210","subtiwiki","224308.BSU01040/224308.BSU01210","physical","txid224308"
"BSU_01040","BSU_01170","RplJ","RplD","rplJ","rplD","RplJ","RplD","BSU_01040","BSU_01170","subtiwiki","224308.BSU01170/224308.BSU01040","physical","txid224308"
"BSU_01040","BSU_40500","RplJ","RplI","rplJ","BSU_40500","RplJ","RplI","BSU_01040","BSU_40500","subtiwiki","224308.BSU40500/224308.BSU01040","physical","txid224308"
"BSU_01040","BSU_29660","RplJ","RpsD","rplJ","rpsD","RplJ","RpsD","BSU_01040","BSU_29660","string-db","224308.BSU29660/224308.BSU01040","physical","txid224308"
"BSU_01040","BSU_15820","RplJ","RpmB","rplJ","rpmB","RplJ","RpmB","BSU_01040","BSU_15820","subtiwiki","224308.BSU01040/224308.BSU15820","physical","txid224308"
"BSU_01040","BSU_01190","RplJ","RplB","rplJ","rplB","RplJ","RplB","BSU_01040","BSU_01190","subtiwiki","224308.BSU01040/224308.BSU01190","physical","txid224308"
"BSU_01040","BSU_01500","RplJ","RpsI","rplJ","rpsI","RplJ","RpsI","BSU_01040","BSU_01500","string-db","224308.BSU01500/224308.BSU01040","physical","txid224308"
"BSU_01040","BSU_01180","RplJ","RplW","rplJ","rplW","RplJ","RplW","BSU_01040","BSU_01180","subtiwiki","224308.BSU01040/224308.BSU01180","physical","txid224308"
"BSU_01040","BSU_01410","RplJ","RpsM","rplJ","rpsM","RplJ","RpsM","BSU_01040","BSU_01410","string-db","224308.BSU01410/224308.BSU01040","physical","txid224308"
"BSU_01040","BSU_15640","RplJ","YloA","rplJ","rqcH","RplJ","RqcH","BSU_01040","BSU_15640","string-db","224308.BSU15640/224308.BSU01040","physical","txid224308"
"BSU_01040","BSU_01300","RplJ","RpsH","rplJ","rpsH","RplJ","RpsH","BSU_01040","BSU_01300","string-db","224308.BSU01300/224308.BSU01040","physical","txid224308"
"BSU_01040","BSU_01320","RplJ","RplR","rplJ","rplR","RplJ","RplR","BSU_01040","BSU_01320","subtiwiki","224308.BSU01040/224308.BSU01320","physical","txid224308"
"BSU_01040","BSU_25550","RplJ","RpsT","rplJ","BSU_25550","RplJ","RpsT","BSU_01040","BSU_25550","string-db","224308.BSU25550/224308.BSU01040","physical","txid224308"
"BSU_01040","BSU_01240","RplJ","RpmC","rplJ","rpmC","RplJ","RpmC","BSU_01040","BSU_01240","subtiwiki","224308.BSU01240/224308.BSU01040","physical","txid224308"
"BSU_01040","BSU_01350","RplJ","RplO","rplJ","rplO","RplJ","RplO","BSU_01040","BSU_01350","subtiwiki","224308.BSU01040/224308.BSU01350","physical","txid224308"
"BSU_01040","BSU_01100","RplJ","RpsL","rplJ","rpsL","RplJ","RpsL","BSU_01040","BSU_01100","string-db","224308.BSU01100/224308.BSU01040","physical","txid224308"
"BSU_01040","BSU_24900","RplJ","RpmGA","rplJ","BSU_24900","RplJ","RpmGA","BSU_01040","BSU_24900","subtiwiki","224308.BSU01040/224308.BSU24900","physical","txid224308"
"BSU_01040","BSU_01440","RplJ","RplQ","rplJ","rplQ","RplJ","RplQ","BSU_01040","BSU_01440","subtiwiki","224308.BSU01440/224308.BSU01040","physical","txid224308"
"BSU_01040","BSU_37070","RplJ","RpmEA","rplJ","rpmE","RplJ","RpmE","BSU_01040","BSU_37070","subtiwiki","224308.BSU37070/224308.BSU01040","physical","txid224308"
"BSU_01040","BSU_01220","RplJ","RpsC","rplJ","rpsC","RplJ","RpsC","BSU_01040","BSU_01220","string-db","224308.BSU01220/224308.BSU01040","physical","txid224308"
"BSU_01040","BSU_01110","RplJ","RpsG","rplJ","rpsG","RplJ","RpsG","BSU_01040","BSU_01110","string-db","224308.BSU01110/224308.BSU01040","physical","txid224308"
"BSU_01040","BSU_01330","RplJ","RpsE","rplJ","rpsE","RplJ","RpsE","BSU_01040","BSU_01330","string-db","224308.BSU01330/224308.BSU01040","physical","txid224308"
"BSU_01040","BSU_01160","RplJ","RplC","rplJ","rplC","RplJ","RplC","BSU_01040","BSU_01160","subtiwiki","224308.BSU01040/224308.BSU01160","physical","txid224308"
"BSU_01040","BSU_16680","RplJ","RpsO","rplJ","rpsO","RplJ","RpsO","BSU_01040","BSU_16680","string-db","224308.BSU16680/224308.BSU01040","physical","txid224308"
"BSU_01040","BSU_01340","RplJ","RpmD","rplJ","rpmD","RplJ","RpmD","BSU_01040","BSU_01340","subtiwiki","224308.BSU01040/224308.BSU01340","physical","txid224308"
"BSU_01040","BSU_01150","RplJ","RpsJ","rplJ","rpsJ","RplJ","RpsJ","BSU_01040","BSU_01150","string-db","224308.BSU01150/224308.BSU01040","physical","txid224308"
"BSU_01040","BSU_16490","RplJ","RpsB","rplJ","rpsB","RplJ","RpsB","BSU_01040","BSU_16490","string-db","224308.BSU16490/224308.BSU01040","physical","txid224308"
"BSU_01040","BSU_35310","RplJ","Hpf","rplJ","hpf","RplJ","Hpf","BSU_01040","BSU_35310","string-db","224308.BSU35310/224308.BSU01040","physical","txid224308"
"BSU_01040","BSU_28850","RplJ","RplT","rplJ","rplT","RplJ","RplT","BSU_01040","BSU_28850","subtiwiki","224308.BSU01040/224308.BSU28850","physical","txid224308"
"BSU_01040","BSU_01420","RplJ","RpsK","rplJ","rpsK","RplJ","RpsK","BSU_01040","BSU_01420","string-db","224308.BSU01420/224308.BSU01040","physical","txid224308"
"BSU_01040","BSU_01260","RplJ","RplNA","rplJ","rplN","RplJ","RplN","BSU_01040","BSU_01260","subtiwiki","224308.BSU01260/224308.BSU01040","physical","txid224308"
"BSU_01040","BSU_40910","RplJ","RpsF","rplJ","rpsF","RplJ","RpsF","BSU_01040","BSU_40910","string-db","224308.BSU40910/224308.BSU01040","physical","txid224308"
"BSU_01040","BSU_15080","RplJ","RpmF","rplJ","rpmF","RplJ","RpmF","BSU_01040","BSU_15080","subtiwiki","224308.BSU01040/224308.BSU15080","physical","txid224308"
"BSU_01040","BSU_27940","RplJ","RpmA","rplJ","rpmA","RplJ","RpmA","BSU_01040","BSU_27940","subtiwiki","224308.BSU27940/224308.BSU01040","physical","txid224308"
"BSU_01040","BSU_41060","RplJ","RpmH","rplJ","rpmH","RplJ","RpmH","BSU_01040","BSU_41060","subtiwiki","224308.BSU01040/224308.BSU41060","physical","txid224308"
"BSU_01040","BSU_27960","RplJ","RplU","rplJ","rplU","RplJ","RplU","BSU_01040","BSU_27960","subtiwiki","224308.BSU27960/224308.BSU01040","physical","txid224308"
"BSU_01040","BSU_01310","RplJ","RplF","rplJ","rplF","RplJ","RplF","BSU_01040","BSU_01310","subtiwiki","224308.BSU01310/224308.BSU01040","physical","txid224308"
"BSU_01040","BSU_01200","RplJ","RpsS","rplJ","rpsS","RplJ","RpsS","BSU_01040","BSU_01200","string-db","224308.BSU01200/224308.BSU01040","physical","txid224308"
"BSU_01040","BSU_28190","RplJ","YsxC","rplJ","ysxC","RplJ","YsxC","BSU_01040","BSU_28190","string-db","224308.BSU28190/224308.BSU01040","physical","txid224308"
"BSU_01040","BSU_01250","RplJ","RpsQ","rplJ","rpsQ","RplJ","RpsQ","BSU_01040","BSU_01250","string-db","224308.BSU01250/224308.BSU01040","physical","txid224308"
"BSU_01040","BSU_29740","RplJ","CcpA","rplJ","ccpA","RplJ","CcpA","BSU_01040","BSU_29740","string-db","224308.BSU29740/224308.BSU01040","physical","txid224308"
"BSU_01040","BSU_01400","RplJ","RpmJ","rplJ","rpmJ","RplJ","RpmJ","BSU_01040","BSU_01400","subtiwiki","224308.BSU01040/224308.BSU01400","physical","txid224308"
"BSU_01040","BSU_01290","RplJ","RpsNA","rplJ","rpsN","RplJ","RpsN","BSU_01040","BSU_01290","string-db","224308.BSU01290/224308.BSU01040","physical","txid224308"
"BSU_01040","BSU_23880","RplJ","MifM","rplJ","mifM","RplJ","MifM","BSU_01040","BSU_23880","string-db","224308.BSU23880/224308.BSU01040","physical","txid224308"
"BSU_01040","BSU_01490","RplJ","RplM","rplJ","rplM","RplJ","RplM","BSU_01040","BSU_01490","subtiwiki","224308.BSU01040/224308.BSU01490","physical","txid224308"
"BSU_01040","BSU_28860","RplJ","RpmI","rplJ","rpmI","RplJ","RpmI","BSU_01040","BSU_28860","subtiwiki","224308.BSU01040/224308.BSU28860","physical","txid224308"
"BSU_01040","BSU_01230","RplJ","RplP","rplJ","rplP","RplJ","RplP","BSU_01040","BSU_01230","subtiwiki","224308.BSU01040/224308.BSU01230","physical","txid224308"
"BSU_01180","BSU_15820","RplW","RpmB","rplW","rpmB","RplW","RpmB","BSU_01180","BSU_15820","subtiwiki","224308.BSU01180/224308.BSU15820","physical","txid224308"
"BSU_01180","BSU_35650","RplW","TagU","rplW","tagU","RplW","TagU","BSU_01180","BSU_35650","subtiwiki","224308.BSU01180/224308.BSU35650","physical","txid224308"
"BSU_01180","BSU_00990","RplW","RpmGB","rplW","rpmGB","RplW","RpmGB","BSU_01180","BSU_00990","subtiwiki","224308.BSU01180/224308.BSU00990","physical","txid224308"
"BSU_01180","BSU_01050","RplW","RplL","rplW","rplL","RplW","RplL","BSU_01180","BSU_01050","subtiwiki","224308.BSU01180/224308.BSU01050","physical","txid224308"
"BSU_01180","BSU_30700","RplW","RpmEB","rplW","rpmEB","RplW","RpmEB","BSU_01180","BSU_30700","subtiwiki","224308.BSU01180/224308.BSU30700","physical","txid224308"
"BSU_01180","BSU_28230","RplW","Tig","rplW","tig","RplW","Tig","BSU_01180","BSU_28230","subtiwiki","224308.BSU01180/224308.BSU28230","physical","txid224308"
"BSU_01180","BSU_01330","RplW","RpsE","rplW","rpsE","RplW","RpsE","BSU_01180","BSU_01330","string-db","224308.BSU01330/224308.BSU01180","physical","txid224308"
"BSU_01180","BSU_01280","RplW","RplE","rplW","rplE","RplW","RplE","BSU_01180","BSU_01280","subtiwiki","224308.BSU01180/224308.BSU01280","physical","txid224308"
"BSU_01180","BSU_01290","RplW","RpsNA","rplW","rpsN","RplW","RpsN","BSU_01180","BSU_01290","string-db","224308.BSU01290/224308.BSU01180","physical","txid224308"
"BSU_01180","BSU_01440","RplW","RplQ","rplW","rplQ","RplW","RplQ","BSU_01180","BSU_01440","subtiwiki","224308.BSU01440/224308.BSU01180","physical","txid224308"
"BSU_01180","BSU_01260","RplW","RplNA","rplW","rplN","RplW","RplN","BSU_01180","BSU_01260","subtiwiki","224308.BSU01260/224308.BSU01180","physical","txid224308"
"BSU_01180","BSU_05610","RplW","VmlR","rplW","vmlR","RplW","VmlR","BSU_01180","BSU_05610","string-db","224308.BSU05610/224308.BSU01180","physical","txid224308"
"BSU_01180","BSU_01490","RplW","RplM","rplW","rplM","RplW","RplM","BSU_01180","BSU_01490","subtiwiki","224308.BSU01180/224308.BSU01490","physical","txid224308"
"BSU_01180","BSU_01210","RplW","RplV","rplW","rplV","RplW","RplV","BSU_01180","BSU_01210","subtiwiki","224308.BSU01180/224308.BSU01210","physical","txid224308"
"BSU_01180","BSU_37070","RplW","RpmEA","rplW","rpmE","RplW","RpmE","BSU_01180","BSU_37070","subtiwiki","224308.BSU37070/224308.BSU01180","physical","txid224308"
"BSU_01180","BSU_15990","RplW","RpsP","rplW","rpsP","RplW","RpsP","BSU_01180","BSU_15990","string-db","224308.BSU15990/224308.BSU01180","physical","txid224308"
"BSU_01180","BSU_28850","RplW","RplT","rplW","rplT","RplW","RplT","BSU_01180","BSU_28850","subtiwiki","224308.BSU01180/224308.BSU28850","physical","txid224308"
"BSU_01180","BSU_41060","RplW","RpmH","rplW","rpmH","RplW","RpmH","BSU_01180","BSU_41060","subtiwiki","224308.BSU01180/224308.BSU41060","physical","txid224308"
"BSU_01180","BSU_40910","RplW","RpsF","rplW","rpsF","RplW","RpsF","BSU_01180","BSU_40910","string-db","224308.BSU40910/224308.BSU01180","physical","txid224308"
"BSU_01180","BSU_15080","RplW","RpmF","rplW","rpmF","RplW","RpmF","BSU_01180","BSU_15080","subtiwiki","224308.BSU01180/224308.BSU15080","physical","txid224308"
"BSU_01180","BSU_23880","RplW","MifM","rplW","mifM","RplW","MifM","BSU_01180","BSU_23880","subtiwiki","224308.BSU23880/224308.BSU01180","physical","txid224308"
"BSU_01180","BSU_19660","RplW","YozD","rplW","BSU_19660","RplW","YozD","BSU_01180","BSU_19660","string-db","224308.BSU19660/224308.BSU01180","physical","txid224308"
"BSU_01180","BSU_01300","RplW","RpsH","rplW","rpsH","RplW","RpsH","BSU_01180","BSU_01300","string-db","224308.BSU01300/224308.BSU01180","physical","txid224308"
"BSU_01180","BSU_25410","RplW","RpsU","rplW","BSU_25410","RplW","RpsU","BSU_01180","BSU_25410","string-db","224308.BSU25410/224308.BSU01180","physical","txid224308"
"BSU_01180","BSU_01500","RplW","RpsI","rplW","rpsI","RplW","RpsI","BSU_01180","BSU_01500","string-db","224308.BSU01500/224308.BSU01180","physical","txid224308"
"BSU_01180","BSU_35310","RplW","Hpf","rplW","hpf","RplW","Hpf","BSU_01180","BSU_35310","string-db","224308.BSU35310/224308.BSU01180","physical","txid224308"
"BSU_01180","BSU_24900","RplW","RpmGA","rplW","BSU_24900","RplW","RpmGA","BSU_01180","BSU_24900","subtiwiki","224308.BSU01180/224308.BSU24900","physical","txid224308"
"BSU_01180","BSU_28190","RplW","YsxC","rplW","ysxC","RplW","YsxC","BSU_01180","BSU_28190","string-db","224308.BSU28190/224308.BSU01180","physical","txid224308"
"BSU_01180","BSU_01320","RplW","RplR","rplW","rplR","RplW","RplR","BSU_01180","BSU_01320","subtiwiki","224308.BSU01180/224308.BSU01320","physical","txid224308"
"BSU_01180","BSU_16680","RplW","RpsO","rplW","rpsO","RplW","RpsO","BSU_01180","BSU_16680","string-db","224308.BSU16680/224308.BSU01180","physical","txid224308"
"BSU_01180","BSU_16050","RplW","RbgA","rplW","BSU_16050","RplW","RbgA","BSU_01180","BSU_16050","string-db","224308.BSU16050/224308.BSU01180","physical","txid224308"
"BSU_01180","BSU_27960","RplW","RplU","rplW","rplU","RplW","RplU","BSU_01180","BSU_27960","subtiwiki","224308.BSU27960/224308.BSU01180","physical","txid224308"
"BSU_01180","BSU_01190","RplW","RplB","rplW","rplB","RplW","RplB","BSU_01180","BSU_01190","subtiwiki","224308.BSU01180/224308.BSU01190","physical","txid224308"
"BSU_01180","BSU_01350","RplW","RplO","rplW","rplO","RplW","RplO","BSU_01180","BSU_01350","subtiwiki","224308.BSU01180/224308.BSU01350","physical","txid224308"
"BSU_01180","BSU_40890","RplW","RpsR","rplW","rpsR","RplW","RpsR","BSU_01180","BSU_40890","string-db","224308.BSU40890/224308.BSU01180","physical","txid224308"
"BSU_01180","BSU_01410","RplW","RpsM","rplW","rpsM","RplW","RpsM","BSU_01180","BSU_01410","string-db","224308.BSU01410/224308.BSU01180","physical","txid224308"
"BSU_01180","BSU_40500","RplW","RplI","rplW","BSU_40500","RplW","RplI","BSU_01180","BSU_40500","subtiwiki","224308.BSU40500/224308.BSU01180","physical","txid224308"
"BSU_01180","BSU_01400","RplW","RpmJ","rplW","rpmJ","RplW","RpmJ","BSU_01180","BSU_01400","subtiwiki","224308.BSU01180/224308.BSU01400","physical","txid224308"
"BSU_01180","BSU_15980","RplW","Ffh","rplW","ffh","RplW","Ffh","BSU_01180","BSU_15980","string-db","224308.BSU15980/224308.BSU01180","physical","txid224308"
"BSU_01180","BSU_01250","RplW","RpsQ","rplW","rpsQ","RplW","RpsQ","BSU_01180","BSU_01250","string-db","224308.BSU01250/224308.BSU01180","physical","txid224308"
"BSU_01180","BSU_28580","RplW","MutSB","rplW","BSU_28580","RplW","RqcU","BSU_01180","BSU_28580","string-db","224308.BSU28580/224308.BSU01180","physical","txid224308"
"BSU_01180","BSU_01420","RplW","RpsK","rplW","rpsK","RplW","RpsK","BSU_01180","BSU_01420","string-db","224308.BSU01420/224308.BSU01180","physical","txid224308"
"BSU_01180","BSU_01240","RplW","RpmC","rplW","rpmC","RplW","RpmC","BSU_01180","BSU_01240","subtiwiki","224308.BSU01240/224308.BSU01180","physical","txid224308"
"BSU_01180","BSU_01310","RplW","RplF","rplW","rplF","RplW","RplF","BSU_01180","BSU_01310","subtiwiki","224308.BSU01310/224308.BSU01180","physical","txid224308"
"BSU_01180","BSU_27940","RplW","RpmA","rplW","rpmA","RplW","RpmA","BSU_01180","BSU_27940","subtiwiki","224308.BSU27940/224308.BSU01180","physical","txid224308"
"BSU_01180","BSU_27600","RplW","Rsh","rplW","BSU_27600","RplW","Rel","BSU_01180","BSU_27600","string-db","224308.BSU27600/224308.BSU01180","physical","txid224308"
"BSU_01180","BSU_16040","RplW","RplS","rplW","rplS","RplW","RplS","BSU_01180","BSU_16040","subtiwiki","224308.BSU16040/224308.BSU01180","physical","txid224308"
"BSU_01180","BSU_29660","RplW","RpsD","rplW","rpsD","RplW","RpsD","BSU_01180","BSU_29660","string-db","224308.BSU29660/224308.BSU01180","physical","txid224308"
"BSU_01180","BSU_25550","RplW","RpsT","rplW","BSU_25550","RplW","RpsT","BSU_01180","BSU_25550","string-db","224308.BSU25550/224308.BSU01180","physical","txid224308"
"BSU_01180","BSU_01340","RplW","RpmD","rplW","rpmD","RplW","RpmD","BSU_01180","BSU_01340","subtiwiki","224308.BSU01180/224308.BSU01340","physical","txid224308"
"BSU_01180","BSU_01230","RplW","RplP","rplW","rplP","RplW","RplP","BSU_01180","BSU_01230","subtiwiki","224308.BSU01180/224308.BSU01230","physical","txid224308"
"BSU_01180","BSU_15640","RplW","YloA","rplW","rqcH","RplW","RqcH","BSU_01180","BSU_15640","string-db","224308.BSU15640/224308.BSU01180","physical","txid224308"
"BSU_01180","BSU_28860","RplW","RpmI","rplW","rpmI","RplW","RpmI","BSU_01180","BSU_28860","subtiwiki","224308.BSU01180/224308.BSU28860","physical","txid224308"
"BSU_01180","BSU_01200","RplW","RpsS","rplW","rpsS","RplW","RpsS","BSU_01180","BSU_01200","string-db","224308.BSU01200/224308.BSU01180","physical","txid224308"
"BSU_01180","BSU_01270","RplW","RplX","rplW","rplX","RplW","RplX","BSU_01180","BSU_01270","subtiwiki","224308.BSU01180/224308.BSU01270","physical","txid224308"
"BSU_01180","BSU_01220","RplW","RpsC","rplW","rpsC","RplW","RpsC","BSU_01180","BSU_01220","string-db","224308.BSU01220/224308.BSU01180","physical","txid224308"
"BSU_01180","BSU_16490","RplW","RpsB","rplW","rpsB","RplW","RpsB","BSU_01180","BSU_16490","string-db","224308.BSU16490/224308.BSU01180","physical","txid224308"
"BSU_01190","BSU_01490","RplB","RplM","rplB","rplM","RplB","RplM","BSU_01190","BSU_01490","subtiwiki","224308.BSU01190/224308.BSU01490","physical","txid224308"
"BSU_01190","BSU_28230","RplB","Tig","rplB","tig","RplB","Tig","BSU_01190","BSU_28230","subtiwiki","224308.BSU01190/224308.BSU28230","physical","txid224308"
"BSU_01190","BSU_30700","RplB","RpmEB","rplB","rpmEB","RplB","RpmEB","BSU_01190","BSU_30700","subtiwiki","224308.BSU01190/224308.BSU30700","physical","txid224308"
"BSU_01190","BSU_00990","RplB","RpmGB","rplB","rpmGB","RplB","RpmGB","BSU_01190","BSU_00990","subtiwiki","224308.BSU01190/224308.BSU00990","physical","txid224308"
"BSU_01190","BSU_01050","RplB","RplL","rplB","rplL","RplB","RplL","BSU_01190","BSU_01050","subtiwiki","224308.BSU01190/224308.BSU01050","physical","txid224308"
"BSU_01190","BSU_27960","RplB","RplU","rplB","rplU","RplB","RplU","BSU_01190","BSU_27960","subtiwiki","224308.BSU27960/224308.BSU01190","physical","txid224308"
"BSU_01190","BSU_01330","RplB","RpsE","rplB","rpsE","RplB","RpsE","BSU_01190","BSU_01330","string-db","224308.BSU01330/224308.BSU01190","physical","txid224308"
"BSU_01190","BSU_01250","RplB","RpsQ","rplB","rpsQ","RplB","RpsQ","BSU_01190","BSU_01250","subtiwiki","224308.BSU01250/224308.BSU01190","physical","txid224308"
"BSU_01190","BSU_01340","RplB","RpmD","rplB","rpmD","RplB","RpmD","BSU_01190","BSU_01340","subtiwiki","224308.BSU01340/224308.BSU01190","physical","txid224308"
"BSU_01190","BSU_16490","RplB","RpsB","rplB","rpsB","RplB","RpsB","BSU_01190","BSU_16490","string-db","224308.BSU16490/224308.BSU01190","physical","txid224308"
"BSU_01190","BSU_40500","RplB","RplI","rplB","BSU_40500","RplB","RplI","BSU_01190","BSU_40500","subtiwiki","224308.BSU40500/224308.BSU01190","physical","txid224308"
"BSU_01190","BSU_01210","RplB","RplV","rplB","rplV","RplB","RplV","BSU_01190","BSU_01210","subtiwiki","224308.BSU01190/224308.BSU01210","physical","txid224308"
"BSU_01190","BSU_15820","RplB","RpmB","rplB","rpmB","RplB","RpmB","BSU_01190","BSU_15820","subtiwiki","224308.BSU01190/224308.BSU15820","physical","txid224308"
"BSU_01190","BSU_27600","RplB","Rsh","rplB","BSU_27600","RplB","Rel","BSU_01190","BSU_27600","string-db","224308.BSU27600/224308.BSU01190","physical","txid224308"
"BSU_01190","BSU_16050","RplB","RbgA","rplB","BSU_16050","RplB","RbgA","BSU_01190","BSU_16050","string-db","224308.BSU16050/224308.BSU01190","physical","txid224308"
"BSU_01190","BSU_01410","RplB","RpsM","rplB","rpsM","RplB","RpsM","BSU_01190","BSU_01410","string-db","224308.BSU01410/224308.BSU01190","physical","txid224308"
"BSU_01190","BSU_29740","RplB","CcpA","rplB","ccpA","RplB","CcpA","BSU_01190","BSU_29740","string-db","224308.BSU29740/224308.BSU01190","physical","txid224308"
"BSU_01190","BSU_05610","RplB","VmlR","rplB","vmlR","RplB","VmlR","BSU_01190","BSU_05610","string-db","224308.BSU05610/224308.BSU01190","physical","txid224308"
"BSU_01190","BSU_01350","RplB","RplO","rplB","rplO","RplB","RplO","BSU_01190","BSU_01350","subtiwiki","224308.BSU01190/224308.BSU01350","physical","txid224308"
"BSU_01190","BSU_40910","RplB","RpsF","rplB","rpsF","RplB","RpsF","BSU_01190","BSU_40910","string-db","224308.BSU40910/224308.BSU01190","physical","txid224308"
"BSU_01190","BSU_28850","RplB","RplT","rplB","rplT","RplB","RplT","BSU_01190","BSU_28850","subtiwiki","224308.BSU28850/224308.BSU01190","physical","txid224308"
"BSU_01190","BSU_01440","RplB","RplQ","rplB","rplQ","RplB","RplQ","BSU_01190","BSU_01440","subtiwiki","224308.BSU01440/224308.BSU01190","physical","txid224308"
"BSU_01190","BSU_01300","RplB","RpsH","rplB","rpsH","RplB","RpsH","BSU_01190","BSU_01300","string-db","224308.BSU01300/224308.BSU01190","physical","txid224308"
"BSU_01190","BSU_15990","RplB","RpsP","rplB","rpsP","RplB","RpsP","BSU_01190","BSU_15990","string-db","224308.BSU15990/224308.BSU01190","physical","txid224308"
"BSU_01190","BSU_15640","RplB","YloA","rplB","rqcH","RplB","RqcH","BSU_01190","BSU_15640","string-db","224308.BSU15640/224308.BSU01190","physical","txid224308"
"BSU_01190","BSU_01200","RplB","RpsS","rplB","rpsS","RplB","RpsS","BSU_01190","BSU_01200","string-db","224308.BSU01200/224308.BSU01190","physical","txid224308"
"BSU_01190","BSU_01310","RplB","RplF","rplB","rplF","RplB","RplF","BSU_01190","BSU_01310","subtiwiki","224308.BSU01310/224308.BSU01190","physical","txid224308"
"BSU_01190","BSU_29660","RplB","RpsD","rplB","rpsD","RplB","RpsD","BSU_01190","BSU_29660","string-db","224308.BSU29660/224308.BSU01190","physical","txid224308"
"BSU_01190","BSU_40890","RplB","RpsR","rplB","rpsR","RplB","RpsR","BSU_01190","BSU_40890","string-db","224308.BSU40890/224308.BSU01190","physical","txid224308"
"BSU_01190","BSU_01280","RplB","RplE","rplB","rplE","RplB","RplE","BSU_01190","BSU_01280","subtiwiki","224308.BSU01190/224308.BSU01280","physical","txid224308"
"BSU_01190","BSU_35310","RplB","Hpf","rplB","hpf","RplB","Hpf","BSU_01190","BSU_35310","string-db","224308.BSU35310/224308.BSU01190","physical","txid224308"
"BSU_01190","BSU_01240","RplB","RpmC","rplB","rpmC","RplB","RpmC","BSU_01190","BSU_01240","subtiwiki","224308.BSU01240/224308.BSU01190","physical","txid224308"
"BSU_01190","BSU_23880","RplB","MifM","rplB","mifM","RplB","MifM","BSU_01190","BSU_23880","string-db","224308.BSU23880/224308.BSU01190","physical","txid224308"
"BSU_01190","BSU_28860","RplB","RpmI","rplB","rpmI","RplB","RpmI","BSU_01190","BSU_28860","subtiwiki","224308.BSU28860/224308.BSU01190","physical","txid224308"
"BSU_01190","BSU_37070","RplB","RpmEA","rplB","rpmE","RplB","RpmE","BSU_01190","BSU_37070","subtiwiki","224308.BSU37070/224308.BSU01190","physical","txid224308"
"BSU_01190","BSU_24900","RplB","RpmGA","rplB","BSU_24900","RplB","RpmGA","BSU_01190","BSU_24900","subtiwiki","224308.BSU01190/224308.BSU24900","physical","txid224308"
"BSU_01190","BSU_25550","RplB","RpsT","rplB","BSU_25550","RplB","RpsT","BSU_01190","BSU_25550","string-db","224308.BSU25550/224308.BSU01190","physical","txid224308"
"BSU_01190","BSU_25410","RplB","RpsU","rplB","BSU_25410","RplB","RpsU","BSU_01190","BSU_25410","subtiwiki","224308.BSU25410/224308.BSU01190","physical","txid224308"
"BSU_01190","BSU_15080","RplB","RpmF","rplB","rpmF","RplB","RpmF","BSU_01190","BSU_15080","subtiwiki","224308.BSU15080/224308.BSU01190","physical","txid224308"
"BSU_01190","BSU_27940","RplB","RpmA","rplB","rpmA","RplB","RpmA","BSU_01190","BSU_27940","subtiwiki","224308.BSU27940/224308.BSU01190","physical","txid224308"
"BSU_01190","BSU_01270","RplB","RplX","rplB","rplX","RplB","RplX","BSU_01190","BSU_01270","subtiwiki","224308.BSU01270/224308.BSU01190","physical","txid224308"
"BSU_01190","BSU_01220","RplB","RpsC","rplB","rpsC","RplB","RpsC","BSU_01190","BSU_01220","string-db","224308.BSU01220/224308.BSU01190","physical","txid224308"
"BSU_01190","BSU_16040","RplB","RplS","rplB","rplS","RplB","RplS","BSU_01190","BSU_16040","subtiwiki","224308.BSU16040/224308.BSU01190","physical","txid224308"
"BSU_01190","BSU_01420","RplB","RpsK","rplB","rpsK","RplB","RpsK","BSU_01190","BSU_01420","string-db","224308.BSU01420/224308.BSU01190","physical","txid224308"
"BSU_01190","BSU_01400","RplB","RpmJ","rplB","rpmJ","RplB","RpmJ","BSU_01190","BSU_01400","subtiwiki","224308.BSU01190/224308.BSU01400","physical","txid224308"
"BSU_01190","BSU_01320","RplB","RplR","rplB","rplR","RplB","RplR","BSU_01190","BSU_01320","subtiwiki","224308.BSU01190/224308.BSU01320","physical","txid224308"
"BSU_01190","BSU_28580","RplB","MutSB","rplB","BSU_28580","RplB","RqcU","BSU_01190","BSU_28580","string-db","224308.BSU28580/224308.BSU01190","physical","txid224308"
"BSU_01190","BSU_01500","RplB","RpsI","rplB","rpsI","RplB","RpsI","BSU_01190","BSU_01500","string-db","224308.BSU01500/224308.BSU01190","physical","txid224308"
"BSU_01190","BSU_41060","RplB","RpmH","rplB","rpmH","RplB","RpmH","BSU_01190","BSU_41060","subtiwiki","224308.BSU01190/224308.BSU41060","physical","txid224308"
"BSU_01190","BSU_01290","RplB","RpsNA","rplB","rpsN","RplB","RpsN","BSU_01190","BSU_01290","string-db","224308.BSU01290/224308.BSU01190","physical","txid224308"
"BSU_01190","BSU_16680","RplB","RpsO","rplB","rpsO","RplB","RpsO","BSU_01190","BSU_16680","string-db","224308.BSU16680/224308.BSU01190","physical","txid224308"
"BSU_01190","BSU_01230","RplB","RplP","rplB","rplP","RplB","RplP","BSU_01190","BSU_01230","subtiwiki","224308.BSU01190/224308.BSU01230","physical","txid224308"
"BSU_01190","BSU_15980","RplB","Ffh","rplB","ffh","RplB","Ffh","BSU_01190","BSU_15980","string-db","224308.BSU15980/224308.BSU01190","physical","txid224308"
"BSU_01190","BSU_01260","RplB","RplNA","rplB","rplN","RplB","RplN","BSU_01190","BSU_01260","subtiwiki","224308.BSU01260/224308.BSU01190","physical","txid224308"
"BSU_15080","BSU_16050","RpmF","RbgA","rpmF","BSU_16050","RpmF","RbgA","BSU_15080","BSU_16050","string-db","224308.BSU16050/224308.BSU15080","physical","txid224308"
"BSU_15080","BSU_27380","RpmF","YrzB","rpmF","yrzB","RpmF","YrzB","BSU_15080","BSU_27380","subtiwiki","224308.BSU15080/224308.BSU27380","physical","txid224308"
"BSU_15080","BSU_00990","RpmF","RpmGB","rpmF","rpmGB","RpmF","RpmGB","BSU_15080","BSU_00990","subtiwiki","224308.BSU15080/224308.BSU00990","physical","txid224308"
"BSU_15080","BSU_01050","RpmF","RplL","rpmF","rplL","RpmF","RplL","BSU_15080","BSU_01050","subtiwiki","224308.BSU15080/224308.BSU01050","physical","txid224308"
"BSU_15080","BSU_30700","RpmF","RpmEB","rpmF","rpmEB","RpmF","RpmEB","BSU_15080","BSU_30700","subtiwiki","224308.BSU15080/224308.BSU30700","physical","txid224308"
"BSU_15080","BSU_37070","RpmF","RpmEA","rpmF","rpmE","RpmF","RpmE","BSU_15080","BSU_37070","subtiwiki","224308.BSU37070/224308.BSU15080","physical","txid224308"
"BSU_15080","BSU_28850","RpmF","RplT","rpmF","rplT","RpmF","RplT","BSU_15080","BSU_28850","subtiwiki","224308.BSU28850/224308.BSU15080","physical","txid224308"
"BSU_15080","BSU_15640","RpmF","YloA","rpmF","rqcH","RpmF","RqcH","BSU_15080","BSU_15640","string-db","224308.BSU15640/224308.BSU15080","physical","txid224308"
"BSU_15080","BSU_40500","RpmF","RplI","rpmF","BSU_40500","RpmF","RplI","BSU_15080","BSU_40500","subtiwiki","224308.BSU40500/224308.BSU15080","physical","txid224308"
"BSU_15080","BSU_27600","RpmF","Rsh","rpmF","BSU_27600","RpmF","Rel","BSU_15080","BSU_27600","string-db","224308.BSU27600/224308.BSU15080","physical","txid224308"
"BSU_15080","BSU_15990","RpmF","RpsP","rpmF","rpsP","RpmF","RpsP","BSU_15080","BSU_15990","string-db","224308.BSU15990/224308.BSU15080","physical","txid224308"
"BSU_15080","BSU_16040","RpmF","RplS","rpmF","rplS","RpmF","RplS","BSU_15080","BSU_16040","subtiwiki","224308.BSU16040/224308.BSU15080","physical","txid224308"
"BSU_15080","BSU_25550","RpmF","RpsT","rpmF","BSU_25550","RpmF","RpsT","BSU_15080","BSU_25550","string-db","224308.BSU25550/224308.BSU15080","physical","txid224308"
"BSU_15080","BSU_15820","RpmF","RpmB","rpmF","rpmB","RpmF","RpmB","BSU_15080","BSU_15820","subtiwiki","224308.BSU15080/224308.BSU15820","physical","txid224308"
"BSU_15080","BSU_40910","RpmF","RpsF","rpmF","rpsF","RpmF","RpsF","BSU_15080","BSU_40910","string-db","224308.BSU40910/224308.BSU15080","physical","txid224308"
"BSU_15080","BSU_27960","RpmF","RplU","rpmF","rplU","RpmF","RplU","BSU_15080","BSU_27960","subtiwiki","224308.BSU27960/224308.BSU15080","physical","txid224308"
"BSU_15080","BSU_35310","RpmF","Hpf","rpmF","hpf","RpmF","Hpf","BSU_15080","BSU_35310","string-db","224308.BSU35310/224308.BSU15080","physical","txid224308"
"BSU_15080","BSU_41060","RpmF","RpmH","rpmF","rpmH","RpmF","RpmH","BSU_15080","BSU_41060","subtiwiki","224308.BSU15080/224308.BSU41060","physical","txid224308"
"BSU_15080","BSU_29660","RpmF","RpsD","rpmF","rpsD","RpmF","RpsD","BSU_15080","BSU_29660","subtiwiki","224308.BSU29660/224308.BSU15080","physical","txid224308"
"BSU_15080","BSU_28860","RpmF","RpmI","rpmF","rpmI","RpmF","RpmI","BSU_15080","BSU_28860","subtiwiki","224308.BSU28860/224308.BSU15080","physical","txid224308"
"BSU_15080","BSU_23880","RpmF","MifM","rpmF","mifM","RpmF","MifM","BSU_15080","BSU_23880","string-db","224308.BSU23880/224308.BSU15080","physical","txid224308"
"BSU_15080","BSU_28580","RpmF","MutSB","rpmF","BSU_28580","RpmF","RqcU","BSU_15080","BSU_28580","string-db","224308.BSU28580/224308.BSU15080","physical","txid224308"
"BSU_15080","BSU_15980","RpmF","Ffh","rpmF","ffh","RpmF","Ffh","BSU_15080","BSU_15980","string-db","224308.BSU15980/224308.BSU15080","physical","txid224308"
"BSU_15080","BSU_16490","RpmF","RpsB","rpmF","rpsB","RpmF","RpsB","BSU_15080","BSU_16490","string-db","224308.BSU16490/224308.BSU15080","physical","txid224308"
"BSU_15080","BSU_40890","RpmF","RpsR","rpmF","rpsR","RpmF","RpsR","BSU_15080","BSU_40890","string-db","224308.BSU40890/224308.BSU15080","physical","txid224308"
"BSU_15080","BSU_27940","RpmF","RpmA","rpmF","rpmA","RpmF","RpmA","BSU_15080","BSU_27940","subtiwiki","224308.BSU27940/224308.BSU15080","physical","txid224308"
"BSU_15080","BSU_25410","RpmF","RpsU","rpmF","BSU_25410","RpmF","RpsU","BSU_15080","BSU_25410","subtiwiki","224308.BSU25410/224308.BSU15080","physical","txid224308"
"BSU_15080","BSU_24900","RpmF","RpmGA","rpmF","BSU_24900","RpmF","RpmGA","BSU_15080","BSU_24900","subtiwiki","224308.BSU15080/224308.BSU24900","physical","txid224308"
"BSU_15080","BSU_16680","RpmF","RpsO","rpmF","rpsO","RpmF","RpsO","BSU_15080","BSU_16680","string-db","224308.BSU16680/224308.BSU15080","physical","txid224308"
"BSU_28850","BSU_28860","RplT","RpmI","rplT","rpmI","RplT","RpmI","BSU_28850","BSU_28860","subtiwiki","224308.BSU28860/224308.BSU28850","physical","txid224308"
"BSU_28850","BSU_27380","RplT","YrzB","rplT","yrzB","RplT","YrzB","BSU_28850","BSU_27380","subtiwiki","224308.BSU28850/224308.BSU27380","physical","txid224308"
"BSU_28850","BSU_00990","RplT","RpmGB","rplT","rpmGB","RplT","RpmGB","BSU_28850","BSU_00990","subtiwiki","224308.BSU28850/224308.BSU00990","physical","txid224308"
"BSU_28850","BSU_30700","RplT","RpmEB","rplT","rpmEB","RplT","RpmEB","BSU_28850","BSU_30700","subtiwiki","224308.BSU28850/224308.BSU30700","physical","txid224308"
"BSU_28850","BSU_01050","RplT","RplL","rplT","rplL","RplT","RplL","BSU_28850","BSU_01050","subtiwiki","224308.BSU28850/224308.BSU01050","physical","txid224308"
"BSU_28850","BSU_35310","RplT","Hpf","rplT","hpf","RplT","Hpf","BSU_28850","BSU_35310","string-db","224308.BSU35310/224308.BSU28850","physical","txid224308"
"BSU_28850","BSU_40890","RplT","RpsR","rplT","rpsR","RplT","RpsR","BSU_28850","BSU_40890","string-db","224308.BSU40890/224308.BSU28850","physical","txid224308"
"BSU_28850","BSU_40500","RplT","RplI","rplT","BSU_40500","RplT","RplI","BSU_28850","BSU_40500","subtiwiki","224308.BSU40500/224308.BSU28850","physical","txid224308"
"BSU_28850","BSU_40910","RplT","RpsF","rplT","rpsF","RplT","RpsF","BSU_28850","BSU_40910","string-db","224308.BSU40910/224308.BSU28850","physical","txid224308"
"BSU_28850","BSU_33950","RplT","CggR","rplT","cggR","RplT","CggR","BSU_28850","BSU_33950","string-db","224308.BSU33950/224308.BSU28850","physical","txid224308"
"BSU_28850","BSU_29660","RplT","RpsD","rplT","rpsD","RplT","RpsD","BSU_28850","BSU_29660","string-db","224308.BSU29660/224308.BSU28850","physical","txid224308"
"BSU_28850","BSU_41060","RplT","RpmH","rplT","rpmH","RplT","RpmH","BSU_28850","BSU_41060","subtiwiki","224308.BSU28850/224308.BSU41060","physical","txid224308"
"BSU_28850","BSU_37070","RplT","RpmEA","rplT","rpmE","RplT","RpmE","BSU_28850","BSU_37070","subtiwiki","224308.BSU37070/224308.BSU28850","physical","txid224308"
"BSU_01210","BSU_15080","RplV","RpmF","rplV","rpmF","RplV","RpmF","BSU_01210","BSU_15080","subtiwiki","224308.BSU15080/224308.BSU01210","physical","txid224308"
"BSU_01210","BSU_29660","RplV","RpsD","rplV","rpsD","RplV","RpsD","BSU_01210","BSU_29660","string-db","224308.BSU29660/224308.BSU01210","physical","txid224308"
"BSU_01210","BSU_40910","RplV","RpsF","rplV","rpsF","RplV","RpsF","BSU_01210","BSU_40910","string-db","224308.BSU40910/224308.BSU01210","physical","txid224308"
"BSU_01210","BSU_01420","RplV","RpsK","rplV","rpsK","RplV","RpsK","BSU_01210","BSU_01420","string-db","224308.BSU01420/224308.BSU01210","physical","txid224308"
"BSU_01210","BSU_16680","RplV","RpsO","rplV","rpsO","RplV","RpsO","BSU_01210","BSU_16680","string-db","224308.BSU16680/224308.BSU01210","physical","txid224308"
"BSU_01210","BSU_35310","RplV","Hpf","rplV","hpf","RplV","Hpf","BSU_01210","BSU_35310","string-db","224308.BSU35310/224308.BSU01210","physical","txid224308"
"BSU_01210","BSU_24900","RplV","RpmGA","rplV","BSU_24900","RplV","RpmGA","BSU_01210","BSU_24900","subtiwiki","224308.BSU24900/224308.BSU01210","physical","txid224308"
"BSU_01210","BSU_01410","RplV","RpsM","rplV","rpsM","RplV","RpsM","BSU_01210","BSU_01410","string-db","224308.BSU01410/224308.BSU01210","physical","txid224308"
"BSU_01210","BSU_01220","RplV","RpsC","rplV","rpsC","RplV","RpsC","BSU_01210","BSU_01220","string-db","224308.BSU01220/224308.BSU01210","physical","txid224308"
"BSU_01210","BSU_01280","RplV","RplE","rplV","rplE","RplV","RplE","BSU_01210","BSU_01280","subtiwiki","224308.BSU01280/224308.BSU01210","physical","txid224308"
"BSU_01210","BSU_01250","RplV","RpsQ","rplV","rpsQ","RplV","RpsQ","BSU_01210","BSU_01250","string-db","224308.BSU01250/224308.BSU01210","physical","txid224308"
"BSU_01210","BSU_27600","RplV","Rsh","rplV","BSU_27600","RplV","Rel","BSU_01210","BSU_27600","string-db","224308.BSU27600/224308.BSU01210","physical","txid224308"
"BSU_01210","BSU_25550","RplV","RpsT","rplV","BSU_25550","RplV","RpsT","BSU_01210","BSU_25550","string-db","224308.BSU25550/224308.BSU01210","physical","txid224308"
"BSU_01210","BSU_28580","RplV","MutSB","rplV","BSU_28580","RplV","RqcU","BSU_01210","BSU_28580","string-db","224308.BSU28580/224308.BSU01210","physical","txid224308"
"BSU_01210","BSU_16050","RplV","RbgA","rplV","BSU_16050","RplV","RbgA","BSU_01210","BSU_16050","string-db","224308.BSU16050/224308.BSU01210","physical","txid224308"
"BSU_01210","BSU_01490","RplV","RplM","rplV","rplM","RplV","RplM","BSU_01210","BSU_01490","subtiwiki","224308.BSU01490/224308.BSU01210","physical","txid224308"
"BSU_01210","BSU_16490","RplV","RpsB","rplV","rpsB","RplV","RpsB","BSU_01210","BSU_16490","string-db","224308.BSU16490/224308.BSU01210","physical","txid224308"
"BSU_01210","BSU_01260","RplV","RplNA","rplV","rplN","RplV","RplN","BSU_01210","BSU_01260","subtiwiki","224308.BSU01260/224308.BSU01210","physical","txid224308"
"BSU_01210","BSU_27960","RplV","RplU","rplV","rplU","RplV","RplU","BSU_01210","BSU_27960","subtiwiki","224308.BSU27960/224308.BSU01210","physical","txid224308"
"BSU_01210","BSU_01330","RplV","RpsE","rplV","rpsE","RplV","RpsE","BSU_01210","BSU_01330","string-db","224308.BSU01330/224308.BSU01210","physical","txid224308"
"BSU_01210","BSU_15820","RplV","RpmB","rplV","rpmB","RplV","RpmB","BSU_01210","BSU_15820","subtiwiki","224308.BSU15820/224308.BSU01210","physical","txid224308"
"BSU_01210","BSU_40500","RplV","RplI","rplV","BSU_40500","RplV","RplI","BSU_01210","BSU_40500","subtiwiki","224308.BSU40500/224308.BSU01210","physical","txid224308"
"BSU_01210","BSU_01340","RplV","RpmD","rplV","rpmD","RplV","RpmD","BSU_01210","BSU_01340","subtiwiki","224308.BSU01340/224308.BSU01210","physical","txid224308"
"BSU_01210","BSU_01270","RplV","RplX","rplV","rplX","RplV","RplX","BSU_01210","BSU_01270","subtiwiki","224308.BSU01270/224308.BSU01210","physical","txid224308"
"BSU_01210","BSU_01290","RplV","RpsNA","rplV","rpsN","RplV","RpsN","BSU_01210","BSU_01290","string-db","224308.BSU01290/224308.BSU01210","physical","txid224308"
"BSU_01210","BSU_15640","RplV","YloA","rplV","rqcH","RplV","RqcH","BSU_01210","BSU_15640","string-db","224308.BSU15640/224308.BSU01210","physical","txid224308"
"BSU_01210","BSU_01440","RplV","RplQ","rplV","rplQ","RplV","RplQ","BSU_01210","BSU_01440","subtiwiki","224308.BSU01440/224308.BSU01210","physical","txid224308"
"BSU_01210","BSU_28850","RplV","RplT","rplV","rplT","RplV","RplT","BSU_01210","BSU_28850","subtiwiki","224308.BSU28850/224308.BSU01210","physical","txid224308"
"BSU_01210","BSU_01350","RplV","RplO","rplV","rplO","RplV","RplO","BSU_01210","BSU_01350","subtiwiki","224308.BSU01350/224308.BSU01210","physical","txid224308"
"BSU_01210","BSU_37070","RplV","RpmEA","rplV","rpmE","RplV","RpmE","BSU_01210","BSU_37070","subtiwiki","224308.BSU37070/224308.BSU01210","physical","txid224308"
"BSU_01210","BSU_27940","RplV","RpmA","rplV","rpmA","RplV","RpmA","BSU_01210","BSU_27940","subtiwiki","224308.BSU27940/224308.BSU01210","physical","txid224308"
"BSU_01210","BSU_40890","RplV","RpsR","rplV","rpsR","RplV","RpsR","BSU_01210","BSU_40890","string-db","224308.BSU40890/224308.BSU01210","physical","txid224308"
"BSU_01210","BSU_15990","RplV","RpsP","rplV","rpsP","RplV","RpsP","BSU_01210","BSU_15990","string-db","224308.BSU15990/224308.BSU01210","physical","txid224308"
"BSU_01210","BSU_01500","RplV","RpsI","rplV","rpsI","RplV","RpsI","BSU_01210","BSU_01500","string-db","224308.BSU01500/224308.BSU01210","physical","txid224308"
"BSU_01210","BSU_25410","RplV","RpsU","rplV","BSU_25410","RplV","RpsU","BSU_01210","BSU_25410","string-db","224308.BSU25410/224308.BSU01210","physical","txid224308"
"BSU_01210","BSU_16040","RplV","RplS","rplV","rplS","RplV","RplS","BSU_01210","BSU_16040","subtiwiki","224308.BSU16040/224308.BSU01210","physical","txid224308"
"BSU_01210","BSU_01230","RplV","RplP","rplV","rplP","RplV","RplP","BSU_01210","BSU_01230","subtiwiki","224308.BSU01230/224308.BSU01210","physical","txid224308"
"BSU_01210","BSU_01310","RplV","RplF","rplV","rplF","RplV","RplF","BSU_01210","BSU_01310","subtiwiki","224308.BSU01310/224308.BSU01210","physical","txid224308"
"BSU_01210","BSU_01400","RplV","RpmJ","rplV","rpmJ","RplV","RpmJ","BSU_01210","BSU_01400","subtiwiki","224308.BSU01210/224308.BSU01400","physical","txid224308"
"BSU_01210","BSU_23880","RplV","MifM","rplV","mifM","RplV","MifM","BSU_01210","BSU_23880","subtiwiki","224308.BSU23880/224308.BSU01210","physical","txid224308"
"BSU_01210","BSU_01240","RplV","RpmC","rplV","rpmC","RplV","RpmC","BSU_01210","BSU_01240","subtiwiki","224308.BSU01240/224308.BSU01210","physical","txid224308"
"BSU_01210","BSU_28860","RplV","RpmI","rplV","rpmI","RplV","RpmI","BSU_01210","BSU_28860","subtiwiki","224308.BSU28860/224308.BSU01210","physical","txid224308"
"BSU_01210","BSU_15980","RplV","Ffh","rplV","ffh","RplV","Ffh","BSU_01210","BSU_15980","string-db","224308.BSU15980/224308.BSU01210","physical","txid224308"
"BSU_01210","BSU_41060","RplV","RpmH","rplV","rpmH","RplV","RpmH","BSU_01210","BSU_41060","subtiwiki","224308.BSU41060/224308.BSU01210","physical","txid224308"
"BSU_01210","BSU_01320","RplV","RplR","rplV","rplR","RplV","RplR","BSU_01210","BSU_01320","subtiwiki","224308.BSU01320/224308.BSU01210","physical","txid224308"
"BSU_01210","BSU_05610","RplV","VmlR","rplV","vmlR","RplV","VmlR","BSU_01210","BSU_05610","string-db","224308.BSU05610/224308.BSU01210","physical","txid224308"
"BSU_01210","BSU_01300","RplV","RpsH","rplV","rpsH","RplV","RpsH","BSU_01210","BSU_01300","string-db","224308.BSU01300/224308.BSU01210","physical","txid224308"
"BSU_01440","BSU_35310","RplQ","Hpf","rplQ","hpf","RplQ","Hpf","BSU_01440","BSU_35310","string-db","224308.BSU35310/224308.BSU01440","physical","txid224308"
"BSU_01440","BSU_01380","RplQ","Map","rplQ","map","RplQ","Map","BSU_01440","BSU_01380","subtiwiki","224308.BSU01440/224308.BSU01380","physical","txid224308"
"BSU_01440","BSU_00990","RplQ","RpmGB","rplQ","rpmGB","RplQ","RpmGB","BSU_01440","BSU_00990","subtiwiki","224308.BSU01440/224308.BSU00990","physical","txid224308"
"BSU_01440","BSU_30700","RplQ","RpmEB","rplQ","rpmEB","RplQ","RpmEB","BSU_01440","BSU_30700","subtiwiki","224308.BSU01440/224308.BSU30700","physical","txid224308"
"BSU_01440","BSU_00520","RplQ","Ctc","rplQ","ctc","RplQ","Ctc","BSU_01440","BSU_00520","subtiwiki","224308.BSU01440/224308.BSU00520","physical","txid224308"
"BSU_01440","new_2477758_2477958_c","RplQ","RpmGC","rplQ","rpmGC","RplQ","RpmGC","BSU_01440","new_2477758_2477958_c","subtiwiki","224308.BSU01440/224308.new24777582477958c","physical","txid224308"
"BSU_01440","BSU_01050","RplQ","RplL","rplQ","rplL","RplQ","RplL","BSU_01440","BSU_01050","subtiwiki","224308.BSU01440/224308.BSU01050","physical","txid224308"
"BSU_01440","BSU_01090","RplQ","RplGB","rplQ","rplGB","RplQ","RplGB","BSU_01440","BSU_01090","subtiwiki","224308.BSU01440/224308.BSU01090","physical","txid224308"
"BSU_01440","BSU_27940","RplQ","RpmA","rplQ","rpmA","RplQ","RpmA","BSU_01440","BSU_27940","subtiwiki","224308.BSU01440/224308.BSU27940","physical","txid224308"
"BSU_01440","BSU_40500","RplQ","RplI","rplQ","BSU_40500","RplQ","RplI","BSU_01440","BSU_40500","subtiwiki","224308.BSU01440/224308.BSU40500","physical","txid224308"
"BSU_01440","BSU_29660","RplQ","RpsD","rplQ","rpsD","RplQ","RpsD","BSU_01440","BSU_29660","string-db","224308.BSU29660/224308.BSU01440","physical","txid224308"
"BSU_01440","BSU_27960","RplQ","RplU","rplQ","rplU","RplQ","RplU","BSU_01440","BSU_27960","subtiwiki","224308.BSU01440/224308.BSU27960","physical","txid224308"
"BSU_01440","BSU_40910","RplQ","RpsF","rplQ","rpsF","RplQ","RpsF","BSU_01440","BSU_40910","string-db","224308.BSU40910/224308.BSU01440","physical","txid224308"
"BSU_01440","BSU_28860","RplQ","RpmI","rplQ","rpmI","RplQ","RpmI","BSU_01440","BSU_28860","subtiwiki","224308.BSU01440/224308.BSU28860","physical","txid224308"
"BSU_01440","BSU_15980","RplQ","Ffh","rplQ","ffh","RplQ","Ffh","BSU_01440","BSU_15980","string-db","224308.BSU15980/224308.BSU01440","physical","txid224308"
"BSU_01440","BSU_16040","RplQ","RplS","rplQ","rplS","RplQ","RplS","BSU_01440","BSU_16040","subtiwiki","224308.BSU01440/224308.BSU16040","physical","txid224308"
"BSU_01440","BSU_24900","RplQ","RpmGA","rplQ","BSU_24900","RplQ","RpmGA","BSU_01440","BSU_24900","subtiwiki","224308.BSU01440/224308.BSU24900","physical","txid224308"
"BSU_01440","BSU_23880","RplQ","MifM","rplQ","mifM","RplQ","MifM","BSU_01440","BSU_23880","string-db","224308.BSU23880/224308.BSU01440","physical","txid224308"
"BSU_01440","BSU_28580","RplQ","MutSB","rplQ","BSU_28580","RplQ","RqcU","BSU_01440","BSU_28580","string-db","224308.BSU28580/224308.BSU01440","physical","txid224308"
"BSU_01440","BSU_01490","RplQ","RplM","rplQ","rplM","RplQ","RplM","BSU_01440","BSU_01490","subtiwiki","224308.BSU01440/224308.BSU01490","physical","txid224308"
"BSU_01440","BSU_29740","RplQ","CcpA","rplQ","ccpA","RplQ","CcpA","BSU_01440","BSU_29740","string-db","224308.BSU29740/224308.BSU01440","physical","txid224308"
"BSU_01440","BSU_01500","RplQ","RpsI","rplQ","rpsI","RplQ","RpsI","BSU_01440","BSU_01500","string-db","224308.BSU01500/224308.BSU01440","physical","txid224308"
"BSU_01440","BSU_40890","RplQ","RpsR","rplQ","rpsR","RplQ","RpsR","BSU_01440","BSU_40890","string-db","224308.BSU40890/224308.BSU01440","physical","txid224308"
"BSU_01440","BSU_15990","RplQ","RpsP","rplQ","rpsP","RplQ","RpsP","BSU_01440","BSU_15990","string-db","224308.BSU15990/224308.BSU01440","physical","txid224308"
"BSU_01440","BSU_25550","RplQ","RpsT","rplQ","BSU_25550","RplQ","RpsT","BSU_01440","BSU_25550","string-db","224308.BSU25550/224308.BSU01440","physical","txid224308"
"BSU_01440","BSU_41060","RplQ","RpmH","rplQ","rpmH","RplQ","RpmH","BSU_01440","BSU_41060","subtiwiki","224308.BSU01440/224308.BSU41060","physical","txid224308"
"BSU_01440","BSU_16490","RplQ","RpsB","rplQ","rpsB","RplQ","RpsB","BSU_01440","BSU_16490","string-db","224308.BSU16490/224308.BSU01440","physical","txid224308"
"BSU_01440","BSU_27600","RplQ","Rsh","rplQ","BSU_27600","RplQ","Rel","BSU_01440","BSU_27600","string-db","224308.BSU27600/224308.BSU01440","physical","txid224308"
"BSU_01440","BSU_15820","RplQ","RpmB","rplQ","rpmB","RplQ","RpmB","BSU_01440","BSU_15820","subtiwiki","224308.BSU01440/224308.BSU15820","physical","txid224308"
"BSU_01440","BSU_25410","RplQ","RpsU","rplQ","BSU_25410","RplQ","RpsU","BSU_01440","BSU_25410","string-db","224308.BSU25410/224308.BSU01440","physical","txid224308"
"BSU_01440","BSU_37070","RplQ","RpmEA","rplQ","rpmE","RplQ","RpmE","BSU_01440","BSU_37070","subtiwiki","224308.BSU37070/224308.BSU01440","physical","txid224308"
"BSU_01440","BSU_15640","RplQ","YloA","rplQ","rqcH","RplQ","RqcH","BSU_01440","BSU_15640","string-db","224308.BSU15640/224308.BSU01440","physical","txid224308"
"BSU_01440","BSU_16680","RplQ","RpsO","rplQ","rpsO","RplQ","RpsO","BSU_01440","BSU_16680","string-db","224308.BSU16680/224308.BSU01440","physical","txid224308"
"BSU_01440","BSU_05610","RplQ","VmlR","rplQ","vmlR","RplQ","VmlR","BSU_01440","BSU_05610","string-db","224308.BSU05610/224308.BSU01440","physical","txid224308"
"BSU_01440","BSU_16050","RplQ","RbgA","rplQ","BSU_16050","RplQ","RbgA","BSU_01440","BSU_16050","string-db","224308.BSU16050/224308.BSU01440","physical","txid224308"
"BSU_01440","BSU_15080","RplQ","RpmF","rplQ","rpmF","RplQ","RpmF","BSU_01440","BSU_15080","subtiwiki","224308.BSU01440/224308.BSU15080","physical","txid224308"
"BSU_01440","BSU_28850","RplQ","RplT","rplQ","rplT","RplQ","RplT","BSU_01440","BSU_28850","subtiwiki","224308.BSU01440/224308.BSU28850","physical","txid224308"
"BSU_01020","BSU_15980","RplK","Ffh","rplK","ffh","RplK","Ffh","BSU_01020","BSU_15980","string-db","224308.BSU15980/224308.BSU01020","physical","txid224308"
"BSU_01020","BSU_01440","RplK","RplQ","rplK","rplQ","RplK","RplQ","BSU_01020","BSU_01440","subtiwiki","224308.BSU01440/224308.BSU01020","physical","txid224308"
"BSU_01020","BSU_01320","RplK","RplR","rplK","rplR","RplK","RplR","BSU_01020","BSU_01320","subtiwiki","224308.BSU01320/224308.BSU01020","physical","txid224308"
"BSU_01020","BSU_29660","RplK","RpsD","rplK","rpsD","RplK","RpsD","BSU_01020","BSU_29660","string-db","224308.BSU29660/224308.BSU01020","physical","txid224308"
"BSU_01020","BSU_01240","RplK","RpmC","rplK","rpmC","RplK","RpmC","BSU_01020","BSU_01240","subtiwiki","224308.BSU01240/224308.BSU01020","physical","txid224308"
"BSU_01020","BSU_01410","RplK","RpsM","rplK","rpsM","RplK","RpsM","BSU_01020","BSU_01410","string-db","224308.BSU01410/224308.BSU01020","physical","txid224308"
"BSU_01020","BSU_01230","RplK","RplP","rplK","rplP","RplK","RplP","BSU_01020","BSU_01230","subtiwiki","224308.BSU01230/224308.BSU01020","physical","txid224308"
"BSU_01020","BSU_16490","RplK","RpsB","rplK","rpsB","RplK","RpsB","BSU_01020","BSU_16490","string-db","224308.BSU16490/224308.BSU01020","physical","txid224308"
"BSU_01020","BSU_01210","RplK","RplV","rplK","rplV","RplK","RplV","BSU_01020","BSU_01210","subtiwiki","224308.BSU01210/224308.BSU01020","physical","txid224308"
"BSU_01020","BSU_01220","RplK","RpsC","rplK","rpsC","RplK","RpsC","BSU_01020","BSU_01220","string-db","224308.BSU01220/224308.BSU01020","physical","txid224308"
"BSU_01020","BSU_01420","RplK","RpsK","rplK","rpsK","RplK","RpsK","BSU_01020","BSU_01420","string-db","224308.BSU01420/224308.BSU01020","physical","txid224308"
"BSU_01020","BSU_40910","RplK","RpsF","rplK","rpsF","RplK","RpsF","BSU_01020","BSU_40910","string-db","224308.BSU40910/224308.BSU01020","physical","txid224308"
"BSU_01020","BSU_27960","RplK","RplU","rplK","rplU","RplK","RplU","BSU_01020","BSU_27960","subtiwiki","224308.BSU27960/224308.BSU01020","physical","txid224308"
"BSU_01020","BSU_01180","RplK","RplW","rplK","rplW","RplK","RplW","BSU_01020","BSU_01180","subtiwiki","224308.BSU01180/224308.BSU01020","physical","txid224308"
"BSU_01020","BSU_01260","RplK","RplNA","rplK","rplN","RplK","RplN","BSU_01020","BSU_01260","subtiwiki","224308.BSU01260/224308.BSU01020","physical","txid224308"
"BSU_01020","BSU_28860","RplK","RpmI","rplK","rpmI","RplK","RpmI","BSU_01020","BSU_28860","subtiwiki","224308.BSU28860/224308.BSU01020","physical","txid224308"
"BSU_01020","BSU_01490","RplK","RplM","rplK","rplM","RplK","RplM","BSU_01020","BSU_01490","subtiwiki","224308.BSU01490/224308.BSU01020","physical","txid224308"
"BSU_01020","BSU_01170","RplK","RplD","rplK","rplD","RplK","RplD","BSU_01020","BSU_01170","subtiwiki","224308.BSU01170/224308.BSU01020","physical","txid224308"
"BSU_01020","BSU_01280","RplK","RplE","rplK","rplE","RplK","RplE","BSU_01020","BSU_01280","subtiwiki","224308.BSU01280/224308.BSU01020","physical","txid224308"
"BSU_01020","BSU_01500","RplK","RpsI","rplK","rpsI","RplK","RpsI","BSU_01020","BSU_01500","subtiwiki","224308.BSU01500/224308.BSU01020","physical","txid224308"
"BSU_01020","BSU_01330","RplK","RpsE","rplK","rpsE","RplK","RpsE","BSU_01020","BSU_01330","string-db","224308.BSU01330/224308.BSU01020","physical","txid224308"
"BSU_01020","BSU_40500","RplK","RplI","rplK","BSU_40500","RplK","RplI","BSU_01020","BSU_40500","subtiwiki","224308.BSU40500/224308.BSU01020","physical","txid224308"
"BSU_01020","BSU_23880","RplK","MifM","rplK","mifM","RplK","MifM","BSU_01020","BSU_23880","string-db","224308.BSU23880/224308.BSU01020","physical","txid224308"
"BSU_01020","BSU_15640","RplK","YloA","rplK","rqcH","RplK","RqcH","BSU_01020","BSU_15640","subtiwiki","224308.BSU15640/224308.BSU01020","physical","txid224308"
"BSU_01020","BSU_01400","RplK","RpmJ","rplK","rpmJ","RplK","RpmJ","BSU_01020","BSU_01400","subtiwiki","224308.BSU01400/224308.BSU01020","physical","txid224308"
"BSU_01020","BSU_01160","RplK","RplC","rplK","rplC","RplK","RplC","BSU_01020","BSU_01160","subtiwiki","224308.BSU01020/224308.BSU01160","physical","txid224308"
"BSU_01020","BSU_27940","RplK","RpmA","rplK","rpmA","RplK","RpmA","BSU_01020","BSU_27940","subtiwiki","224308.BSU27940/224308.BSU01020","physical","txid224308"
"BSU_01020","BSU_01350","RplK","RplO","rplK","rplO","RplK","RplO","BSU_01020","BSU_01350","subtiwiki","224308.BSU01350/224308.BSU01020","physical","txid224308"
"BSU_01020","BSU_01110","RplK","RpsG","rplK","rpsG","RplK","RpsG","BSU_01020","BSU_01110","string-db","224308.BSU01110/224308.BSU01020","physical","txid224308"
"BSU_01020","BSU_01100","RplK","RpsL","rplK","rpsL","RplK","RpsL","BSU_01020","BSU_01100","string-db","224308.BSU01100/224308.BSU01020","physical","txid224308"
"BSU_01020","BSU_16040","RplK","RplS","rplK","rplS","RplK","RplS","BSU_01020","BSU_16040","subtiwiki","224308.BSU16040/224308.BSU01020","physical","txid224308"
"BSU_01020","BSU_01200","RplK","RpsS","rplK","rpsS","RplK","RpsS","BSU_01020","BSU_01200","subtiwiki","224308.BSU01200/224308.BSU01020","physical","txid224308"
"BSU_01020","BSU_01340","RplK","RpmD","rplK","rpmD","RplK","RpmD","BSU_01020","BSU_01340","subtiwiki","224308.BSU01340/224308.BSU01020","physical","txid224308"
"BSU_01020","BSU_01290","RplK","RpsNA","rplK","rpsN","RplK","RpsN","BSU_01020","BSU_01290","string-db","224308.BSU01290/224308.BSU01020","physical","txid224308"
"BSU_01020","BSU_01270","RplK","RplX","rplK","rplX","RplK","RplX","BSU_01020","BSU_01270","subtiwiki","224308.BSU01270/224308.BSU01020","physical","txid224308"
"BSU_01020","BSU_01030","RplK","RplA","rplK","rplA","RplK","RplA","BSU_01020","BSU_01030","subtiwiki","224308.BSU01030/224308.BSU01020","physical","txid224308"
"BSU_01020","BSU_01300","RplK","RpsH","rplK","rpsH","RplK","RpsH","BSU_01020","BSU_01300","string-db","224308.BSU01300/224308.BSU01020","physical","txid224308"
"BSU_01020","BSU_28850","RplK","RplT","rplK","rplT","RplK","RplT","BSU_01020","BSU_28850","subtiwiki","224308.BSU28850/224308.BSU01020","physical","txid224308"
"BSU_01020","BSU_16680","RplK","RpsO","rplK","rpsO","RplK","RpsO","BSU_01020","BSU_16680","string-db","224308.BSU16680/224308.BSU01020","physical","txid224308"
"BSU_01020","BSU_24900","RplK","RpmGA","rplK","BSU_24900","RplK","RpmGA","BSU_01020","BSU_24900","subtiwiki","224308.BSU24900/224308.BSU01020","physical","txid224308"
"BSU_01020","BSU_37070","RplK","RpmEA","rplK","rpmE","RplK","RpmE","BSU_01020","BSU_37070","subtiwiki","224308.BSU37070/224308.BSU01020","physical","txid224308"
"BSU_01020","BSU_41060","RplK","RpmH","rplK","rpmH","RplK","RpmH","BSU_01020","BSU_41060","subtiwiki","224308.BSU41060/224308.BSU01020","physical","txid224308"
"BSU_01020","BSU_01190","RplK","RplB","rplK","rplB","RplK","RplB","BSU_01020","BSU_01190","subtiwiki","224308.BSU01190/224308.BSU01020","physical","txid224308"
"BSU_01020","BSU_40890","RplK","RpsR","rplK","rpsR","RplK","RpsR","BSU_01020","BSU_40890","string-db","224308.BSU40890/224308.BSU01020","physical","txid224308"
"BSU_01020","BSU_01150","RplK","RpsJ","rplK","rpsJ","RplK","RpsJ","BSU_01020","BSU_01150","string-db","224308.BSU01150/224308.BSU01020","physical","txid224308"
"BSU_01020","BSU_15820","RplK","RpmB","rplK","rpmB","RplK","RpmB","BSU_01020","BSU_15820","subtiwiki","224308.BSU15820/224308.BSU01020","physical","txid224308"
"BSU_01020","BSU_15080","RplK","RpmF","rplK","rpmF","RplK","RpmF","BSU_01020","BSU_15080","subtiwiki","224308.BSU15080/224308.BSU01020","physical","txid224308"
"BSU_01020","BSU_01310","RplK","RplF","rplK","rplF","RplK","RplF","BSU_01020","BSU_01310","subtiwiki","224308.BSU01310/224308.BSU01020","physical","txid224308"
"BSU_01020","BSU_25550","RplK","RpsT","rplK","BSU_25550","RplK","RpsT","BSU_01020","BSU_25550","string-db","224308.BSU25550/224308.BSU01020","physical","txid224308"
"BSU_01020","BSU_15990","RplK","RpsP","rplK","rpsP","RplK","RpsP","BSU_01020","BSU_15990","string-db","224308.BSU15990/224308.BSU01020","physical","txid224308"
"BSU_01020","BSU_01250","RplK","RpsQ","rplK","rpsQ","RplK","RpsQ","BSU_01020","BSU_01250","string-db","224308.BSU01250/224308.BSU01020","physical","txid224308"
"BSU_01020","BSU_01040","RplK","RplJ","rplK","rplJ","RplK","RplJ","BSU_01020","BSU_01040","subtiwiki","224308.BSU01040/224308.BSU01020","physical","txid224308"
"BSU_00620","BSU_09920","DivIC","SbcE","divIC","sbcE","DivIC","SbcE","BSU_00620","BSU_09920","string-db","224308.BSU09920/224308.BSU00620","physical","txid224308"
"BSU_00620","BSU_12790","DivIC","XhlA","divIC","xhlA","DivIC","XhlA","BSU_00620","BSU_12790","string-db","224308.BSU12790/224308.BSU00620","physical","txid224308"
"BSU_00620","BSU_06710","DivIC","SwrC","divIC","BSU_06710","DivIC","SwrC","BSU_00620","BSU_06710","string-db","224308.BSU06710/224308.BSU00620","physical","txid224308"
"BSU_00620","BSU_15390","DivIC","SepF","divIC","sepF","DivIC","SepF","BSU_00620","BSU_15390","string-db","224308.BSU15390/224308.BSU00620","physical","txid224308"
"BSU_00620","BSU_09900","DivIC","YhaP","divIC","yhaP","DivIC","YhaP","BSU_00620","BSU_09900","string-db","224308.BSU09900/224308.BSU00620","physical","txid224308"
"BSU_00620","BSU_22320","DivIC","PonA","divIC","ponA","DivIC","PonA","BSU_00620","BSU_22320","string-db","224308.BSU22320/224308.BSU00620","physical","txid224308"
"BSU_00620","BSU_14850","DivIC","FtsW","divIC","ftsW","DivIC","FtsW","BSU_00620","BSU_14850","string-db","224308.BSU14850/224308.BSU00620","physical","txid224308"
"BSU_00620","BSU_10160","DivIC","YhgE","divIC","BSU_10160","DivIC","YhgE","BSU_00620","BSU_10160","string-db","224308.BSU10160/224308.BSU00620","physical","txid224308"
"BSU_00620","BSU_15150","DivIC","FtsL","divIC","BSU_15150","DivIC","FtsL","BSU_00620","BSU_15150","subtiwiki","224308.BSU15150/224308.BSU00620","physical","txid224308"
"BSU_00620","BSU_26030","DivIC","YqbO","divIC","BSU_26030","DivIC","YqbO","BSU_00620","BSU_26030","string-db","224308.BSU26030/224308.BSU00620","physical","txid224308"
"BSU_00620","BSU_29610","DivIC","EzrA","divIC","ezrA","DivIC","EzrA","BSU_00620","BSU_29610","string-db","224308.BSU29610/224308.BSU00620","physical","txid224308"
"BSU_00620","BSU_15290","DivIC","FtsZ","divIC","ftsZ","DivIC","FtsZ","BSU_00620","BSU_15290","string-db","224308.BSU15290/224308.BSU00620","physical","txid224308"
"BSU_00620","BSU_15280","DivIC","FtsA","divIC","ftsA","DivIC","FtsA","BSU_00620","BSU_15280","string-db","224308.BSU15280/224308.BSU00620","physical","txid224308"
"BSU_00620","BSU_25330","DivIC","YqfF","divIC","BSU_25330","DivIC","YqfF","BSU_00620","BSU_25330","string-db","224308.BSU25330/224308.BSU00620","physical","txid224308"
"BSU_00620","BSU_15160","DivIC","PbpB","divIC","BSU_15160","DivIC","PbpB","BSU_00620","BSU_15160","subtiwiki","224308.BSU15160/224308.BSU00620","physical","txid224308"
"BSU_00620","BSU_12890","DivIC","YkcC","divIC","ykcC","DivIC","YkcC","BSU_00620","BSU_12890","string-db","224308.BSU12890/224308.BSU00620","physical","txid224308"
"BSU_00620","BSU_14400","DivIC","FruA","divIC","fruA","DivIC","FruA","BSU_00620","BSU_14400","string-db","224308.BSU14400/224308.BSU00620","physical","txid224308"
"BSU_00620","BSU_26150","DivIC","YqbD","divIC","BSU_26150","DivIC","YqbD","BSU_00620","BSU_26150","string-db","224308.BSU26150/224308.BSU00620","physical","txid224308"
"BSU_00620","BSU_37030","DivIC","RacA","divIC","racA","DivIC","RacA","BSU_00620","BSU_37030","string-db","224308.BSU37030/224308.BSU00620","physical","txid224308"
"BSU_00620","BSU_15240","DivIC","DivIB","divIC","divIB","DivIC","DivIB","BSU_00620","BSU_15240","subtiwiki","224308.BSU15240/224308.BSU00620","physical","txid224308"
"BSU_14400","BSU_27070","FruA","LevD","fruA","levD","FruA","LevD","BSU_14400","BSU_27070","string-db","224308.BSU27070/224308.BSU14400","physical","txid224308"
"BSU_14400","BSU_16340","FruA","FliZ","fruA","fliO","FruA","FliO","BSU_14400","BSU_16340","string-db","224308.BSU16340/224308.BSU14400","physical","txid224308"
"BSU_14400","BSU_26150","FruA","YqbD","fruA","BSU_26150","FruA","YqbD","BSU_14400","BSU_26150","string-db","224308.BSU26150/224308.BSU14400","physical","txid224308"
"BSU_14400","BSU_30150","FruA","YtdP","fruA","BSU_30150","FruA","YtdP","BSU_14400","BSU_30150","string-db","224308.BSU30150/224308.BSU14400","physical","txid224308"
"BSU_14400","BSU_33420","FruA","NhaK","fruA","BSU_33420","FruA","NhaK","BSU_14400","BSU_33420","string-db","224308.BSU33420/224308.BSU14400","physical","txid224308"
"BSU_14400","BSU_17180","FruA","PksJ","fruA","pksJ","FruA","PksJ","BSU_14400","BSU_17180","string-db","224308.BSU17180/224308.BSU14400","physical","txid224308"
"BSU_14400","BSU_15280","FruA","FtsA","fruA","ftsA","FruA","FtsA","BSU_14400","BSU_15280","string-db","224308.BSU15280/224308.BSU14400","physical","txid224308"
"BSU_14400","BSU_27060","FruA","LevE","fruA","levE","FruA","LevE","BSU_14400","BSU_27060","string-db","224308.BSU27060/224308.BSU14400","physical","txid224308"
"BSU_14400","BSU_40360","FruA","HtrC","fruA","htrC","FruA","HtrC","BSU_14400","BSU_40360","string-db","224308.BSU40360/224308.BSU14400","physical","txid224308"
"BSU_14400","BSU_18320","FruA","PpsC","fruA","ppsC","FruA","PpsC","BSU_14400","BSU_18320","string-db","224308.BSU18320/224308.BSU14400","physical","txid224308"
"BSU_14400","BSU_25330","FruA","YqfF","fruA","BSU_25330","FruA","YqfF","BSU_14400","BSU_25330","string-db","224308.BSU25330/224308.BSU14400","physical","txid224308"
"BSU_14400","BSU_27050","FruA","LevF","fruA","levF","FruA","LevF","BSU_14400","BSU_27050","string-db","224308.BSU27050/224308.BSU14400","physical","txid224308"
"BSU_14400","BSU_36190","FruA","RttN","fruA","BSU_36190","FruA","YwqJ","BSU_14400","BSU_36190","string-db","224308.BSU36190/224308.BSU14400","physical","txid224308"
"BSU_14400","BSU_15150","FruA","FtsL","fruA","BSU_15150","FruA","FtsL","BSU_14400","BSU_15150","string-db","224308.BSU15150/224308.BSU14400","physical","txid224308"
"BSU_14400","BSU_14880","FruA","CtaB","fruA","ctaB","FruA","CtaB","BSU_14400","BSU_14880","string-db","224308.BSU14880/224308.BSU14400","physical","txid224308"
"BSU_14400","BSU_39810","FruA","CsbC","fruA","csbC","FruA","CsbC","BSU_14400","BSU_39810","string-db","224308.BSU39810/224308.BSU14400","physical","txid224308"
"BSU_14400","BSU_29980","FruA","YtjP","fruA","BSU_29980","FruA","YtjP","BSU_14400","BSU_29980","string-db","224308.BSU29980/224308.BSU14400","physical","txid224308"
"BSU_14400","BSU_20710","FruA","YopZ","fruA","BSU_20710","FruA","YopZ","BSU_14400","BSU_20710","string-db","224308.BSU20710/224308.BSU14400","physical","txid224308"
"BSU_14400","BSU_15160","FruA","PbpB","fruA","BSU_15160","FruA","PbpB","BSU_14400","BSU_15160","string-db","224308.BSU15160/224308.BSU14400","physical","txid224308"
"BSU_14400","BSU_27040","FruA","LevG","fruA","levG","FruA","LevG","BSU_14400","BSU_27040","string-db","224308.BSU27040/224308.BSU14400","physical","txid224308"
"BSU_14400","BSU_28010","FruA","MreD","fruA","mreD","FruA","MreD","BSU_14400","BSU_28010","string-db","224308.BSU28010/224308.BSU14400","physical","txid224308"
"BSU_14400","BSU_14850","FruA","FtsW","fruA","ftsW","FruA","FtsW","BSU_14400","BSU_14850","string-db","224308.BSU14850/224308.BSU14400","physical","txid224308"
"BSU_14400","BSU_15940","FruA","Smc","fruA","smc","FruA","Smc","BSU_14400","BSU_15940","string-db","224308.BSU15940/224308.BSU14400","physical","txid224308"
"BSU_14400","BSU_15240","FruA","DivIB","fruA","divIB","FruA","DivIB","BSU_14400","BSU_15240","string-db","224308.BSU15240/224308.BSU14400","physical","txid224308"
"BSU_14400","BSU_24300","FruA","XseA","fruA","BSU_24300","FruA","XseA","BSU_14400","BSU_24300","string-db","224308.BSU24300/224308.BSU14400","physical","txid224308"
"BSU_14850","BSU_15390","FtsW","SepF","ftsW","sepF","FtsW","SepF","BSU_14850","BSU_15390","string-db","224308.BSU15390/224308.BSU14850","physical","txid224308"
"BSU_14850","BSU_25330","FtsW","YqfF","ftsW","BSU_25330","FtsW","YqfF","BSU_14850","BSU_25330","string-db","224308.BSU25330/224308.BSU14850","physical","txid224308"
"BSU_14850","BSU_15290","FtsW","FtsZ","ftsW","ftsZ","FtsW","FtsZ","BSU_14850","BSU_15290","string-db","224308.BSU15290/224308.BSU14850","physical","txid224308"
"BSU_14850","BSU_29610","FtsW","EzrA","ftsW","ezrA","FtsW","EzrA","BSU_14850","BSU_29610","string-db","224308.BSU29610/224308.BSU14850","physical","txid224308"
"BSU_14850","BSU_16800","FtsW","SpoIIIE","ftsW","spoIIIE","FtsW","SpoIIIE","BSU_14850","BSU_16800","string-db","224308.BSU16800/224308.BSU14850","physical","txid224308"
"BSU_14850","BSU_15150","FtsW","FtsL","ftsW","BSU_15150","FtsW","FtsL","BSU_14850","BSU_15150","string-db","224308.BSU15150/224308.BSU14850","physical","txid224308"
"BSU_14850","BSU_28610","FtsW","YshA","ftsW","BSU_28610","FtsW","ZapA","BSU_14850","BSU_28610","string-db","224308.BSU28610/224308.BSU14850","physical","txid224308"
"BSU_14850","BSU_15420","FtsW","DivIVA","ftsW","divIVA","FtsW","DivIVA","BSU_14850","BSU_15420","string-db","224308.BSU15420/224308.BSU14850","physical","txid224308"
"BSU_14850","BSU_22320","FtsW","PonA","ftsW","ponA","FtsW","PonA","BSU_14850","BSU_22320","string-db","224308.BSU22320/224308.BSU14850","physical","txid224308"
"BSU_14850","BSU_15240","FtsW","DivIB","ftsW","divIB","FtsW","DivIB","BSU_14850","BSU_15240","string-db","224308.BSU15240/224308.BSU14850","physical","txid224308"
"BSU_14850","BSU_35250","FtsW","FtsX","ftsW","ftsX","FtsW","FtsX","BSU_14850","BSU_35250","string-db","224308.BSU35250/224308.BSU14850","physical","txid224308"
"BSU_14850","BSU_15160","FtsW","PbpB","ftsW","BSU_15160","FtsW","PbpB","BSU_14850","BSU_15160","subtiwiki","224308.BSU14850/224308.BSU15160","physical","txid224308"
"BSU_14850","BSU_35260","FtsW","FtsE","ftsW","ftsE","FtsW","FtsE","BSU_14850","BSU_35260","string-db","224308.BSU35260/224308.BSU14850","physical","txid224308"
"BSU_14850","BSU_28010","FtsW","MreD","ftsW","mreD","FtsW","MreD","BSU_14850","BSU_28010","string-db","224308.BSU28010/224308.BSU14850","physical","txid224308"
"BSU_14850","BSU_28020","FtsW","MreC","ftsW","mreC","FtsW","MreC","BSU_14850","BSU_28020","string-db","224308.BSU28020/224308.BSU14850","physical","txid224308"
"BSU_14850","BSU_15280","FtsW","FtsA","ftsW","ftsA","FtsW","FtsA","BSU_14850","BSU_15280","string-db","224308.BSU15280/224308.BSU14850","physical","txid224308"
"BSU_12890","BSU_15240","YkcC","DivIB","ykcC","divIB","YkcC","DivIB","BSU_12890","BSU_15240","string-db","224308.BSU15240/224308.BSU12890","physical","txid224308"
"BSU_12890","BSU_17180","YkcC","PksJ","ykcC","pksJ","YkcC","PksJ","BSU_12890","BSU_17180","string-db","224308.BSU17180/224308.BSU12890","physical","txid224308"
"BSU_12890","BSU_37420","YkcC","AlbF","ykcC","albF","YkcC","AlbF","BSU_12890","BSU_37420","string-db","224308.BSU37420/224308.BSU12890","physical","txid224308"
"BSU_12890","BSU_14400","YkcC","FruA","ykcC","fruA","YkcC","FruA","BSU_12890","BSU_14400","string-db","224308.BSU14400/224308.BSU12890","physical","txid224308"
"BSU_12890","BSU_40360","YkcC","HtrC","ykcC","htrC","YkcC","HtrC","BSU_12890","BSU_40360","string-db","224308.BSU40360/224308.BSU12890","physical","txid224308"
"BSU_12890","BSU_26030","YkcC","YqbO","ykcC","BSU_26030","YkcC","YqbO","BSU_12890","BSU_26030","string-db","224308.BSU26030/224308.BSU12890","physical","txid224308"
"BSU_12890","BSU_33090","YkcC","LiaS","ykcC","liaS","YkcC","LiaS","BSU_12890","BSU_33090","string-db","224308.BSU33090/224308.BSU12890","physical","txid224308"
"BSU_12890","BSU_20710","YkcC","YopZ","ykcC","BSU_20710","YkcC","YopZ","BSU_12890","BSU_20710","string-db","224308.BSU20710/224308.BSU12890","physical","txid224308"
"BSU_12890","BSU_14850","YkcC","FtsW","ykcC","ftsW","YkcC","FtsW","BSU_12890","BSU_14850","string-db","224308.BSU14850/224308.BSU12890","physical","txid224308"
"BSU_12890","BSU_36190","YkcC","RttN","ykcC","BSU_36190","YkcC","YwqJ","BSU_12890","BSU_36190","string-db","224308.BSU36190/224308.BSU12890","physical","txid224308"
"BSU_12890","BSU_18320","YkcC","PpsC","ykcC","ppsC","YkcC","PpsC","BSU_12890","BSU_18320","string-db","224308.BSU18320/224308.BSU12890","physical","txid224308"
"BSU_12890","BSU_28020","YkcC","MreC","ykcC","mreC","YkcC","MreC","BSU_12890","BSU_28020","string-db","224308.BSU28020/224308.BSU12890","physical","txid224308"
"BSU_12890","BSU_13060","YkcC","YkjA","ykcC","BSU_13060","YkcC","YkjA","BSU_12890","BSU_13060","string-db","224308.BSU13060/224308.BSU12890","physical","txid224308"
"BSU_12890","BSU_40840","YkcC","YyaJ","ykcC","BSU_40840","YkcC","YyaJ","BSU_12890","BSU_40840","string-db","224308.BSU40840/224308.BSU12890","physical","txid224308"
"BSU_12890","BSU_13390","YkcC","YkoT","ykcC","ykoT","YkcC","YkoT","BSU_12890","BSU_13390","string-db","224308.BSU13390/224308.BSU12890","physical","txid224308"
"BSU_12890","BSU_29980","YkcC","YtjP","ykcC","BSU_29980","YkcC","YtjP","BSU_12890","BSU_29980","string-db","224308.BSU29980/224308.BSU12890","physical","txid224308"
"BSU_12890","BSU_25330","YkcC","YqfF","ykcC","BSU_25330","YkcC","YqfF","BSU_12890","BSU_25330","string-db","224308.BSU25330/224308.BSU12890","physical","txid224308"
"BSU_12890","BSU_24300","YkcC","XseA","ykcC","BSU_24300","YkcC","XseA","BSU_12890","BSU_24300","string-db","224308.BSU24300/224308.BSU12890","physical","txid224308"
"BSU_12890","BSU_16340","YkcC","FliZ","ykcC","fliO","YkcC","FliO","BSU_12890","BSU_16340","string-db","224308.BSU16340/224308.BSU12890","physical","txid224308"
"BSU_12890","BSU_14880","YkcC","CtaB","ykcC","ctaB","YkcC","CtaB","BSU_12890","BSU_14880","string-db","224308.BSU14880/224308.BSU12890","physical","txid224308"
"BSU_12890","BSU_28010","YkcC","MreD","ykcC","mreD","YkcC","MreD","BSU_12890","BSU_28010","string-db","224308.BSU28010/224308.BSU12890","physical","txid224308"
"BSU_12890","BSU_15160","YkcC","PbpB","ykcC","BSU_15160","YkcC","PbpB","BSU_12890","BSU_15160","string-db","224308.BSU15160/224308.BSU12890","physical","txid224308"
"BSU_12890","BSU_39810","YkcC","CsbC","ykcC","csbC","YkcC","CsbC","BSU_12890","BSU_39810","string-db","224308.BSU39810/224308.BSU12890","physical","txid224308"
"BSU_12890","BSU_15280","YkcC","FtsA","ykcC","ftsA","YkcC","FtsA","BSU_12890","BSU_15280","string-db","224308.BSU15280/224308.BSU12890","physical","txid224308"
"BSU_12890","BSU_15940","YkcC","Smc","ykcC","smc","YkcC","Smc","BSU_12890","BSU_15940","string-db","224308.BSU15940/224308.BSU12890","physical","txid224308"
"BSU_12890","BSU_28980","YkcC","DnaI","ykcC","BSU_28980","YkcC","DnaI","BSU_12890","BSU_28980","string-db","224308.BSU28980/224308.BSU12890","physical","txid224308"
"BSU_12890","BSU_33020","YkcC","CssS","ykcC","cssS","YkcC","CssS","BSU_12890","BSU_33020","string-db","224308.BSU33020/224308.BSU12890","physical","txid224308"
"BSU_12890","BSU_37030","YkcC","RacA","ykcC","racA","YkcC","RacA","BSU_12890","BSU_37030","string-db","224308.BSU37030/224308.BSU12890","physical","txid224308"
"BSU_12890","BSU_26150","YkcC","YqbD","ykcC","BSU_26150","YkcC","YqbD","BSU_12890","BSU_26150","string-db","224308.BSU26150/224308.BSU12890","physical","txid224308"
"BSU_12890","BSU_15150","YkcC","FtsL","ykcC","BSU_15150","YkcC","FtsL","BSU_12890","BSU_15150","string-db","224308.BSU15150/224308.BSU12890","physical","txid224308"
"BSU_12890","BSU_30150","YkcC","YtdP","ykcC","BSU_30150","YkcC","YtdP","BSU_12890","BSU_30150","string-db","224308.BSU30150/224308.BSU12890","physical","txid224308"
"BSU_12790","BSU_12890","XhlA","YkcC","xhlA","ykcC","XhlA","YkcC","BSU_12790","BSU_12890","string-db","224308.BSU12890/224308.BSU12790","physical","txid224308"
"BSU_12790","BSU_14400","XhlA","FruA","xhlA","fruA","XhlA","FruA","BSU_12790","BSU_14400","string-db","224308.BSU14400/224308.BSU12790","physical","txid224308"
"BSU_12790","BSU_16430","XhlA","CheA","xhlA","cheA","XhlA","CheA","BSU_12790","BSU_16430","string-db","224308.BSU16430/224308.BSU12790","physical","txid224308"
"BSU_12790","BSU_13060","XhlA","YkjA","xhlA","BSU_13060","XhlA","YkjA","BSU_12790","BSU_13060","string-db","224308.BSU13060/224308.BSU12790","physical","txid224308"
"BSU_12790","BSU_15280","XhlA","FtsA","xhlA","ftsA","XhlA","FtsA","BSU_12790","BSU_15280","string-db","224308.BSU15280/224308.BSU12790","physical","txid224308"
"BSU_12790","BSU_37030","XhlA","RacA","xhlA","racA","XhlA","RacA","BSU_12790","BSU_37030","string-db","224308.BSU37030/224308.BSU12790","physical","txid224308"
"BSU_12790","BSU_21820","XhlA","ThyB","xhlA","thyB","XhlA","ThyB","BSU_12790","BSU_21820","string-db","224308.BSU21820/224308.BSU12790","physical","txid224308"
"BSU_12790","BSU_36190","XhlA","RttN","xhlA","BSU_36190","XhlA","YwqJ","BSU_12790","BSU_36190","string-db","224308.BSU36190/224308.BSU12790","physical","txid224308"
"BSU_12790","BSU_31860","XhlA","YueB","xhlA","yueB","XhlA","YueB","BSU_12790","BSU_31860","string-db","224308.BSU31860/224308.BSU12790","physical","txid224308"
"BSU_12790","BSU_15240","XhlA","DivIB","xhlA","divIB","XhlA","DivIB","BSU_12790","BSU_15240","string-db","224308.BSU15240/224308.BSU12790","physical","txid224308"
"BSU_12790","BSU_33880","XhlA","YvbJ","xhlA","BSU_33880","XhlA","YvbJ","BSU_12790","BSU_33880","string-db","224308.BSU33880/224308.BSU12790","physical","txid224308"
"BSU_12790","BSU_26150","XhlA","YqbD","xhlA","BSU_26150","XhlA","YqbD","BSU_12790","BSU_26150","string-db","224308.BSU26150/224308.BSU12790","physical","txid224308"
"BSU_12790","BSU_30150","XhlA","YtdP","xhlA","BSU_30150","XhlA","YtdP","BSU_12790","BSU_30150","string-db","224308.BSU30150/224308.BSU12790","physical","txid224308"
"BSU_12790","BSU_33690","XhlA","YvaQ","xhlA","yvaQ","XhlA","YvaQ","BSU_12790","BSU_33690","string-db","224308.BSU33690/224308.BSU12790","physical","txid224308"
"BSU_12790","BSU_13390","XhlA","YkoT","xhlA","ykoT","XhlA","YkoT","BSU_12790","BSU_13390","string-db","224308.BSU13390/224308.BSU12790","physical","txid224308"
"BSU_12790","BSU_15150","XhlA","FtsL","xhlA","BSU_15150","XhlA","FtsL","BSU_12790","BSU_15150","string-db","224308.BSU15150/224308.BSU12790","physical","txid224308"
"BSU_12790","BSU_15160","XhlA","PbpB","xhlA","BSU_15160","XhlA","PbpB","BSU_12790","BSU_15160","string-db","224308.BSU15160/224308.BSU12790","physical","txid224308"
"BSU_12790","BSU_40360","XhlA","HtrC","xhlA","htrC","XhlA","HtrC","BSU_12790","BSU_40360","string-db","224308.BSU40360/224308.BSU12790","physical","txid224308"
"BSU_12790","BSU_15940","XhlA","Smc","xhlA","smc","XhlA","Smc","BSU_12790","BSU_15940","string-db","224308.BSU15940/224308.BSU12790","physical","txid224308"
"BSU_12790","BSU_33020","XhlA","CssS","xhlA","cssS","XhlA","CssS","BSU_12790","BSU_33020","string-db","224308.BSU33020/224308.BSU12790","physical","txid224308"
"BSU_12790","BSU_18320","XhlA","PpsC","xhlA","ppsC","XhlA","PpsC","BSU_12790","BSU_18320","string-db","224308.BSU18320/224308.BSU12790","physical","txid224308"
"BSU_12790","BSU_25330","XhlA","YqfF","xhlA","BSU_25330","XhlA","YqfF","BSU_12790","BSU_25330","string-db","224308.BSU25330/224308.BSU12790","physical","txid224308"
"BSU_12790","BSU_29190","XhlA","PfkA","xhlA","BSU_29190","XhlA","PfkA","BSU_12790","BSU_29190","string-db","224308.BSU29190/224308.BSU12790","physical","txid224308"
"BSU_12790","BSU_14880","XhlA","CtaB","xhlA","ctaB","XhlA","CtaB","BSU_12790","BSU_14880","string-db","224308.BSU14880/224308.BSU12790","physical","txid224308"
"BSU_10160","BSU_39810","YhgE","CsbC","BSU_10160","csbC","YhgE","CsbC","BSU_10160","BSU_39810","string-db","224308.BSU39810/224308.BSU10160","physical","txid224308"
"BSU_10160","BSU_40840","YhgE","YyaJ","BSU_10160","BSU_40840","YhgE","YyaJ","BSU_10160","BSU_40840","string-db","224308.BSU40840/224308.BSU10160","physical","txid224308"
"BSU_10160","BSU_13390","YhgE","YkoT","BSU_10160","ykoT","YhgE","YkoT","BSU_10160","BSU_13390","string-db","224308.BSU13390/224308.BSU10160","physical","txid224308"
"BSU_10160","BSU_15160","YhgE","PbpB","BSU_10160","BSU_15160","YhgE","PbpB","BSU_10160","BSU_15160","string-db","224308.BSU15160/224308.BSU10160","physical","txid224308"
"BSU_10160","BSU_28010","YhgE","MreD","BSU_10160","mreD","YhgE","MreD","BSU_10160","BSU_28010","string-db","224308.BSU28010/224308.BSU10160","physical","txid224308"
"BSU_10160","BSU_37030","YhgE","RacA","BSU_10160","racA","YhgE","RacA","BSU_10160","BSU_37030","string-db","224308.BSU37030/224308.BSU10160","physical","txid224308"
"BSU_10160","BSU_40360","YhgE","HtrC","BSU_10160","htrC","YhgE","HtrC","BSU_10160","BSU_40360","string-db","224308.BSU40360/224308.BSU10160","physical","txid224308"
"BSU_10160","BSU_15240","YhgE","DivIB","BSU_10160","divIB","YhgE","DivIB","BSU_10160","BSU_15240","string-db","224308.BSU15240/224308.BSU10160","physical","txid224308"
"BSU_10160","BSU_33690","YhgE","YvaQ","BSU_10160","yvaQ","YhgE","YvaQ","BSU_10160","BSU_33690","string-db","224308.BSU33690/224308.BSU10160","physical","txid224308"
"BSU_10160","BSU_37420","YhgE","AlbF","BSU_10160","albF","YhgE","AlbF","BSU_10160","BSU_37420","string-db","224308.BSU37420/224308.BSU10160","physical","txid224308"
"BSU_10160","BSU_15940","YhgE","Smc","BSU_10160","smc","YhgE","Smc","BSU_10160","BSU_15940","string-db","224308.BSU15940/224308.BSU10160","physical","txid224308"
"BSU_10160","BSU_25330","YhgE","YqfF","BSU_10160","BSU_25330","YhgE","YqfF","BSU_10160","BSU_25330","string-db","224308.BSU25330/224308.BSU10160","physical","txid224308"
"BSU_10160","BSU_33020","YhgE","CssS","BSU_10160","cssS","YhgE","CssS","BSU_10160","BSU_33020","string-db","224308.BSU33020/224308.BSU10160","physical","txid224308"
"BSU_10160","BSU_12790","YhgE","XhlA","BSU_10160","xhlA","YhgE","XhlA","BSU_10160","BSU_12790","string-db","224308.BSU12790/224308.BSU10160","physical","txid224308"
"BSU_10160","BSU_18320","YhgE","PpsC","BSU_10160","ppsC","YhgE","PpsC","BSU_10160","BSU_18320","string-db","224308.BSU18320/224308.BSU10160","physical","txid224308"
"BSU_10160","BSU_13060","YhgE","YkjA","BSU_10160","BSU_13060","YhgE","YkjA","BSU_10160","BSU_13060","string-db","224308.BSU13060/224308.BSU10160","physical","txid224308"
"BSU_10160","BSU_30150","YhgE","YtdP","BSU_10160","BSU_30150","YhgE","YtdP","BSU_10160","BSU_30150","string-db","224308.BSU30150/224308.BSU10160","physical","txid224308"
"BSU_10160","BSU_16340","YhgE","FliZ","BSU_10160","fliO","YhgE","FliO","BSU_10160","BSU_16340","string-db","224308.BSU16340/224308.BSU10160","physical","txid224308"
"BSU_10160","BSU_36190","YhgE","RttN","BSU_10160","BSU_36190","YhgE","YwqJ","BSU_10160","BSU_36190","string-db","224308.BSU36190/224308.BSU10160","physical","txid224308"
"BSU_10160","BSU_15280","YhgE","FtsA","BSU_10160","ftsA","YhgE","FtsA","BSU_10160","BSU_15280","string-db","224308.BSU15280/224308.BSU10160","physical","txid224308"
"BSU_10160","BSU_15150","YhgE","FtsL","BSU_10160","BSU_15150","YhgE","FtsL","BSU_10160","BSU_15150","string-db","224308.BSU15150/224308.BSU10160","physical","txid224308"
"BSU_10160","BSU_14400","YhgE","FruA","BSU_10160","fruA","YhgE","FruA","BSU_10160","BSU_14400","string-db","224308.BSU14400/224308.BSU10160","physical","txid224308"
"BSU_10160","BSU_26150","YhgE","YqbD","BSU_10160","BSU_26150","YhgE","YqbD","BSU_10160","BSU_26150","string-db","224308.BSU26150/224308.BSU10160","physical","txid224308"
"BSU_10160","BSU_12890","YhgE","YkcC","BSU_10160","ykcC","YhgE","YkcC","BSU_10160","BSU_12890","string-db","224308.BSU12890/224308.BSU10160","physical","txid224308"
"BSU_10160","BSU_20710","YhgE","YopZ","BSU_10160","BSU_20710","YhgE","YopZ","BSU_10160","BSU_20710","string-db","224308.BSU20710/224308.BSU10160","physical","txid224308"
"BSU_15290","BSU_25770","FtsZ","SpoIVCA","ftsZ","spoIVCA","FtsZ","SpoIVCA","BSU_15290","BSU_25770","string-db","224308.BSU25770/224308.BSU15290","physical","txid224308"
"BSU_15290","BSU_28030","FtsZ","MreB","ftsZ","mreB","FtsZ","MreB","BSU_15290","BSU_28030","string-db","224308.BSU28030/224308.BSU15290","physical","txid224308"
"BSU_15290","BSU_34540","FtsZ","ClpP","ftsZ","clpP","FtsZ","ClpP","BSU_15290","BSU_34540","subtiwiki","224308.BSU34540/224308.BSU15290","physical","txid224308"
"BSU_15290","BSU_28220","FtsZ","ClpX","ftsZ","clpX","FtsZ","ClpX","BSU_15290","BSU_28220","string-db","224308.BSU28220/224308.BSU15290","physical","txid224308"
"BSU_15290","BSU_21920","FtsZ","UgtP","ftsZ","ugtP","FtsZ","UgtP","BSU_15290","BSU_21920","subtiwiki","224308.BSU15290/224308.BSU21920","physical","txid224308"
"BSU_15290","BSU_22320","FtsZ","PonA","ftsZ","ponA","FtsZ","PonA","BSU_15290","BSU_22320","string-db","224308.BSU22320/224308.BSU15290","physical","txid224308"
"BSU_15290","BSU_15420","FtsZ","DivIVA","ftsZ","divIVA","FtsZ","DivIVA","BSU_15290","BSU_15420","string-db","224308.BSU15420/224308.BSU15290","physical","txid224308"
"BSU_15290","BSU_35260","FtsZ","FtsE","ftsZ","ftsE","FtsZ","FtsE","BSU_15290","BSU_35260","string-db","224308.BSU35260/224308.BSU15290","physical","txid224308"
"BSU_15290","BSU_28000","FtsZ","MinC","ftsZ","minC","FtsZ","MinC","BSU_15290","BSU_28000","subtiwiki","224308.BSU15290/224308.BSU28000","physical","txid224308"
"BSU_15290","BSU_23616","FtsZ","MciZ","ftsZ","mciZ","FtsZ","MciZ","BSU_15290","BSU_23616","subtiwiki","224308.BSU23616/224308.BSU15290","physical","txid224308"
"BSU_15290","BSU_26030","FtsZ","YqbO","ftsZ","BSU_26030","FtsZ","YqbO","BSU_15290","BSU_26030","string-db","224308.BSU26030/224308.BSU15290","physical","txid224308"
"BSU_15290","BSU_40400","FtsZ","WalK","ftsZ","BSU_40400","FtsZ","WalK","BSU_15290","BSU_40400","subtiwiki","224308.BSU15290/224308.BSU40400","physical","txid224308"
"BSU_15290","BSU_29740","FtsZ","CcpA","ftsZ","ccpA","FtsZ","CcpA","BSU_15290","BSU_29740","string-db","224308.BSU29740/224308.BSU15290","physical","txid224308"
"BSU_15290","BSU_35250","FtsZ","FtsX","ftsZ","ftsX","FtsZ","FtsX","BSU_15290","BSU_35250","string-db","224308.BSU35250/224308.BSU15290","physical","txid224308"
"BSU_15290","BSU_29610","FtsZ","EzrA","ftsZ","ezrA","FtsZ","EzrA","BSU_15290","BSU_29610","subtiwiki","224308.BSU15290/224308.BSU29610","physical","txid224308"
"BSU_15290","BSU_17860","FtsZ","YneA","ftsZ","yneA","FtsZ","YneA","BSU_15290","BSU_17860","string-db","224308.BSU17860/224308.BSU15290","physical","txid224308"
"BSU_15290","BSU_16800","FtsZ","SpoIIIE","ftsZ","spoIIIE","FtsZ","SpoIIIE","BSU_15290","BSU_16800","string-db","224308.BSU16800/224308.BSU15290","physical","txid224308"
"BSU_15290","BSU_28610","FtsZ","YshA","ftsZ","BSU_28610","FtsZ","ZapA","BSU_15290","BSU_28610","subtiwiki","224308.BSU15290/224308.BSU28610","physical","txid224308"
"BSU_15290","BSU_15390","FtsZ","SepF","ftsZ","sepF","FtsZ","SepF","BSU_15290","BSU_15390","subtiwiki","224308.BSU15290/224308.BSU15390","physical","txid224308"
"BSU_15290","BSU_29630","FtsZ","RefZ","ftsZ","refZ","FtsZ","RefZ","BSU_15290","BSU_29630","subtiwiki","224308.BSU15290/224308.BSU29630","physical","txid224308"
"BSU_15240","BSU_15280","DivIB","FtsA","divIB","ftsA","DivIB","FtsA","BSU_15240","BSU_15280","string-db","224308.BSU15280/224308.BSU15240","physical","txid224308"
"BSU_15240","BSU_15290","DivIB","FtsZ","divIB","ftsZ","DivIB","FtsZ","BSU_15240","BSU_15290","string-db","224308.BSU15290/224308.BSU15240","physical","txid224308"
"BSU_15240","BSU_25330","DivIB","YqfF","divIB","BSU_25330","DivIB","YqfF","BSU_15240","BSU_25330","string-db","224308.BSU25330/224308.BSU15240","physical","txid224308"
"BSU_15240","BSU_26030","DivIB","YqbO","divIB","BSU_26030","DivIB","YqbO","BSU_15240","BSU_26030","string-db","224308.BSU26030/224308.BSU15240","physical","txid224308"
"BSU_15240","BSU_28610","DivIB","YshA","divIB","BSU_28610","DivIB","ZapA","BSU_15240","BSU_28610","string-db","224308.BSU28610/224308.BSU15240","physical","txid224308"
"BSU_15240","BSU_29610","DivIB","EzrA","divIB","ezrA","DivIB","EzrA","BSU_15240","BSU_29610","string-db","224308.BSU29610/224308.BSU15240","physical","txid224308"
"BSU_15240","BSU_37030","DivIB","RacA","divIB","racA","DivIB","RacA","BSU_15240","BSU_37030","string-db","224308.BSU37030/224308.BSU15240","physical","txid224308"
"BSU_15240","BSU_22320","DivIB","PonA","divIB","ponA","DivIB","PonA","BSU_15240","BSU_22320","string-db","224308.BSU22320/224308.BSU15240","physical","txid224308"
"BSU_15240","BSU_26150","DivIB","YqbD","divIB","BSU_26150","DivIB","YqbD","BSU_15240","BSU_26150","string-db","224308.BSU26150/224308.BSU15240","physical","txid224308"
"BSU_15240","BSU_40400","DivIB","WalK","divIB","BSU_40400","DivIB","WalK","BSU_15240","BSU_40400","subtiwiki","224308.BSU15240/224308.BSU40400","physical","txid224308"
"BSU_15240","BSU_15390","DivIB","SepF","divIB","sepF","DivIB","SepF","BSU_15240","BSU_15390","string-db","224308.BSU15390/224308.BSU15240","physical","txid224308"
"BSU_09900","BSU_09890","YhaP","YhaQ","yhaP","yhaQ","YhaP","YhaQ","BSU_09900","BSU_09890","subtiwiki","224308.BSU09900/224308.BSU09890","physical","txid224308"
"BSU_09900","BSU_39810","YhaP","CsbC","yhaP","csbC","YhaP","CsbC","BSU_09900","BSU_39810","string-db","224308.BSU39810/224308.BSU09900","physical","txid224308"
"BSU_09900","BSU_37030","YhaP","RacA","yhaP","racA","YhaP","RacA","BSU_09900","BSU_37030","string-db","224308.BSU37030/224308.BSU09900","physical","txid224308"
"BSU_09900","BSU_18320","YhaP","PpsC","yhaP","ppsC","YhaP","PpsC","BSU_09900","BSU_18320","string-db","224308.BSU18320/224308.BSU09900","physical","txid224308"
"BSU_09900","BSU_36190","YhaP","RttN","yhaP","BSU_36190","YhaP","YwqJ","BSU_09900","BSU_36190","string-db","224308.BSU36190/224308.BSU09900","physical","txid224308"
"BSU_09900","BSU_13060","YhaP","YkjA","yhaP","BSU_13060","YhaP","YkjA","BSU_09900","BSU_13060","string-db","224308.BSU13060/224308.BSU09900","physical","txid224308"
"BSU_09900","BSU_30150","YhaP","YtdP","yhaP","BSU_30150","YhaP","YtdP","BSU_09900","BSU_30150","string-db","224308.BSU30150/224308.BSU09900","physical","txid224308"
"BSU_09900","BSU_33020","YhaP","CssS","yhaP","cssS","YhaP","CssS","BSU_09900","BSU_33020","string-db","224308.BSU33020/224308.BSU09900","physical","txid224308"
"BSU_09900","BSU_14400","YhaP","FruA","yhaP","fruA","YhaP","FruA","BSU_09900","BSU_14400","string-db","224308.BSU14400/224308.BSU09900","physical","txid224308"
"BSU_09900","BSU_12100","YhaP","PdaC","yhaP","pdaC","YhaP","PdaC","BSU_09900","BSU_12100","string-db","224308.BSU12100/224308.BSU09900","physical","txid224308"
"BSU_09900","BSU_33690","YhaP","YvaQ","yhaP","yvaQ","YhaP","YvaQ","BSU_09900","BSU_33690","string-db","224308.BSU33690/224308.BSU09900","physical","txid224308"
"BSU_09900","BSU_15240","YhaP","DivIB","yhaP","divIB","YhaP","DivIB","BSU_09900","BSU_15240","string-db","224308.BSU15240/224308.BSU09900","physical","txid224308"
"BSU_09900","BSU_10160","YhaP","YhgE","yhaP","BSU_10160","YhaP","YhgE","BSU_09900","BSU_10160","string-db","224308.BSU10160/224308.BSU09900","physical","txid224308"
"BSU_09900","BSU_34810","YhaP","YvcD","yhaP","yvcD","YhaP","YvcD","BSU_09900","BSU_34810","string-db","224308.BSU34810/224308.BSU09900","physical","txid224308"
"BSU_09900","BSU_37420","YhaP","AlbF","yhaP","albF","YhaP","AlbF","BSU_09900","BSU_37420","string-db","224308.BSU37420/224308.BSU09900","physical","txid224308"
"BSU_09900","BSU_25330","YhaP","YqfF","yhaP","BSU_25330","YhaP","YqfF","BSU_09900","BSU_25330","string-db","224308.BSU25330/224308.BSU09900","physical","txid224308"
"BSU_09900","BSU_20710","YhaP","YopZ","yhaP","BSU_20710","YhaP","YopZ","BSU_09900","BSU_20710","string-db","224308.BSU20710/224308.BSU09900","physical","txid224308"
"BSU_09900","BSU_15940","YhaP","Smc","yhaP","smc","YhaP","Smc","BSU_09900","BSU_15940","string-db","224308.BSU15940/224308.BSU09900","physical","txid224308"
"BSU_09900","BSU_12790","YhaP","XhlA","yhaP","xhlA","YhaP","XhlA","BSU_09900","BSU_12790","string-db","224308.BSU12790/224308.BSU09900","physical","txid224308"
"BSU_09900","BSU_17320","YhaP","YmaF","yhaP","BSU_17320","YhaP","YmaF","BSU_09900","BSU_17320","string-db","224308.BSU17320/224308.BSU09900","physical","txid224308"
"BSU_09900","BSU_15850","YhaP","SdaAB","yhaP","BSU_15850","YhaP","SdaAB","BSU_09900","BSU_15850","string-db","224308.BSU15850/224308.BSU09900","physical","txid224308"
"BSU_09900","BSU_16460","YhaP","CheD","yhaP","cheD","YhaP","CheD","BSU_09900","BSU_16460","string-db","224308.BSU16460/224308.BSU09900","physical","txid224308"
"BSU_09900","BSU_26150","YhaP","YqbD","yhaP","BSU_26150","YhaP","YqbD","BSU_09900","BSU_26150","string-db","224308.BSU26150/224308.BSU09900","physical","txid224308"
"BSU_09900","BSU_15150","YhaP","FtsL","yhaP","BSU_15150","YhaP","FtsL","BSU_09900","BSU_15150","string-db","224308.BSU15150/224308.BSU09900","physical","txid224308"
"BSU_09900","BSU_14880","YhaP","CtaB","yhaP","ctaB","YhaP","CtaB","BSU_09900","BSU_14880","string-db","224308.BSU14880/224308.BSU09900","physical","txid224308"
"BSU_09900","BSU_13390","YhaP","YkoT","yhaP","ykoT","YhaP","YkoT","BSU_09900","BSU_13390","string-db","224308.BSU13390/224308.BSU09900","physical","txid224308"
"BSU_09900","BSU_10770","YhaP","WprA","yhaP","wprA","YhaP","WprA","BSU_09900","BSU_10770","string-db","224308.BSU10770/224308.BSU09900","physical","txid224308"
"BSU_09900","BSU_31240","YhaP","McpA","yhaP","mcpA","YhaP","McpA","BSU_09900","BSU_31240","string-db","224308.BSU31240/224308.BSU09900","physical","txid224308"
"BSU_09900","BSU_14450","YhaP","AmpS","yhaP","BSU_14450","YhaP","AmpS","BSU_09900","BSU_14450","string-db","224308.BSU14450/224308.BSU09900","physical","txid224308"
"BSU_09900","BSU_40360","YhaP","HtrC","yhaP","htrC","YhaP","HtrC","BSU_09900","BSU_40360","string-db","224308.BSU40360/224308.BSU09900","physical","txid224308"
"BSU_09900","BSU_12890","YhaP","YkcC","yhaP","ykcC","YhaP","YkcC","BSU_09900","BSU_12890","string-db","224308.BSU12890/224308.BSU09900","physical","txid224308"
"BSU_09900","BSU_33420","YhaP","NhaK","yhaP","BSU_33420","YhaP","NhaK","BSU_09900","BSU_33420","string-db","224308.BSU33420/224308.BSU09900","physical","txid224308"
"BSU_09900","BSU_15280","YhaP","FtsA","yhaP","ftsA","YhaP","FtsA","BSU_09900","BSU_15280","string-db","224308.BSU15280/224308.BSU09900","physical","txid224308"
"BSU_09900","BSU_17180","YhaP","PksJ","yhaP","pksJ","YhaP","PksJ","BSU_09900","BSU_17180","string-db","224308.BSU17180/224308.BSU09900","physical","txid224308"
"BSU_09900","BSU_39020","YhaP","NupG","yhaP","nupG","YhaP","NupG","BSU_09900","BSU_39020","string-db","224308.BSU39020/224308.BSU09900","physical","txid224308"
"BSU_09900","BSU_15160","YhaP","PbpB","yhaP","BSU_15160","YhaP","PbpB","BSU_09900","BSU_15160","string-db","224308.BSU15160/224308.BSU09900","physical","txid224308"
"BSU_09900","BSU_33880","YhaP","YvbJ","yhaP","BSU_33880","YhaP","YvbJ","BSU_09900","BSU_33880","string-db","224308.BSU33880/224308.BSU09900","physical","txid224308"
"BSU_09900","BSU_32260","YhaP","Hom","yhaP","hom","YhaP","Hom","BSU_09900","BSU_32260","string-db","224308.BSU32260/224308.BSU09900","physical","txid224308"
"BSU_09900","BSU_28010","YhaP","MreD","yhaP","mreD","YhaP","MreD","BSU_09900","BSU_28010","string-db","224308.BSU28010/224308.BSU09900","physical","txid224308"
"BSU_06710","BSU_36190","SwrC","RttN","BSU_06710","BSU_36190","SwrC","YwqJ","BSU_06710","BSU_36190","string-db","224308.BSU36190/224308.BSU06710","physical","txid224308"
"BSU_06710","BSU_40360","SwrC","HtrC","BSU_06710","htrC","SwrC","HtrC","BSU_06710","BSU_40360","string-db","224308.BSU40360/224308.BSU06710","physical","txid224308"
"BSU_06710","BSU_31960","SwrC","DhbF","BSU_06710","dhbF","SwrC","DhbF","BSU_06710","BSU_31960","string-db","224308.BSU31960/224308.BSU06710","physical","txid224308"
"BSU_06710","BSU_15150","SwrC","FtsL","BSU_06710","BSU_15150","SwrC","FtsL","BSU_06710","BSU_15150","string-db","224308.BSU15150/224308.BSU06710","physical","txid224308"
"BSU_06710","BSU_18320","SwrC","PpsC","BSU_06710","ppsC","SwrC","PpsC","BSU_06710","BSU_18320","string-db","224308.BSU18320/224308.BSU06710","physical","txid224308"
"BSU_06710","BSU_15160","SwrC","PbpB","BSU_06710","BSU_15160","SwrC","PbpB","BSU_06710","BSU_15160","string-db","224308.BSU15160/224308.BSU06710","physical","txid224308"
"BSU_06710","BSU_14400","SwrC","FruA","BSU_06710","fruA","SwrC","FruA","BSU_06710","BSU_14400","string-db","224308.BSU14400/224308.BSU06710","physical","txid224308"
"BSU_06710","BSU_30150","SwrC","YtdP","BSU_06710","BSU_30150","SwrC","YtdP","BSU_06710","BSU_30150","string-db","224308.BSU30150/224308.BSU06710","physical","txid224308"
"BSU_06710","BSU_15940","SwrC","Smc","BSU_06710","smc","SwrC","Smc","BSU_06710","BSU_15940","string-db","224308.BSU15940/224308.BSU06710","physical","txid224308"
"BSU_06710","BSU_13060","SwrC","YkjA","BSU_06710","BSU_13060","SwrC","YkjA","BSU_06710","BSU_13060","string-db","224308.BSU13060/224308.BSU06710","physical","txid224308"
"BSU_06710","BSU_13390","SwrC","YkoT","BSU_06710","ykoT","SwrC","YkoT","BSU_06710","BSU_13390","string-db","224308.BSU13390/224308.BSU06710","physical","txid224308"
"BSU_06710","BSU_37420","SwrC","AlbF","BSU_06710","albF","SwrC","AlbF","BSU_06710","BSU_37420","string-db","224308.BSU37420/224308.BSU06710","physical","txid224308"
"BSU_06710","BSU_17320","SwrC","YmaF","BSU_06710","BSU_17320","SwrC","YmaF","BSU_06710","BSU_17320","string-db","224308.BSU17320/224308.BSU06710","physical","txid224308"
"BSU_06710","BSU_39810","SwrC","CsbC","BSU_06710","csbC","SwrC","CsbC","BSU_06710","BSU_39810","string-db","224308.BSU39810/224308.BSU06710","physical","txid224308"
"BSU_06710","BSU_23140","SwrC","ResB","BSU_06710","resB","SwrC","ResB","BSU_06710","BSU_23140","string-db","224308.BSU23140/224308.BSU06710","physical","txid224308"
"BSU_06710","BSU_29980","SwrC","YtjP","BSU_06710","BSU_29980","SwrC","YtjP","BSU_06710","BSU_29980","string-db","224308.BSU29980/224308.BSU06710","physical","txid224308"
"BSU_06710","BSU_11540","SwrC","PepF","BSU_06710","BSU_11540","SwrC","PepF","BSU_06710","BSU_11540","string-db","224308.BSU11540/224308.BSU06710","physical","txid224308"
"BSU_06710","BSU_33020","SwrC","CssS","BSU_06710","cssS","SwrC","CssS","BSU_06710","BSU_33020","string-db","224308.BSU33020/224308.BSU06710","physical","txid224308"
"BSU_06710","BSU_26150","SwrC","YqbD","BSU_06710","BSU_26150","SwrC","YqbD","BSU_06710","BSU_26150","string-db","224308.BSU26150/224308.BSU06710","physical","txid224308"
"BSU_06710","BSU_28200","SwrC","LonA","BSU_06710","lonA","SwrC","LonA","BSU_06710","BSU_28200","string-db","224308.BSU28200/224308.BSU06710","physical","txid224308"
"BSU_06710","BSU_36760","SwrC","MurAA","BSU_06710","murAA","SwrC","MurAA","BSU_06710","BSU_36760","string-db","224308.BSU36760/224308.BSU06710","physical","txid224308"
"BSU_06710","BSU_28010","SwrC","MreD","BSU_06710","mreD","SwrC","MreD","BSU_06710","BSU_28010","string-db","224308.BSU28010/224308.BSU06710","physical","txid224308"
"BSU_06710","BSU_15240","SwrC","DivIB","BSU_06710","divIB","SwrC","DivIB","BSU_06710","BSU_15240","string-db","224308.BSU15240/224308.BSU06710","physical","txid224308"
"BSU_06710","BSU_14880","SwrC","CtaB","BSU_06710","ctaB","SwrC","CtaB","BSU_06710","BSU_14880","string-db","224308.BSU14880/224308.BSU06710","physical","txid224308"
"BSU_06710","BSU_40840","SwrC","YyaJ","BSU_06710","BSU_40840","SwrC","YyaJ","BSU_06710","BSU_40840","string-db","224308.BSU40840/224308.BSU06710","physical","txid224308"
"BSU_06710","BSU_33690","SwrC","YvaQ","BSU_06710","yvaQ","SwrC","YvaQ","BSU_06710","BSU_33690","string-db","224308.BSU33690/224308.BSU06710","physical","txid224308"
"BSU_06710","BSU_15280","SwrC","FtsA","BSU_06710","ftsA","SwrC","FtsA","BSU_06710","BSU_15280","string-db","224308.BSU15280/224308.BSU06710","physical","txid224308"
"BSU_06710","BSU_10770","SwrC","WprA","BSU_06710","wprA","SwrC","WprA","BSU_06710","BSU_10770","string-db","224308.BSU10770/224308.BSU06710","physical","txid224308"
"BSU_06710","BSU_09550","SwrC","YhdP","BSU_06710","BSU_09550","SwrC","YhdP","BSU_06710","BSU_09550","string-db","224308.BSU09550/224308.BSU06710","physical","txid224308"
"BSU_06710","BSU_16340","SwrC","FliZ","BSU_06710","fliO","SwrC","FliO","BSU_06710","BSU_16340","string-db","224308.BSU16340/224308.BSU06710","physical","txid224308"
"BSU_06710","BSU_39940","SwrC","YxaL","BSU_06710","yxaL","SwrC","YxaL","BSU_06710","BSU_39940","string-db","224308.BSU39940/224308.BSU06710","physical","txid224308"
"BSU_06710","BSU_12310","SwrC","ExuM","BSU_06710","yjmB","SwrC","ExuM","BSU_06710","BSU_12310","string-db","224308.BSU12310/224308.BSU06710","physical","txid224308"
"BSU_06710","BSU_25330","SwrC","YqfF","BSU_06710","BSU_25330","SwrC","YqfF","BSU_06710","BSU_25330","string-db","224308.BSU25330/224308.BSU06710","physical","txid224308"
"BSU_06710","BSU_12890","SwrC","YkcC","BSU_06710","ykcC","SwrC","YkcC","BSU_06710","BSU_12890","string-db","224308.BSU12890/224308.BSU06710","physical","txid224308"
"BSU_06710","BSU_37030","SwrC","RacA","BSU_06710","racA","SwrC","RacA","BSU_06710","BSU_37030","string-db","224308.BSU37030/224308.BSU06710","physical","txid224308"
"BSU_06710","BSU_12790","SwrC","XhlA","BSU_06710","xhlA","SwrC","XhlA","BSU_06710","BSU_12790","string-db","224308.BSU12790/224308.BSU06710","physical","txid224308"
"BSU_06710","BSU_36300","SwrC","GlcR","BSU_06710","glcR","SwrC","GlcR","BSU_06710","BSU_36300","string-db","224308.BSU36300/224308.BSU06710","physical","txid224308"
"BSU_06710","BSU_31860","SwrC","YueB","BSU_06710","yueB","SwrC","YueB","BSU_06710","BSU_31860","string-db","224308.BSU31860/224308.BSU06710","physical","txid224308"
"BSU_06710","BSU_09900","SwrC","YhaP","BSU_06710","yhaP","SwrC","YhaP","BSU_06710","BSU_09900","string-db","224308.BSU09900/224308.BSU06710","physical","txid224308"
"BSU_06710","BSU_07010","SwrC","YesS","BSU_06710","rhgR","SwrC","RhgR","BSU_06710","BSU_07010","string-db","224308.BSU07010/224308.BSU06710","physical","txid224308"
"BSU_06710","BSU_08080","SwrC","AcoC","BSU_06710","acoC","SwrC","AcoC","BSU_06710","BSU_08080","string-db","224308.BSU08080/224308.BSU06710","physical","txid224308"
"BSU_06710","BSU_33880","SwrC","YvbJ","BSU_06710","BSU_33880","SwrC","YvbJ","BSU_06710","BSU_33880","string-db","224308.BSU33880/224308.BSU06710","physical","txid224308"
"BSU_06710","BSU_07580","SwrC","CitS","BSU_06710","BSU_07580","SwrC","CitS","BSU_06710","BSU_07580","string-db","224308.BSU07580/224308.BSU06710","physical","txid224308"
"BSU_06710","BSU_10160","SwrC","YhgE","BSU_06710","BSU_10160","SwrC","YhgE","BSU_06710","BSU_10160","string-db","224308.BSU10160/224308.BSU06710","physical","txid224308"
"BSU_06710","BSU_20710","SwrC","YopZ","BSU_06710","BSU_20710","SwrC","YopZ","BSU_06710","BSU_20710","string-db","224308.BSU20710/224308.BSU06710","physical","txid224308"
"BSU_09920","BSU_15280","SbcE","FtsA","sbcE","ftsA","SbcE","FtsA","BSU_09920","BSU_15280","string-db","224308.BSU15280/224308.BSU09920","physical","txid224308"
"BSU_09920","BSU_28010","SbcE","MreD","sbcE","mreD","SbcE","MreD","BSU_09920","BSU_28010","string-db","224308.BSU28010/224308.BSU09920","physical","txid224308"
"BSU_09920","BSU_12890","SbcE","YkcC","sbcE","ykcC","SbcE","YkcC","BSU_09920","BSU_12890","string-db","224308.BSU12890/224308.BSU09920","physical","txid224308"
"BSU_09920","BSU_15150","SbcE","FtsL","sbcE","BSU_15150","SbcE","FtsL","BSU_09920","BSU_15150","string-db","224308.BSU15150/224308.BSU09920","physical","txid224308"
"BSU_09920","BSU_33690","SbcE","YvaQ","sbcE","yvaQ","SbcE","YvaQ","BSU_09920","BSU_33690","string-db","224308.BSU33690/224308.BSU09920","physical","txid224308"
"BSU_09920","BSU_28020","SbcE","MreC","sbcE","mreC","SbcE","MreC","BSU_09920","BSU_28020","string-db","224308.BSU28020/224308.BSU09920","physical","txid224308"
"BSU_09920","BSU_15240","SbcE","DivIB","sbcE","divIB","SbcE","DivIB","BSU_09920","BSU_15240","string-db","224308.BSU15240/224308.BSU09920","physical","txid224308"
"BSU_09920","BSU_25210","SbcE","DnaG","sbcE","dnaG","SbcE","DnaG","BSU_09920","BSU_25210","string-db","224308.BSU25210/224308.BSU09920","physical","txid224308"
"BSU_15150","BSU_17860","FtsL","YneA","BSU_15150","yneA","FtsL","YneA","BSU_15150","BSU_17860","subtiwiki","224308.BSU15150/224308.BSU17860","physical","txid224308"
"BSU_15150","BSU_16560","FtsL","RasP","BSU_15150","BSU_16560","FtsL","RasP","BSU_15150","BSU_16560","subtiwiki","224308.BSU15150/224308.BSU16560","physical","txid224308"
"BSU_15150","BSU_40400","FtsL","WalK","BSU_15150","BSU_40400","FtsL","WalK","BSU_15150","BSU_40400","subtiwiki","224308.BSU15150/224308.BSU40400","physical","txid224308"
"BSU_15150","BSU_26030","FtsL","YqbO","BSU_15150","BSU_26030","FtsL","YqbO","BSU_15150","BSU_26030","string-db","224308.BSU26030/224308.BSU15150","physical","txid224308"
"BSU_15150","BSU_25330","FtsL","YqfF","BSU_15150","BSU_25330","FtsL","YqfF","BSU_15150","BSU_25330","string-db","224308.BSU25330/224308.BSU15150","physical","txid224308"
"BSU_15150","BSU_27990","FtsL","MinD","BSU_15150","minD","FtsL","MinD","BSU_15150","BSU_27990","string-db","224308.BSU27990/224308.BSU15150","physical","txid224308"
"BSU_15150","BSU_26150","FtsL","YqbD","BSU_15150","BSU_26150","FtsL","YqbD","BSU_15150","BSU_26150","string-db","224308.BSU26150/224308.BSU15150","physical","txid224308"
"BSU_15150","BSU_37030","FtsL","RacA","BSU_15150","racA","FtsL","RacA","BSU_15150","BSU_37030","string-db","224308.BSU37030/224308.BSU15150","physical","txid224308"
"BSU_15150","BSU_28610","FtsL","YshA","BSU_15150","BSU_28610","FtsL","ZapA","BSU_15150","BSU_28610","string-db","224308.BSU28610/224308.BSU15150","physical","txid224308"
"BSU_15150","BSU_29610","FtsL","EzrA","BSU_15150","ezrA","FtsL","EzrA","BSU_15150","BSU_29610","string-db","224308.BSU29610/224308.BSU15150","physical","txid224308"
"BSU_15150","BSU_15290","FtsL","FtsZ","BSU_15150","ftsZ","FtsL","FtsZ","BSU_15150","BSU_15290","string-db","224308.BSU15290/224308.BSU15150","physical","txid224308"
"BSU_15150","BSU_15240","FtsL","DivIB","BSU_15150","divIB","FtsL","DivIB","BSU_15150","BSU_15240","subtiwiki","224308.BSU15150/224308.BSU15240","physical","txid224308"
"BSU_15150","BSU_15280","FtsL","FtsA","BSU_15150","ftsA","FtsL","FtsA","BSU_15150","BSU_15280","string-db","224308.BSU15280/224308.BSU15150","physical","txid224308"
"BSU_15150","BSU_25470","FtsL","DnaK","BSU_15150","dnaK","FtsL","DnaK","BSU_15150","BSU_25470","string-db","224308.BSU25470/224308.BSU15150","physical","txid224308"
"BSU_15150","BSU_22320","FtsL","PonA","BSU_15150","ponA","FtsL","PonA","BSU_15150","BSU_22320","string-db","224308.BSU22320/224308.BSU15150","physical","txid224308"
"BSU_15150","BSU_15160","FtsL","PbpB","BSU_15150","BSU_15160","FtsL","PbpB","BSU_15150","BSU_15160","subtiwiki","224308.BSU15150/224308.BSU15160","physical","txid224308"
"BSU_15150","BSU_15390","FtsL","SepF","BSU_15150","sepF","FtsL","SepF","BSU_15150","BSU_15390","string-db","224308.BSU15390/224308.BSU15150","physical","txid224308"
"BSU_15390","BSU_29805","SepF","SftA","sepF","BSU_29805","SepF","SftA","BSU_15390","BSU_29805","subtiwiki","224308.BSU15390/224308.BSU29805","physical","txid224308"
"BSU_15390","BSU_15420","SepF","DivIVA","sepF","divIVA","SepF","DivIVA","BSU_15390","BSU_15420","string-db","224308.BSU15420/224308.BSU15390","physical","txid224308"
"BSU_15390","BSU_29610","SepF","EzrA","sepF","ezrA","SepF","EzrA","BSU_15390","BSU_29610","string-db","224308.BSU29610/224308.BSU15390","physical","txid224308"
"BSU_15390","BSU_28610","SepF","YshA","sepF","BSU_28610","SepF","ZapA","BSU_15390","BSU_28610","string-db","224308.BSU28610/224308.BSU15390","physical","txid224308"
"BSU_15390","BSU_22320","SepF","PonA","sepF","ponA","SepF","PonA","BSU_15390","BSU_22320","string-db","224308.BSU22320/224308.BSU15390","physical","txid224308"
"BSU_15160","BSU_29610","PbpB","EzrA","BSU_15160","ezrA","PbpB","EzrA","BSU_15160","BSU_29610","string-db","224308.BSU29610/224308.BSU15160","physical","txid224308"
"BSU_15160","BSU_28030","PbpB","MreB","BSU_15160","mreB","PbpB","MreB","BSU_15160","BSU_28030","string-db","224308.BSU28030/224308.BSU15160","physical","txid224308"
"BSU_15160","BSU_25770","PbpB","SpoIVCA","BSU_15160","spoIVCA","PbpB","SpoIVCA","BSU_15160","BSU_25770","string-db","224308.BSU25770/224308.BSU15160","physical","txid224308"
"BSU_15160","BSU_26150","PbpB","YqbD","BSU_15160","BSU_26150","PbpB","YqbD","BSU_15160","BSU_26150","string-db","224308.BSU26150/224308.BSU15160","physical","txid224308"
"BSU_15160","BSU_40400","PbpB","WalK","BSU_15160","BSU_40400","PbpB","WalK","BSU_15160","BSU_40400","subtiwiki","224308.BSU40400/224308.BSU15160","physical","txid224308"
"BSU_15160","BSU_15280","PbpB","FtsA","BSU_15160","ftsA","PbpB","FtsA","BSU_15160","BSU_15280","string-db","224308.BSU15280/224308.BSU15160","physical","txid224308"
"BSU_15160","BSU_15170","PbpB","SpoVD","BSU_15160","spoVD","PbpB","SpoVD","BSU_15160","BSU_15170","string-db","224308.BSU15170/224308.BSU15160","physical","txid224308"
"BSU_15160","BSU_15390","PbpB","SepF","BSU_15160","sepF","PbpB","SepF","BSU_15160","BSU_15390","string-db","224308.BSU15390/224308.BSU15160","physical","txid224308"
"BSU_15160","BSU_22320","PbpB","PonA","BSU_15160","ponA","PbpB","PonA","BSU_15160","BSU_22320","string-db","224308.BSU22320/224308.BSU15160","physical","txid224308"
"BSU_15160","BSU_15290","PbpB","FtsZ","BSU_15160","ftsZ","PbpB","FtsZ","BSU_15160","BSU_15290","string-db","224308.BSU15290/224308.BSU15160","physical","txid224308"
"BSU_15160","BSU_28010","PbpB","MreD","BSU_15160","mreD","PbpB","MreD","BSU_15160","BSU_28010","string-db","224308.BSU28010/224308.BSU15160","physical","txid224308"
"BSU_15160","BSU_28610","PbpB","YshA","BSU_15160","BSU_28610","PbpB","ZapA","BSU_15160","BSU_28610","string-db","224308.BSU28610/224308.BSU15160","physical","txid224308"
"BSU_15160","BSU_37030","PbpB","RacA","BSU_15160","racA","PbpB","RacA","BSU_15160","BSU_37030","string-db","224308.BSU37030/224308.BSU15160","physical","txid224308"
"BSU_15160","BSU_25330","PbpB","YqfF","BSU_15160","BSU_25330","PbpB","YqfF","BSU_15160","BSU_25330","string-db","224308.BSU25330/224308.BSU15160","physical","txid224308"
"BSU_15160","BSU_38120","PbpB","RodA","BSU_15160","rodA","PbpB","RodA","BSU_15160","BSU_38120","string-db","224308.BSU38120/224308.BSU15160","physical","txid224308"
"BSU_15160","BSU_15240","PbpB","DivIB","BSU_15160","divIB","PbpB","DivIB","BSU_15160","BSU_15240","subtiwiki","224308.BSU15240/224308.BSU15160","physical","txid224308"
"BSU_15160","BSU_26030","PbpB","YqbO","BSU_15160","BSU_26030","PbpB","YqbO","BSU_15160","BSU_26030","string-db","224308.BSU26030/224308.BSU15160","physical","txid224308"
"BSU_25330","BSU_28010","YqfF","MreD","BSU_25330","mreD","YqfF","MreD","BSU_25330","BSU_28010","string-db","224308.BSU28010/224308.BSU25330","physical","txid224308"
"BSU_25330","BSU_33880","YqfF","YvbJ","BSU_25330","BSU_33880","YqfF","YvbJ","BSU_25330","BSU_33880","string-db","224308.BSU33880/224308.BSU25330","physical","txid224308"
"BSU_25330","BSU_37030","YqfF","RacA","BSU_25330","racA","YqfF","RacA","BSU_25330","BSU_37030","string-db","224308.BSU37030/224308.BSU25330","physical","txid224308"
"BSU_25330","BSU_32260","YqfF","Hom","BSU_25330","hom","YqfF","Hom","BSU_25330","BSU_32260","string-db","224308.BSU32260/224308.BSU25330","physical","txid224308"
"BSU_25330","BSU_33020","YqfF","CssS","BSU_25330","cssS","YqfF","CssS","BSU_25330","BSU_33020","string-db","224308.BSU33020/224308.BSU25330","physical","txid224308"
"BSU_25330","BSU_40360","YqfF","HtrC","BSU_25330","htrC","YqfF","HtrC","BSU_25330","BSU_40360","string-db","224308.BSU40360/224308.BSU25330","physical","txid224308"
"BSU_25330","BSU_30150","YqfF","YtdP","BSU_25330","BSU_30150","YqfF","YtdP","BSU_25330","BSU_30150","string-db","224308.BSU30150/224308.BSU25330","physical","txid224308"
"BSU_25330","BSU_36190","YqfF","RttN","BSU_25330","BSU_36190","YqfF","YwqJ","BSU_25330","BSU_36190","string-db","224308.BSU36190/224308.BSU25330","physical","txid224308"
"BSU_25330","BSU_31740","YqfF","YuxH","BSU_25330","pdeH","YqfF","YuxH","BSU_25330","BSU_31740","string-db","224308.BSU31740/224308.BSU25330","physical","txid224308"
"BSU_25330","BSU_26150","YqfF","YqbD","BSU_25330","BSU_26150","YqfF","YqbD","BSU_25330","BSU_26150","string-db","224308.BSU26150/224308.BSU25330","physical","txid224308"
"BSU_15280","BSU_28610","FtsA","YshA","ftsA","BSU_28610","FtsA","ZapA","BSU_15280","BSU_28610","string-db","224308.BSU28610/224308.BSU15280","physical","txid224308"
"BSU_15280","BSU_24300","FtsA","XseA","ftsA","BSU_24300","FtsA","XseA","BSU_15280","BSU_24300","string-db","224308.BSU24300/224308.BSU15280","physical","txid224308"
"BSU_15280","BSU_22320","FtsA","PonA","ftsA","ponA","FtsA","PonA","BSU_15280","BSU_22320","string-db","224308.BSU22320/224308.BSU15280","physical","txid224308"
"BSU_15280","BSU_15290","FtsA","FtsZ","ftsA","ftsZ","FtsA","FtsZ","BSU_15280","BSU_15290","subtiwiki","224308.BSU15290/224308.BSU15280","physical","txid224308"
"BSU_15280","BSU_16800","FtsA","SpoIIIE","ftsA","spoIIIE","FtsA","SpoIIIE","BSU_15280","BSU_16800","string-db","224308.BSU16800/224308.BSU15280","physical","txid224308"
"BSU_15280","BSU_25770","FtsA","SpoIVCA","ftsA","spoIVCA","FtsA","SpoIVCA","BSU_15280","BSU_25770","string-db","224308.BSU25770/224308.BSU15280","physical","txid224308"
"BSU_15280","BSU_15420","FtsA","DivIVA","ftsA","divIVA","FtsA","DivIVA","BSU_15280","BSU_15420","string-db","224308.BSU15420/224308.BSU15280","physical","txid224308"
"BSU_15280","BSU_39580","FtsA","YxeE","ftsA","yxeE","FtsA","YxeE","BSU_15280","BSU_39580","string-db","224308.BSU39580/224308.BSU15280","physical","txid224308"
"BSU_15280","BSU_15890","FtsA","PlsX","ftsA","plsX","FtsA","PlsX","BSU_15280","BSU_15890","subtiwiki","224308.BSU15280/224308.BSU15890","physical","txid224308"
"BSU_15280","BSU_26150","FtsA","YqbD","ftsA","BSU_26150","FtsA","YqbD","BSU_15280","BSU_26150","string-db","224308.BSU26150/224308.BSU15280","physical","txid224308"
"BSU_15280","BSU_29610","FtsA","EzrA","ftsA","ezrA","FtsA","EzrA","BSU_15280","BSU_29610","string-db","224308.BSU29610/224308.BSU15280","physical","txid224308"
"BSU_15280","BSU_25330","FtsA","YqfF","ftsA","BSU_25330","FtsA","YqfF","BSU_15280","BSU_25330","string-db","224308.BSU25330/224308.BSU15280","physical","txid224308"
"BSU_15280","BSU_15390","FtsA","SepF","ftsA","sepF","FtsA","SepF","BSU_15280","BSU_15390","string-db","224308.BSU15390/224308.BSU15280","physical","txid224308"
"BSU_15280","BSU_26030","FtsA","YqbO","ftsA","BSU_26030","FtsA","YqbO","BSU_15280","BSU_26030","string-db","224308.BSU26030/224308.BSU15280","physical","txid224308"
"BSU_15280","BSU_35260","FtsA","FtsE","ftsA","ftsE","FtsA","FtsE","BSU_15280","BSU_35260","string-db","224308.BSU35260/224308.BSU15280","physical","txid224308"
"BSU_15280","BSU_30540","FtsA","AsnB","ftsA","BSU_30540","FtsA","AsnB","BSU_15280","BSU_30540","string-db","224308.BSU30540/224308.BSU15280","physical","txid224308"
"BSU_15280","BSU_36410","FtsA","Mbl","ftsA","mbl","FtsA","Mbl","BSU_15280","BSU_36410","string-db","224308.BSU36410/224308.BSU15280","physical","txid224308"
"BSU_15280","BSU_17890","FtsA","Tkt","ftsA","tkt","FtsA","Tkt","BSU_15280","BSU_17890","string-db","224308.BSU17890/224308.BSU15280","physical","txid224308"
"BSU_15280","BSU_35250","FtsA","FtsX","ftsA","ftsX","FtsA","FtsX","BSU_15280","BSU_35250","string-db","224308.BSU35250/224308.BSU15280","physical","txid224308"
"BSU_37030","BSU_40360","RacA","HtrC","racA","htrC","RacA","HtrC","BSU_37030","BSU_40360","string-db","224308.BSU40360/224308.BSU37030","physical","txid224308"
"BSU_37030","BSU_40960","RacA","ParB","racA","parB","RacA","ParB","BSU_37030","BSU_40960","string-db","224308.BSU40960/224308.BSU37030","physical","txid224308"
"BSU_37030","BSU_40970","RacA","ParA","racA","parA","RacA","ParA","BSU_37030","BSU_40970","string-db","224308.BSU40970/224308.BSU37030","physical","txid224308"
"BSU_37030","BSU_37420","RacA","AlbF","racA","albF","RacA","AlbF","BSU_37030","BSU_37420","string-db","224308.BSU37420/224308.BSU37030","physical","txid224308"
"BSU_37030","BSU_00880","RacA","DisA","racA","disA","RacA","DisA","BSU_37030","BSU_00880","subtiwiki","224308.BSU37030/224308.BSU00880","physical","txid224308"
"BSU_26030","BSU_33690","YqbO","YvaQ","BSU_26030","yvaQ","YqbO","YvaQ","BSU_26030","BSU_33690","string-db","224308.BSU33690/224308.BSU26030","physical","txid224308"
"BSU_26030","BSU_40360","YqbO","HtrC","BSU_26030","htrC","YqbO","HtrC","BSU_26030","BSU_40360","string-db","224308.BSU40360/224308.BSU26030","physical","txid224308"
"BSU_26030","BSU_36260","YqbO","YwqC","BSU_26030","tkmA","YqbO","TkmA","BSU_26030","BSU_36260","string-db","224308.BSU36260/224308.BSU26030","physical","txid224308"
"BSU_00630","BSU_28870","YabR","InfC","yabR","infC","YabR","InfC","BSU_00630","BSU_28870","subtiwiki","224308.BSU00630/224308.BSU28870","physical","txid224308"
"BSU_00630","BSU_28580","YabR","MutSB","yabR","BSU_28580","YabR","RqcU","BSU_00630","BSU_28580","subtiwiki","224308.BSU00630/224308.BSU28580","physical","txid224308"
"BSU_00630","BSU_40910","YabR","RpsF","yabR","rpsF","YabR","RpsF","BSU_00630","BSU_40910","subtiwiki","224308.BSU00630/224308.BSU40910","physical","txid224308"
"BSU_00630","BSU_01220","YabR","RpsC","yabR","rpsC","YabR","RpsC","BSU_00630","BSU_01220","string-db","224308.BSU01220/224308.BSU00630","physical","txid224308"
"BSU_00630","BSU_16680","YabR","RpsO","yabR","rpsO","YabR","RpsO","BSU_00630","BSU_16680","string-db","224308.BSU16680/224308.BSU00630","physical","txid224308"
"BSU_00630","BSU_01250","YabR","RpsQ","yabR","rpsQ","YabR","RpsQ","BSU_00630","BSU_01250","string-db","224308.BSU01250/224308.BSU00630","physical","txid224308"
"BSU_00630","BSU_01330","YabR","RpsE","yabR","rpsE","YabR","RpsE","BSU_00630","BSU_01330","string-db","224308.BSU01330/224308.BSU00630","physical","txid224308"
"BSU_00630","BSU_01110","YabR","RpsG","yabR","rpsG","YabR","RpsG","BSU_00630","BSU_01110","subtiwiki","224308.BSU01110/224308.BSU00630","physical","txid224308"
"BSU_00630","BSU_35310","YabR","Hpf","yabR","hpf","YabR","Hpf","BSU_00630","BSU_35310","string-db","224308.BSU35310/224308.BSU00630","physical","txid224308"
"BSU_00630","BSU_01420","YabR","RpsK","yabR","rpsK","YabR","RpsK","BSU_00630","BSU_01420","subtiwiki","224308.BSU00630/224308.BSU01420","physical","txid224308"
"BSU_00630","BSU_01200","YabR","RpsS","yabR","rpsS","YabR","RpsS","BSU_00630","BSU_01200","string-db","224308.BSU01200/224308.BSU00630","physical","txid224308"
"BSU_00630","BSU_01300","YabR","RpsH","yabR","rpsH","YabR","RpsH","BSU_00630","BSU_01300","string-db","224308.BSU01300/224308.BSU00630","physical","txid224308"
"BSU_00630","BSU_01500","YabR","RpsI","yabR","rpsI","YabR","RpsI","BSU_00630","BSU_01500","string-db","224308.BSU01500/224308.BSU00630","physical","txid224308"
"BSU_00630","BSU_16490","YabR","RpsB","yabR","rpsB","YabR","RpsB","BSU_00630","BSU_16490","string-db","224308.BSU16490/224308.BSU00630","physical","txid224308"
"BSU_00630","BSU_40890","YabR","RpsR","yabR","rpsR","YabR","RpsR","BSU_00630","BSU_40890","subtiwiki","224308.BSU00630/224308.BSU40890","physical","txid224308"
"BSU_00630","BSU_22880","YabR","RpfA","yabR","BSU_22880","YabR","RpsA","BSU_00630","BSU_22880","string-db","224308.BSU22880/224308.BSU00630","physical","txid224308"
"BSU_01200","BSU_29660","RpsS","RpsD","rpsS","rpsD","RpsS","RpsD","BSU_01200","BSU_29660","string-db","224308.BSU29660/224308.BSU01200","physical","txid224308"
"BSU_01200","BSU_31390","RpsS","YugI","rpsS","yugI","RpsS","YugI","BSU_01200","BSU_31390","subtiwiki","224308.BSU01200/224308.BSU31390","physical","txid224308"
"BSU_01200","BSU_16500","RpsS","Tsf","rpsS","tsf","RpsS","Tsf","BSU_01200","BSU_16500","subtiwiki","224308.BSU01200/224308.BSU16500","physical","txid224308"
"BSU_01200","BSU_37120","RpsS","FbaA","rpsS","BSU_37120","RpsS","FbaA","BSU_01200","BSU_37120","subtiwiki","224308.BSU01200/224308.BSU37120","physical","txid224308"
"BSU_01200","BSU_28870","RpsS","InfC","rpsS","infC","RpsS","InfC","BSU_01200","BSU_28870","subtiwiki","224308.BSU01200/224308.BSU28870","physical","txid224308"
"BSU_01200","BSU_28860","RpsS","RpmI","rpsS","rpmI","RpsS","RpmI","BSU_01200","BSU_28860","string-db","224308.BSU28860/224308.BSU01200","physical","txid224308"
"BSU_01200","BSU_01310","RpsS","RplF","rpsS","rplF","RpsS","RplF","BSU_01200","BSU_01310","string-db","224308.BSU01310/224308.BSU01200","physical","txid224308"
"BSU_01200","BSU_16490","RpsS","RpsB","rpsS","rpsB","RpsS","RpsB","BSU_01200","BSU_16490","string-db","224308.BSU16490/224308.BSU01200","physical","txid224308"
"BSU_01200","BSU_01230","RpsS","RplP","rpsS","rplP","RpsS","RplP","BSU_01200","BSU_01230","string-db","224308.BSU01230/224308.BSU01200","physical","txid224308"
"BSU_01200","BSU_01210","RpsS","RplV","rpsS","rplV","RpsS","RplV","BSU_01200","BSU_01210","string-db","224308.BSU01210/224308.BSU01200","physical","txid224308"
"BSU_01200","BSU_15990","RpsS","RpsP","rpsS","rpsP","RpsS","RpsP","BSU_01200","BSU_15990","subtiwiki","224308.BSU15990/224308.BSU01200","physical","txid224308"
"BSU_01200","BSU_01330","RpsS","RpsE","rpsS","rpsE","RpsS","RpsE","BSU_01200","BSU_01330","subtiwiki","224308.BSU01330/224308.BSU01200","physical","txid224308"
"BSU_01200","BSU_27600","RpsS","Rsh","rpsS","BSU_27600","RpsS","Rel","BSU_01200","BSU_27600","subtiwiki","224308.BSU01200/224308.BSU27600","physical","txid224308"
"BSU_01200","BSU_22880","RpsS","RpfA","rpsS","BSU_22880","RpsS","RpsA","BSU_01200","BSU_22880","string-db","224308.BSU22880/224308.BSU01200","physical","txid224308"
"BSU_01200","BSU_01340","RpsS","RpmD","rpsS","rpmD","RpsS","RpmD","BSU_01200","BSU_01340","string-db","224308.BSU01340/224308.BSU01200","physical","txid224308"
"BSU_01200","BSU_01410","RpsS","RpsM","rpsS","rpsM","RpsS","RpsM","BSU_01200","BSU_01410","subtiwiki","224308.BSU01200/224308.BSU01410","physical","txid224308"
"BSU_01200","BSU_16020","RpsS","RimM","rpsS","rimM","RpsS","RimM","BSU_01200","BSU_16020","subtiwiki","224308.BSU16020/224308.BSU01200","physical","txid224308"
"BSU_01200","BSU_37070","RpsS","RpmEA","rpsS","rpmE","RpsS","RpmE","BSU_01200","BSU_37070","subtiwiki","224308.BSU37070/224308.BSU01200","physical","txid224308"
"BSU_01200","BSU_25410","RpsS","RpsU","rpsS","BSU_25410","RpsS","RpsU","BSU_01200","BSU_25410","string-db","224308.BSU25410/224308.BSU01200","physical","txid224308"
"BSU_01200","BSU_40500","RpsS","RplI","rpsS","BSU_40500","RpsS","RplI","BSU_01200","BSU_40500","string-db","224308.BSU40500/224308.BSU01200","physical","txid224308"
"BSU_01200","BSU_15080","RpsS","RpmF","rpsS","rpmF","RpsS","RpmF","BSU_01200","BSU_15080","string-db","224308.BSU15080/224308.BSU01200","physical","txid224308"
"BSU_01200","BSU_01490","RpsS","RplM","rpsS","rplM","RpsS","RplM","BSU_01200","BSU_01490","string-db","224308.BSU01490/224308.BSU01200","physical","txid224308"
"BSU_01200","BSU_01300","RpsS","RpsH","rpsS","rpsH","RpsS","RpsH","BSU_01200","BSU_01300","subtiwiki","224308.BSU01200/224308.BSU01300","physical","txid224308"
"BSU_01200","BSU_01500","RpsS","RpsI","rpsS","rpsI","RpsS","RpsI","BSU_01200","BSU_01500","subtiwiki","224308.BSU01200/224308.BSU01500","physical","txid224308"
"BSU_01200","BSU_27940","RpsS","RpmA","rpsS","rpmA","RpsS","RpmA","BSU_01200","BSU_27940","string-db","224308.BSU27940/224308.BSU01200","physical","txid224308"
"BSU_01200","BSU_01320","RpsS","RplR","rpsS","rplR","RpsS","RplR","BSU_01200","BSU_01320","string-db","224308.BSU01320/224308.BSU01200","physical","txid224308"
"BSU_01200","BSU_01260","RpsS","RplNA","rpsS","rplN","RpsS","RplN","BSU_01200","BSU_01260","string-db","224308.BSU01260/224308.BSU01200","physical","txid224308"
"BSU_01200","BSU_01440","RpsS","RplQ","rpsS","rplQ","RpsS","RplQ","BSU_01200","BSU_01440","string-db","224308.BSU01440/224308.BSU01200","physical","txid224308"
"BSU_01200","BSU_28580","RpsS","MutSB","rpsS","BSU_28580","RpsS","RqcU","BSU_01200","BSU_28580","string-db","224308.BSU28580/224308.BSU01200","physical","txid224308"
"BSU_01200","BSU_16040","RpsS","RplS","rpsS","rplS","RpsS","RplS","BSU_01200","BSU_16040","string-db","224308.BSU16040/224308.BSU01200","physical","txid224308"
"BSU_01200","BSU_28850","RpsS","RplT","rpsS","rplT","RpsS","RplT","BSU_01200","BSU_28850","string-db","224308.BSU28850/224308.BSU01200","physical","txid224308"
"BSU_01200","BSU_27960","RpsS","RplU","rpsS","rplU","RpsS","RplU","BSU_01200","BSU_27960","string-db","224308.BSU27960/224308.BSU01200","physical","txid224308"
"BSU_01200","BSU_16680","RpsS","RpsO","rpsS","rpsO","RpsS","RpsO","BSU_01200","BSU_16680","string-db","224308.BSU16680/224308.BSU01200","physical","txid224308"
"BSU_01200","BSU_01280","RpsS","RplE","rpsS","rplE","RpsS","RplE","BSU_01200","BSU_01280","subtiwiki","224308.BSU01200/224308.BSU01280","physical","txid224308"
"BSU_01200","BSU_01400","RpsS","RpmJ","rpsS","rpmJ","RpsS","RpmJ","BSU_01200","BSU_01400","string-db","224308.BSU01400/224308.BSU01200","physical","txid224308"
"BSU_01200","BSU_05610","RpsS","VmlR","rpsS","vmlR","RpsS","VmlR","BSU_01200","BSU_05610","string-db","224308.BSU05610/224308.BSU01200","physical","txid224308"
"BSU_01200","BSU_35310","RpsS","Hpf","rpsS","hpf","RpsS","Hpf","BSU_01200","BSU_35310","subtiwiki","224308.BSU35310/224308.BSU01200","physical","txid224308"
"BSU_01200","BSU_01220","RpsS","RpsC","rpsS","rpsC","RpsS","RpsC","BSU_01200","BSU_01220","string-db","224308.BSU01220/224308.BSU01200","physical","txid224308"
"BSU_01200","BSU_01420","RpsS","RpsK","rpsS","rpsK","RpsS","RpsK","BSU_01200","BSU_01420","string-db","224308.BSU01420/224308.BSU01200","physical","txid224308"
"BSU_01200","BSU_01240","RpsS","RpmC","rpsS","rpmC","RpsS","RpmC","BSU_01200","BSU_01240","string-db","224308.BSU01240/224308.BSU01200","physical","txid224308"
"BSU_01200","BSU_01350","RpsS","RplO","rpsS","rplO","RpsS","RplO","BSU_01200","BSU_01350","string-db","224308.BSU01350/224308.BSU01200","physical","txid224308"
"BSU_01200","BSU_01270","RpsS","RplX","rpsS","rplX","RpsS","RplX","BSU_01200","BSU_01270","string-db","224308.BSU01270/224308.BSU01200","physical","txid224308"
"BSU_01200","BSU_01250","RpsS","RpsQ","rpsS","rpsQ","RpsS","RpsQ","BSU_01200","BSU_01250","string-db","224308.BSU01250/224308.BSU01200","physical","txid224308"
"BSU_01200","BSU_23880","RpsS","MifM","rpsS","mifM","RpsS","MifM","BSU_01200","BSU_23880","string-db","224308.BSU23880/224308.BSU01200","physical","txid224308"
"BSU_01200","BSU_01290","RpsS","RpsNA","rpsS","rpsN","RpsS","RpsN","BSU_01200","BSU_01290","subtiwiki","224308.BSU01290/224308.BSU01200","physical","txid224308"
"BSU_01200","BSU_24900","RpsS","RpmGA","rpsS","BSU_24900","RpsS","RpmGA","BSU_01200","BSU_24900","string-db","224308.BSU24900/224308.BSU01200","physical","txid224308"
"BSU_01200","BSU_25550","RpsS","RpsT","rpsS","BSU_25550","RpsS","RpsT","BSU_01200","BSU_25550","string-db","224308.BSU25550/224308.BSU01200","physical","txid224308"
"BSU_01200","BSU_15820","RpsS","RpmB","rpsS","rpmB","RpsS","RpmB","BSU_01200","BSU_15820","string-db","224308.BSU15820/224308.BSU01200","physical","txid224308"
"BSU_01200","BSU_40890","RpsS","RpsR","rpsS","rpsR","RpsS","RpsR","BSU_01200","BSU_40890","string-db","224308.BSU40890/224308.BSU01200","physical","txid224308"
"BSU_01200","BSU_41060","RpsS","RpmH","rpsS","rpmH","RpsS","RpmH","BSU_01200","BSU_41060","string-db","224308.BSU41060/224308.BSU01200","physical","txid224308"
"BSU_01200","BSU_15980","RpsS","Ffh","rpsS","ffh","RpsS","Ffh","BSU_01200","BSU_15980","string-db","224308.BSU15980/224308.BSU01200","physical","txid224308"
"BSU_01200","BSU_40910","RpsS","RpsF","rpsS","rpsF","RpsS","RpsF","BSU_01200","BSU_40910","string-db","224308.BSU40910/224308.BSU01200","physical","txid224308"
"BSU_16680","BSU_29660","RpsO","RpsD","rpsO","rpsD","RpsO","RpsD","BSU_16680","BSU_29660","string-db","224308.BSU29660/224308.BSU16680","physical","txid224308"
"BSU_16680","BSU_25410","RpsO","RpsU","rpsO","BSU_25410","RpsO","RpsU","BSU_16680","BSU_25410","string-db","224308.BSU25410/224308.BSU16680","physical","txid224308"
"BSU_16680","BSU_40890","RpsO","RpsR","rpsO","rpsR","RpsO","RpsR","BSU_16680","BSU_40890","string-db","224308.BSU40890/224308.BSU16680","physical","txid224308"
"BSU_16680","BSU_27940","RpsO","RpmA","rpsO","rpmA","RpsO","RpmA","BSU_16680","BSU_27940","string-db","224308.BSU27940/224308.BSU16680","physical","txid224308"
"BSU_16680","BSU_35310","RpsO","Hpf","rpsO","hpf","RpsO","Hpf","BSU_16680","BSU_35310","string-db","224308.BSU35310/224308.BSU16680","physical","txid224308"
"BSU_16680","BSU_23880","RpsO","MifM","rpsO","mifM","RpsO","MifM","BSU_16680","BSU_23880","string-db","224308.BSU23880/224308.BSU16680","physical","txid224308"
"BSU_16680","BSU_22880","RpsO","RpfA","rpsO","BSU_22880","RpsO","RpsA","BSU_16680","BSU_22880","string-db","224308.BSU22880/224308.BSU16680","physical","txid224308"
"BSU_16680","BSU_28580","RpsO","MutSB","rpsO","BSU_28580","RpsO","RqcU","BSU_16680","BSU_28580","string-db","224308.BSU28580/224308.BSU16680","physical","txid224308"
"BSU_16680","BSU_41060","RpsO","RpmH","rpsO","rpmH","RpsO","RpmH","BSU_16680","BSU_41060","string-db","224308.BSU41060/224308.BSU16680","physical","txid224308"
"BSU_16680","BSU_40500","RpsO","RplI","rpsO","BSU_40500","RpsO","RplI","BSU_16680","BSU_40500","string-db","224308.BSU40500/224308.BSU16680","physical","txid224308"
"BSU_16680","BSU_27600","RpsO","Rsh","rpsO","BSU_27600","RpsO","Rel","BSU_16680","BSU_27600","string-db","224308.BSU27600/224308.BSU16680","physical","txid224308"
"BSU_16680","BSU_25550","RpsO","RpsT","rpsO","BSU_25550","RpsO","RpsT","BSU_16680","BSU_25550","string-db","224308.BSU25550/224308.BSU16680","physical","txid224308"
"BSU_16680","BSU_40910","RpsO","RpsF","rpsO","rpsF","RpsO","RpsF","BSU_16680","BSU_40910","string-db","224308.BSU40910/224308.BSU16680","physical","txid224308"
"BSU_16680","BSU_28860","RpsO","RpmI","rpsO","rpmI","RpsO","RpmI","BSU_16680","BSU_28860","string-db","224308.BSU28860/224308.BSU16680","physical","txid224308"
"BSU_16680","BSU_37070","RpsO","RpmEA","rpsO","rpmE","RpsO","RpmE","BSU_16680","BSU_37070","string-db","224308.BSU37070/224308.BSU16680","physical","txid224308"
"BSU_16680","BSU_27960","RpsO","RplU","rpsO","rplU","RpsO","RplU","BSU_16680","BSU_27960","string-db","224308.BSU27960/224308.BSU16680","physical","txid224308"
"BSU_16680","BSU_24900","RpsO","RpmGA","rpsO","BSU_24900","RpsO","RpmGA","BSU_16680","BSU_24900","string-db","224308.BSU24900/224308.BSU16680","physical","txid224308"
"BSU_16680","BSU_28850","RpsO","RplT","rpsO","rplT","RpsO","RplT","BSU_16680","BSU_28850","string-db","224308.BSU28850/224308.BSU16680","physical","txid224308"
"BSU_35310","BSU_40890","Hpf","RpsR","hpf","rpsR","Hpf","RpsR","BSU_35310","BSU_40890","subtiwiki","224308.BSU35310/224308.BSU40890","physical","txid224308"
"BSU_35310","BSU_37070","Hpf","RpmEA","hpf","rpmE","Hpf","RpmE","BSU_35310","BSU_37070","string-db","224308.BSU37070/224308.BSU35310","physical","txid224308"
"BSU_35310","BSU_41060","Hpf","RpmH","hpf","rpmH","Hpf","RpmH","BSU_35310","BSU_41060","string-db","224308.BSU41060/224308.BSU35310","physical","txid224308"
"BSU_35310","BSU_40910","Hpf","RpsF","hpf","rpsF","Hpf","RpsF","BSU_35310","BSU_40910","string-db","224308.BSU40910/224308.BSU35310","physical","txid224308"
"BSU_01330","BSU_23880","RpsE","MifM","rpsE","mifM","RpsE","MifM","BSU_01330","BSU_23880","string-db","224308.BSU23880/224308.BSU01330","physical","txid224308"
"BSU_01330","BSU_14610","RpsE","PdhD","rpsE","pdhD","RpsE","PdhD","BSU_01330","BSU_14610","subtiwiki","224308.BSU01330/224308.BSU14610","physical","txid224308"
"BSU_01330","BSU_31390","RpsE","YugI","rpsE","yugI","RpsE","YugI","BSU_01330","BSU_31390","subtiwiki","224308.BSU01330/224308.BSU31390","physical","txid224308"
"BSU_01330","BSU_40090","RpsE","AhpC","rpsE","ahpC","RpsE","AhpC","BSU_01330","BSU_40090","subtiwiki","224308.BSU01330/224308.BSU40090","physical","txid224308"
"BSU_01330","BSU_28190","RpsE","YsxC","rpsE","ysxC","RpsE","YsxC","BSU_01330","BSU_28190","string-db","224308.BSU28190/224308.BSU01330","physical","txid224308"
"BSU_01330","BSU_15990","RpsE","RpsP","rpsE","rpsP","RpsE","RpsP","BSU_01330","BSU_15990","subtiwiki","224308.BSU01330/224308.BSU15990","physical","txid224308"
"BSU_01330","BSU_24900","RpsE","RpmGA","rpsE","BSU_24900","RpsE","RpmGA","BSU_01330","BSU_24900","string-db","224308.BSU24900/224308.BSU01330","physical","txid224308"
"BSU_01330","BSU_01420","RpsE","RpsK","rpsE","rpsK","RpsE","RpsK","BSU_01330","BSU_01420","subtiwiki","224308.BSU01330/224308.BSU01420","physical","txid224308"
"BSU_01330","BSU_27600","RpsE","Rsh","rpsE","BSU_27600","RpsE","Rel","BSU_01330","BSU_27600","string-db","224308.BSU27600/224308.BSU01330","physical","txid224308"
"BSU_01330","BSU_25410","RpsE","RpsU","rpsE","BSU_25410","RpsE","RpsU","BSU_01330","BSU_25410","subtiwiki","224308.BSU01330/224308.BSU25410","physical","txid224308"
"BSU_01330","BSU_27960","RpsE","RplU","rpsE","rplU","RpsE","RplU","BSU_01330","BSU_27960","string-db","224308.BSU27960/224308.BSU01330","physical","txid224308"
"BSU_01330","BSU_22880","RpsE","RpfA","rpsE","BSU_22880","RpsE","RpsA","BSU_01330","BSU_22880","subtiwiki","224308.BSU01330/224308.BSU22880","physical","txid224308"
"BSU_01330","BSU_01340","RpsE","RpmD","rpsE","rpmD","RpsE","RpmD","BSU_01330","BSU_01340","string-db","224308.BSU01340/224308.BSU01330","physical","txid224308"
"BSU_01330","BSU_37070","RpsE","RpmEA","rpsE","rpmE","RpsE","RpmE","BSU_01330","BSU_37070","string-db","224308.BSU37070/224308.BSU01330","physical","txid224308"
"BSU_01330","BSU_01500","RpsE","RpsI","rpsE","rpsI","RpsE","RpsI","BSU_01330","BSU_01500","subtiwiki","224308.BSU01330/224308.BSU01500","physical","txid224308"
"BSU_01330","BSU_01440","RpsE","RplQ","rpsE","rplQ","RpsE","RplQ","BSU_01330","BSU_01440","string-db","224308.BSU01440/224308.BSU01330","physical","txid224308"
"BSU_01330","BSU_01490","RpsE","RplM","rpsE","rplM","RpsE","RplM","BSU_01330","BSU_01490","string-db","224308.BSU01490/224308.BSU01330","physical","txid224308"
"BSU_01330","BSU_28860","RpsE","RpmI","rpsE","rpmI","RpsE","RpmI","BSU_01330","BSU_28860","string-db","224308.BSU28860/224308.BSU01330","physical","txid224308"
"BSU_01330","BSU_29660","RpsE","RpsD","rpsE","rpsD","RpsE","RpsD","BSU_01330","BSU_29660","subtiwiki","224308.BSU01330/224308.BSU29660","physical","txid224308"
"BSU_01330","BSU_16040","RpsE","RplS","rpsE","rplS","RpsE","RplS","BSU_01330","BSU_16040","string-db","224308.BSU16040/224308.BSU01330","physical","txid224308"
"BSU_01330","BSU_01350","RpsE","RplO","rpsE","rplO","RpsE","RplO","BSU_01330","BSU_01350","string-db","224308.BSU01350/224308.BSU01330","physical","txid224308"
"BSU_01330","BSU_15980","RpsE","Ffh","rpsE","ffh","RpsE","Ffh","BSU_01330","BSU_15980","string-db","224308.BSU15980/224308.BSU01330","physical","txid224308"
"BSU_01330","BSU_41060","RpsE","RpmH","rpsE","rpmH","RpsE","RpmH","BSU_01330","BSU_41060","string-db","224308.BSU41060/224308.BSU01330","physical","txid224308"
"BSU_01330","BSU_15080","RpsE","RpmF","rpsE","rpmF","RpsE","RpmF","BSU_01330","BSU_15080","string-db","224308.BSU15080/224308.BSU01330","physical","txid224308"
"BSU_01330","BSU_01400","RpsE","RpmJ","rpsE","rpmJ","RpsE","RpmJ","BSU_01330","BSU_01400","string-db","224308.BSU01400/224308.BSU01330","physical","txid224308"
"BSU_01330","BSU_27940","RpsE","RpmA","rpsE","rpmA","RpsE","RpmA","BSU_01330","BSU_27940","string-db","224308.BSU27940/224308.BSU01330","physical","txid224308"
"BSU_01330","BSU_40500","RpsE","RplI","rpsE","BSU_40500","RpsE","RplI","BSU_01330","BSU_40500","string-db","224308.BSU40500/224308.BSU01330","physical","txid224308"
"BSU_01330","BSU_25550","RpsE","RpsT","rpsE","BSU_25550","RpsE","RpsT","BSU_01330","BSU_25550","subtiwiki","224308.BSU01330/224308.BSU25550","physical","txid224308"
"BSU_01330","BSU_05610","RpsE","VmlR","rpsE","vmlR","RpsE","VmlR","BSU_01330","BSU_05610","string-db","224308.BSU05610/224308.BSU01330","physical","txid224308"
"BSU_01330","BSU_40910","RpsE","RpsF","rpsE","rpsF","RpsE","RpsF","BSU_01330","BSU_40910","subtiwiki","224308.BSU01330/224308.BSU40910","physical","txid224308"
"BSU_01330","BSU_15820","RpsE","RpmB","rpsE","rpmB","RpsE","RpmB","BSU_01330","BSU_15820","string-db","224308.BSU15820/224308.BSU01330","physical","txid224308"
"BSU_01330","BSU_40890","RpsE","RpsR","rpsE","rpsR","RpsE","RpsR","BSU_01330","BSU_40890","subtiwiki","224308.BSU01330/224308.BSU40890","physical","txid224308"
"BSU_01330","BSU_01410","RpsE","RpsM","rpsE","rpsM","RpsE","RpsM","BSU_01330","BSU_01410","subtiwiki","224308.BSU01330/224308.BSU01410","physical","txid224308"
"BSU_01330","BSU_28850","RpsE","RplT","rpsE","rplT","RpsE","RplT","BSU_01330","BSU_28850","string-db","224308.BSU28850/224308.BSU01330","physical","txid224308"
"BSU_01330","BSU_16680","RpsE","RpsO","rpsE","rpsO","RpsE","RpsO","BSU_01330","BSU_16680","subtiwiki","224308.BSU01330/224308.BSU16680","physical","txid224308"
"BSU_01330","BSU_28580","RpsE","MutSB","rpsE","BSU_28580","RpsE","RqcU","BSU_01330","BSU_28580","string-db","224308.BSU28580/224308.BSU01330","physical","txid224308"
"BSU_01330","BSU_16490","RpsE","RpsB","rpsE","rpsB","RpsE","RpsB","BSU_01330","BSU_16490","subtiwiki","224308.BSU01330/224308.BSU16490","physical","txid224308"
"BSU_01330","BSU_35310","RpsE","Hpf","rpsE","hpf","RpsE","Hpf","BSU_01330","BSU_35310","string-db","224308.BSU35310/224308.BSU01330","physical","txid224308"
"BSU_01500","BSU_25550","RpsI","RpsT","rpsI","BSU_25550","RpsI","RpsT","BSU_01500","BSU_25550","string-db","224308.BSU25550/224308.BSU01500","physical","txid224308"
"BSU_01500","BSU_15080","RpsI","RpmF","rpsI","rpmF","RpsI","RpmF","BSU_01500","BSU_15080","string-db","224308.BSU15080/224308.BSU01500","physical","txid224308"
"BSU_01500","BSU_41060","RpsI","RpmH","rpsI","rpmH","RpsI","RpmH","BSU_01500","BSU_41060","string-db","224308.BSU41060/224308.BSU01500","physical","txid224308"
"BSU_01500","BSU_22880","RpsI","RpfA","rpsI","BSU_22880","RpsI","RpsA","BSU_01500","BSU_22880","string-db","224308.BSU22880/224308.BSU01500","physical","txid224308"
"BSU_01500","BSU_24900","RpsI","RpmGA","rpsI","BSU_24900","RpsI","RpmGA","BSU_01500","BSU_24900","string-db","224308.BSU24900/224308.BSU01500","physical","txid224308"
"BSU_01500","BSU_25410","RpsI","RpsU","rpsI","BSU_25410","RpsI","RpsU","BSU_01500","BSU_25410","subtiwiki","224308.BSU25410/224308.BSU01500","physical","txid224308"
"BSU_01500","BSU_15820","RpsI","RpmB","rpsI","rpmB","RpsI","RpmB","BSU_01500","BSU_15820","string-db","224308.BSU15820/224308.BSU01500","physical","txid224308"
"BSU_01500","BSU_27960","RpsI","RplU","rpsI","rplU","RpsI","RplU","BSU_01500","BSU_27960","string-db","224308.BSU27960/224308.BSU01500","physical","txid224308"
"BSU_01500","BSU_29660","RpsI","RpsD","rpsI","rpsD","RpsI","RpsD","BSU_01500","BSU_29660","string-db","224308.BSU29660/224308.BSU01500","physical","txid224308"
"BSU_01500","BSU_15980","RpsI","Ffh","rpsI","ffh","RpsI","Ffh","BSU_01500","BSU_15980","string-db","224308.BSU15980/224308.BSU01500","physical","txid224308"
"BSU_01500","BSU_40890","RpsI","RpsR","rpsI","rpsR","RpsI","RpsR","BSU_01500","BSU_40890","string-db","224308.BSU40890/224308.BSU01500","physical","txid224308"
"BSU_01500","BSU_28850","RpsI","RplT","rpsI","rplT","RpsI","RplT","BSU_01500","BSU_28850","string-db","224308.BSU28850/224308.BSU01500","physical","txid224308"
"BSU_01500","BSU_37070","RpsI","RpmEA","rpsI","rpmE","RpsI","RpmE","BSU_01500","BSU_37070","string-db","224308.BSU37070/224308.BSU01500","physical","txid224308"
"BSU_01500","BSU_27940","RpsI","RpmA","rpsI","rpmA","RpsI","RpmA","BSU_01500","BSU_27940","subtiwiki","224308.BSU27940/224308.BSU01500","physical","txid224308"
"BSU_01500","BSU_40500","RpsI","RplI","rpsI","BSU_40500","RpsI","RplI","BSU_01500","BSU_40500","string-db","224308.BSU40500/224308.BSU01500","physical","txid224308"
"BSU_01500","BSU_05610","RpsI","VmlR","rpsI","vmlR","RpsI","VmlR","BSU_01500","BSU_05610","string-db","224308.BSU05610/224308.BSU01500","physical","txid224308"
"BSU_01500","BSU_28860","RpsI","RpmI","rpsI","rpmI","RpsI","RpmI","BSU_01500","BSU_28860","string-db","224308.BSU28860/224308.BSU01500","physical","txid224308"
"BSU_01500","BSU_16490","RpsI","RpsB","rpsI","rpsB","RpsI","RpsB","BSU_01500","BSU_16490","string-db","224308.BSU16490/224308.BSU01500","physical","txid224308"
"BSU_01500","BSU_35310","RpsI","Hpf","rpsI","hpf","RpsI","Hpf","BSU_01500","BSU_35310","string-db","224308.BSU35310/224308.BSU01500","physical","txid224308"
"BSU_01500","BSU_27600","RpsI","Rsh","rpsI","BSU_27600","RpsI","Rel","BSU_01500","BSU_27600","string-db","224308.BSU27600/224308.BSU01500","physical","txid224308"
"BSU_01500","BSU_28580","RpsI","MutSB","rpsI","BSU_28580","RpsI","RqcU","BSU_01500","BSU_28580","string-db","224308.BSU28580/224308.BSU01500","physical","txid224308"
"BSU_01500","BSU_15990","RpsI","RpsP","rpsI","rpsP","RpsI","RpsP","BSU_01500","BSU_15990","subtiwiki","224308.BSU15990/224308.BSU01500","physical","txid224308"
"BSU_01500","BSU_40910","RpsI","RpsF","rpsI","rpsF","RpsI","RpsF","BSU_01500","BSU_40910","string-db","224308.BSU40910/224308.BSU01500","physical","txid224308"
"BSU_01500","BSU_16680","RpsI","RpsO","rpsI","rpsO","RpsI","RpsO","BSU_01500","BSU_16680","string-db","224308.BSU16680/224308.BSU01500","physical","txid224308"
"BSU_01500","BSU_23880","RpsI","MifM","rpsI","mifM","RpsI","MifM","BSU_01500","BSU_23880","string-db","224308.BSU23880/224308.BSU01500","physical","txid224308"
"BSU_01500","BSU_16040","RpsI","RplS","rpsI","rplS","RpsI","RplS","BSU_01500","BSU_16040","subtiwiki","224308.BSU16040/224308.BSU01500","physical","txid224308"
"BSU_01250","BSU_40500","RpsQ","RplI","rpsQ","BSU_40500","RpsQ","RplI","BSU_01250","BSU_40500","string-db","224308.BSU40500/224308.BSU01250","physical","txid224308"
"BSU_01250","BSU_37070","RpsQ","RpmEA","rpsQ","rpmE","RpsQ","RpmE","BSU_01250","BSU_37070","string-db","224308.BSU37070/224308.BSU01250","physical","txid224308"
"BSU_01250","BSU_01420","RpsQ","RpsK","rpsQ","rpsK","RpsQ","RpsK","BSU_01250","BSU_01420","string-db","224308.BSU01420/224308.BSU01250","physical","txid224308"
"BSU_01250","BSU_01340","RpsQ","RpmD","rpsQ","rpmD","RpsQ","RpmD","BSU_01250","BSU_01340","string-db","224308.BSU01340/224308.BSU01250","physical","txid224308"
"BSU_01250","BSU_27940","RpsQ","RpmA","rpsQ","rpmA","RpsQ","RpmA","BSU_01250","BSU_27940","string-db","224308.BSU27940/224308.BSU01250","physical","txid224308"
"BSU_01250","BSU_01290","RpsQ","RpsNA","rpsQ","rpsN","RpsQ","RpsN","BSU_01250","BSU_01290","subtiwiki","224308.BSU01290/224308.BSU01250","physical","txid224308"
"BSU_01250","BSU_28850","RpsQ","RplT","rpsQ","rplT","RpsQ","RplT","BSU_01250","BSU_28850","string-db","224308.BSU28850/224308.BSU01250","physical","txid224308"
"BSU_01250","BSU_28580","RpsQ","MutSB","rpsQ","BSU_28580","RpsQ","RqcU","BSU_01250","BSU_28580","string-db","224308.BSU28580/224308.BSU01250","physical","txid224308"
"BSU_01250","BSU_01300","RpsQ","RpsH","rpsQ","rpsH","RpsQ","RpsH","BSU_01250","BSU_01300","subtiwiki","224308.BSU01250/224308.BSU01300","physical","txid224308"
"BSU_01250","BSU_27960","RpsQ","RplU","rpsQ","rplU","RpsQ","RplU","BSU_01250","BSU_27960","string-db","224308.BSU27960/224308.BSU01250","physical","txid224308"
"BSU_01250","BSU_28860","RpsQ","RpmI","rpsQ","rpmI","RpsQ","RpmI","BSU_01250","BSU_28860","string-db","224308.BSU28860/224308.BSU01250","physical","txid224308"
"BSU_01250","BSU_01440","RpsQ","RplQ","rpsQ","rplQ","RpsQ","RplQ","BSU_01250","BSU_01440","string-db","224308.BSU01440/224308.BSU01250","physical","txid224308"
"BSU_01250","BSU_01330","RpsQ","RpsE","rpsQ","rpsE","RpsQ","RpsE","BSU_01250","BSU_01330","subtiwiki","224308.BSU01330/224308.BSU01250","physical","txid224308"
"BSU_01250","BSU_01270","RpsQ","RplX","rpsQ","rplX","RpsQ","RplX","BSU_01250","BSU_01270","string-db","224308.BSU01270/224308.BSU01250","physical","txid224308"
"BSU_01250","BSU_16490","RpsQ","RpsB","rpsQ","rpsB","RpsQ","RpsB","BSU_01250","BSU_16490","string-db","224308.BSU16490/224308.BSU01250","physical","txid224308"
"BSU_01250","BSU_01320","RpsQ","RplR","rpsQ","rplR","RpsQ","RplR","BSU_01250","BSU_01320","string-db","224308.BSU01320/224308.BSU01250","physical","txid224308"
"BSU_01250","BSU_16040","RpsQ","RplS","rpsQ","rplS","RpsQ","RplS","BSU_01250","BSU_16040","string-db","224308.BSU16040/224308.BSU01250","physical","txid224308"
"BSU_01250","BSU_01350","RpsQ","RplO","rpsQ","rplO","RpsQ","RplO","BSU_01250","BSU_01350","string-db","224308.BSU01350/224308.BSU01250","physical","txid224308"
"BSU_01250","BSU_40890","RpsQ","RpsR","rpsQ","rpsR","RpsQ","RpsR","BSU_01250","BSU_40890","string-db","224308.BSU40890/224308.BSU01250","physical","txid224308"
"BSU_01250","BSU_24900","RpsQ","RpmGA","rpsQ","BSU_24900","RpsQ","RpmGA","BSU_01250","BSU_24900","string-db","224308.BSU24900/224308.BSU01250","physical","txid224308"
"BSU_01250","BSU_29660","RpsQ","RpsD","rpsQ","rpsD","RpsQ","RpsD","BSU_01250","BSU_29660","string-db","224308.BSU29660/224308.BSU01250","physical","txid224308"
"BSU_01250","BSU_15080","RpsQ","RpmF","rpsQ","rpmF","RpsQ","RpmF","BSU_01250","BSU_15080","string-db","224308.BSU15080/224308.BSU01250","physical","txid224308"
"BSU_01250","BSU_25550","RpsQ","RpsT","rpsQ","BSU_25550","RpsQ","RpsT","BSU_01250","BSU_25550","string-db","224308.BSU25550/224308.BSU01250","physical","txid224308"
"BSU_01250","BSU_01490","RpsQ","RplM","rpsQ","rplM","RpsQ","RplM","BSU_01250","BSU_01490","string-db","224308.BSU01490/224308.BSU01250","physical","txid224308"
"BSU_01250","BSU_01310","RpsQ","RplF","rpsQ","rplF","RpsQ","RplF","BSU_01250","BSU_01310","string-db","224308.BSU01310/224308.BSU01250","physical","txid224308"
"BSU_01250","BSU_01260","RpsQ","RplNA","rpsQ","rplN","RpsQ","RplN","BSU_01250","BSU_01260","string-db","224308.BSU01260/224308.BSU01250","physical","txid224308"
"BSU_01250","BSU_16680","RpsQ","RpsO","rpsQ","rpsO","RpsQ","RpsO","BSU_01250","BSU_16680","string-db","224308.BSU16680/224308.BSU01250","physical","txid224308"
"BSU_01250","BSU_01400","RpsQ","RpmJ","rpsQ","rpmJ","RpsQ","RpmJ","BSU_01250","BSU_01400","string-db","224308.BSU01400/224308.BSU01250","physical","txid224308"
"BSU_01250","BSU_40910","RpsQ","RpsF","rpsQ","rpsF","RpsQ","RpsF","BSU_01250","BSU_40910","string-db","224308.BSU40910/224308.BSU01250","physical","txid224308"
"BSU_01250","BSU_05610","RpsQ","VmlR","rpsQ","vmlR","RpsQ","VmlR","BSU_01250","BSU_05610","string-db","224308.BSU05610/224308.BSU01250","physical","txid224308"
"BSU_01250","BSU_15990","RpsQ","RpsP","rpsQ","rpsP","RpsQ","RpsP","BSU_01250","BSU_15990","subtiwiki","224308.BSU15990/224308.BSU01250","physical","txid224308"
"BSU_01250","BSU_25410","RpsQ","RpsU","rpsQ","BSU_25410","RpsQ","RpsU","BSU_01250","BSU_25410","string-db","224308.BSU25410/224308.BSU01250","physical","txid224308"
"BSU_01250","BSU_15980","RpsQ","Ffh","rpsQ","ffh","RpsQ","Ffh","BSU_01250","BSU_15980","string-db","224308.BSU15980/224308.BSU01250","physical","txid224308"
"BSU_01250","BSU_41060","RpsQ","RpmH","rpsQ","rpmH","RpsQ","RpmH","BSU_01250","BSU_41060","string-db","224308.BSU41060/224308.BSU01250","physical","txid224308"
"BSU_01250","BSU_22880","RpsQ","RpfA","rpsQ","BSU_22880","RpsQ","RpsA","BSU_01250","BSU_22880","string-db","224308.BSU22880/224308.BSU01250","physical","txid224308"
"BSU_01250","BSU_01500","RpsQ","RpsI","rpsQ","rpsI","RpsQ","RpsI","BSU_01250","BSU_01500","string-db","224308.BSU01500/224308.BSU01250","physical","txid224308"
"BSU_01250","BSU_01410","RpsQ","RpsM","rpsQ","rpsM","RpsQ","RpsM","BSU_01250","BSU_01410","string-db","224308.BSU01410/224308.BSU01250","physical","txid224308"
"BSU_01250","BSU_01280","RpsQ","RplE","rpsQ","rplE","RpsQ","RplE","BSU_01250","BSU_01280","string-db","224308.BSU01280/224308.BSU01250","physical","txid224308"
"BSU_01250","BSU_35310","RpsQ","Hpf","rpsQ","hpf","RpsQ","Hpf","BSU_01250","BSU_35310","string-db","224308.BSU35310/224308.BSU01250","physical","txid224308"
"BSU_01250","BSU_15820","RpsQ","RpmB","rpsQ","rpmB","RpsQ","RpmB","BSU_01250","BSU_15820","string-db","224308.BSU15820/224308.BSU01250","physical","txid224308"
"BSU_01250","BSU_27600","RpsQ","Rsh","rpsQ","BSU_27600","RpsQ","Rel","BSU_01250","BSU_27600","string-db","224308.BSU27600/224308.BSU01250","physical","txid224308"
"BSU_01250","BSU_23880","RpsQ","MifM","rpsQ","mifM","RpsQ","MifM","BSU_01250","BSU_23880","string-db","224308.BSU23880/224308.BSU01250","physical","txid224308"
"BSU_01420","BSU_22880","RpsK","RpfA","rpsK","BSU_22880","RpsK","RpsA","BSU_01420","BSU_22880","string-db","224308.BSU22880/224308.BSU01420","physical","txid224308"
"BSU_01420","BSU_28230","RpsK","Tig","rpsK","tig","RpsK","Tig","BSU_01420","BSU_28230","subtiwiki","224308.BSU01420/224308.BSU28230","physical","txid224308"
"BSU_01420","BSU_29660","RpsK","RpsD","rpsK","rpsD","RpsK","RpsD","BSU_01420","BSU_29660","string-db","224308.BSU29660/224308.BSU01420","physical","txid224308"
"BSU_01420","BSU_15820","RpsK","RpmB","rpsK","rpmB","RpsK","RpmB","BSU_01420","BSU_15820","string-db","224308.BSU15820/224308.BSU01420","physical","txid224308"
"BSU_01420","BSU_35310","RpsK","Hpf","rpsK","hpf","RpsK","Hpf","BSU_01420","BSU_35310","string-db","224308.BSU35310/224308.BSU01420","physical","txid224308"
"BSU_01420","BSU_41060","RpsK","RpmH","rpsK","rpmH","RpsK","RpmH","BSU_01420","BSU_41060","string-db","224308.BSU41060/224308.BSU01420","physical","txid224308"
"BSU_01420","BSU_25410","RpsK","RpsU","rpsK","BSU_25410","RpsK","RpsU","BSU_01420","BSU_25410","subtiwiki","224308.BSU25410/224308.BSU01420","physical","txid224308"
"BSU_01420","BSU_15990","RpsK","RpsP","rpsK","rpsP","RpsK","RpsP","BSU_01420","BSU_15990","subtiwiki","224308.BSU15990/224308.BSU01420","physical","txid224308"
"BSU_01420","BSU_27960","RpsK","RplU","rpsK","rplU","RpsK","RplU","BSU_01420","BSU_27960","string-db","224308.BSU27960/224308.BSU01420","physical","txid224308"
"BSU_01420","BSU_16680","RpsK","RpsO","rpsK","rpsO","RpsK","RpsO","BSU_01420","BSU_16680","string-db","224308.BSU16680/224308.BSU01420","physical","txid224308"
"BSU_01420","BSU_16040","RpsK","RplS","rpsK","rplS","RpsK","RplS","BSU_01420","BSU_16040","string-db","224308.BSU16040/224308.BSU01420","physical","txid224308"
"BSU_01420","BSU_16490","RpsK","RpsB","rpsK","rpsB","RpsK","RpsB","BSU_01420","BSU_16490","string-db","224308.BSU16490/224308.BSU01420","physical","txid224308"
"BSU_01420","BSU_37070","RpsK","RpmEA","rpsK","rpmE","RpsK","RpmE","BSU_01420","BSU_37070","string-db","224308.BSU37070/224308.BSU01420","physical","txid224308"
"BSU_01420","BSU_27940","RpsK","RpmA","rpsK","rpmA","RpsK","RpmA","BSU_01420","BSU_27940","subtiwiki","224308.BSU27940/224308.BSU01420","physical","txid224308"
"BSU_01420","BSU_01490","RpsK","RplM","rpsK","rplM","RpsK","RplM","BSU_01420","BSU_01490","string-db","224308.BSU01490/224308.BSU01420","physical","txid224308"
"BSU_01420","BSU_15080","RpsK","RpmF","rpsK","rpmF","RpsK","RpmF","BSU_01420","BSU_15080","string-db","224308.BSU15080/224308.BSU01420","physical","txid224308"
"BSU_01420","BSU_28860","RpsK","RpmI","rpsK","rpmI","RpsK","RpmI","BSU_01420","BSU_28860","string-db","224308.BSU28860/224308.BSU01420","physical","txid224308"
"BSU_01420","BSU_28850","RpsK","RplT","rpsK","rplT","RpsK","RplT","BSU_01420","BSU_28850","string-db","224308.BSU28850/224308.BSU01420","physical","txid224308"
"BSU_01420","BSU_27600","RpsK","Rsh","rpsK","BSU_27600","RpsK","Rel","BSU_01420","BSU_27600","string-db","224308.BSU27600/224308.BSU01420","physical","txid224308"
"BSU_01420","BSU_40910","RpsK","RpsF","rpsK","rpsF","RpsK","RpsF","BSU_01420","BSU_40910","string-db","224308.BSU40910/224308.BSU01420","physical","txid224308"
"BSU_01420","BSU_25550","RpsK","RpsT","rpsK","BSU_25550","RpsK","RpsT","BSU_01420","BSU_25550","string-db","224308.BSU25550/224308.BSU01420","physical","txid224308"
"BSU_01420","BSU_15980","RpsK","Ffh","rpsK","ffh","RpsK","Ffh","BSU_01420","BSU_15980","string-db","224308.BSU15980/224308.BSU01420","physical","txid224308"
"BSU_01420","BSU_28580","RpsK","MutSB","rpsK","BSU_28580","RpsK","RqcU","BSU_01420","BSU_28580","subtiwiki","224308.BSU01420/224308.BSU28580","physical","txid224308"
"BSU_01420","BSU_24900","RpsK","RpmGA","rpsK","BSU_24900","RpsK","RpmGA","BSU_01420","BSU_24900","string-db","224308.BSU24900/224308.BSU01420","physical","txid224308"
"BSU_01420","BSU_01500","RpsK","RpsI","rpsK","rpsI","RpsK","RpsI","BSU_01420","BSU_01500","string-db","224308.BSU01500/224308.BSU01420","physical","txid224308"
"BSU_01420","BSU_05610","RpsK","VmlR","rpsK","vmlR","RpsK","VmlR","BSU_01420","BSU_05610","string-db","224308.BSU05610/224308.BSU01420","physical","txid224308"
"BSU_01420","BSU_01440","RpsK","RplQ","rpsK","rplQ","RpsK","RplQ","BSU_01420","BSU_01440","string-db","224308.BSU01440/224308.BSU01420","physical","txid224308"
"BSU_01420","BSU_29740","RpsK","CcpA","rpsK","ccpA","RpsK","CcpA","BSU_01420","BSU_29740","string-db","224308.BSU29740/224308.BSU01420","physical","txid224308"
"BSU_01420","BSU_40890","RpsK","RpsR","rpsK","rpsR","RpsK","RpsR","BSU_01420","BSU_40890","subtiwiki","224308.BSU01420/224308.BSU40890","physical","txid224308"
"BSU_01420","BSU_40500","RpsK","RplI","rpsK","BSU_40500","RpsK","RplI","BSU_01420","BSU_40500","string-db","224308.BSU40500/224308.BSU01420","physical","txid224308"
"BSU_01420","BSU_23880","RpsK","MifM","rpsK","mifM","RpsK","MifM","BSU_01420","BSU_23880","string-db","224308.BSU23880/224308.BSU01420","physical","txid224308"
"BSU_22880","BSU_40890","RpfA","RpsR","BSU_22880","rpsR","RpsA","RpsR","BSU_22880","BSU_40890","string-db","224308.BSU40890/224308.BSU22880","physical","txid224308"
"BSU_22880","BSU_35310","RpfA","Hpf","BSU_22880","hpf","RpsA","Hpf","BSU_22880","BSU_35310","string-db","224308.BSU35310/224308.BSU22880","physical","txid224308"
"BSU_22880","BSU_29740","RpfA","CcpA","BSU_22880","ccpA","RpsA","CcpA","BSU_22880","BSU_29740","string-db","224308.BSU29740/224308.BSU22880","physical","txid224308"
"BSU_01220","BSU_01280","RpsC","RplE","rpsC","rplE","RpsC","RplE","BSU_01220","BSU_01280","string-db","224308.BSU01280/224308.BSU01220","physical","txid224308"
"BSU_01220","BSU_41060","RpsC","RpmH","rpsC","rpmH","RpsC","RpmH","BSU_01220","BSU_41060","string-db","224308.BSU41060/224308.BSU01220","physical","txid224308"
"BSU_01220","BSU_35310","RpsC","Hpf","rpsC","hpf","RpsC","Hpf","BSU_01220","BSU_35310","string-db","224308.BSU35310/224308.BSU01220","physical","txid224308"
"BSU_01220","BSU_15080","RpsC","RpmF","rpsC","rpmF","RpsC","RpmF","BSU_01220","BSU_15080","string-db","224308.BSU15080/224308.BSU01220","physical","txid224308"
"BSU_01220","BSU_29740","RpsC","CcpA","rpsC","ccpA","RpsC","CcpA","BSU_01220","BSU_29740","string-db","224308.BSU29740/224308.BSU01220","physical","txid224308"
"BSU_01220","BSU_40910","RpsC","RpsF","rpsC","rpsF","RpsC","RpsF","BSU_01220","BSU_40910","string-db","224308.BSU40910/224308.BSU01220","physical","txid224308"
"BSU_01220","BSU_24900","RpsC","RpmGA","rpsC","BSU_24900","RpsC","RpmGA","BSU_01220","BSU_24900","string-db","224308.BSU24900/224308.BSU01220","physical","txid224308"
"BSU_01220","BSU_16680","RpsC","RpsO","rpsC","rpsO","RpsC","RpsO","BSU_01220","BSU_16680","string-db","224308.BSU16680/224308.BSU01220","physical","txid224308"
"BSU_01220","BSU_01300","RpsC","RpsH","rpsC","rpsH","RpsC","RpsH","BSU_01220","BSU_01300","string-db","224308.BSU01300/224308.BSU01220","physical","txid224308"
"BSU_01220","BSU_01500","RpsC","RpsI","rpsC","rpsI","RpsC","RpsI","BSU_01220","BSU_01500","string-db","224308.BSU01500/224308.BSU01220","physical","txid224308"
"BSU_01220","BSU_28850","RpsC","RplT","rpsC","rplT","RpsC","RplT","BSU_01220","BSU_28850","string-db","224308.BSU28850/224308.BSU01220","physical","txid224308"
"BSU_01220","BSU_01410","RpsC","RpsM","rpsC","rpsM","RpsC","RpsM","BSU_01220","BSU_01410","string-db","224308.BSU01410/224308.BSU01220","physical","txid224308"
"BSU_01220","BSU_29660","RpsC","RpsD","rpsC","rpsD","RpsC","RpsD","BSU_01220","BSU_29660","string-db","224308.BSU29660/224308.BSU01220","physical","txid224308"
"BSU_01220","BSU_40440","RpsC","DnaC","rpsC","BSU_40440","RpsC","DnaC","BSU_01220","BSU_40440","string-db","224308.BSU40440/224308.BSU01220","physical","txid224308"
"BSU_01220","BSU_05610","RpsC","VmlR","rpsC","vmlR","RpsC","VmlR","BSU_01220","BSU_05610","string-db","224308.BSU05610/224308.BSU01220","physical","txid224308"
"BSU_01220","BSU_25410","RpsC","RpsU","rpsC","BSU_25410","RpsC","RpsU","BSU_01220","BSU_25410","string-db","224308.BSU25410/224308.BSU01220","physical","txid224308"
"BSU_01220","BSU_15990","RpsC","RpsP","rpsC","rpsP","RpsC","RpsP","BSU_01220","BSU_15990","subtiwiki","224308.BSU15990/224308.BSU01220","physical","txid224308"
"BSU_01220","BSU_15980","RpsC","Ffh","rpsC","ffh","RpsC","Ffh","BSU_01220","BSU_15980","string-db","224308.BSU15980/224308.BSU01220","physical","txid224308"
"BSU_01220","BSU_01320","RpsC","RplR","rpsC","rplR","RpsC","RplR","BSU_01220","BSU_01320","string-db","224308.BSU01320/224308.BSU01220","physical","txid224308"
"BSU_01220","BSU_01310","RpsC","RplF","rpsC","rplF","RpsC","RplF","BSU_01220","BSU_01310","string-db","224308.BSU01310/224308.BSU01220","physical","txid224308"
"BSU_01220","BSU_01440","RpsC","RplQ","rpsC","rplQ","RpsC","RplQ","BSU_01220","BSU_01440","string-db","224308.BSU01440/224308.BSU01220","physical","txid224308"
"BSU_01220","BSU_01270","RpsC","RplX","rpsC","rplX","RpsC","RplX","BSU_01220","BSU_01270","string-db","224308.BSU01270/224308.BSU01220","physical","txid224308"
"BSU_01220","BSU_40500","RpsC","RplI","rpsC","BSU_40500","RpsC","RplI","BSU_01220","BSU_40500","string-db","224308.BSU40500/224308.BSU01220","physical","txid224308"
"BSU_01220","BSU_01260","RpsC","RplNA","rpsC","rplN","RpsC","RplN","BSU_01220","BSU_01260","string-db","224308.BSU01260/224308.BSU01220","physical","txid224308"
"BSU_01220","BSU_01230","RpsC","RplP","rpsC","rplP","RpsC","RplP","BSU_01220","BSU_01230","string-db","224308.BSU01230/224308.BSU01220","physical","txid224308"
"BSU_01220","BSU_01330","RpsC","RpsE","rpsC","rpsE","RpsC","RpsE","BSU_01220","BSU_01330","subtiwiki","224308.BSU01330/224308.BSU01220","physical","txid224308"
"BSU_01220","BSU_01290","RpsC","RpsNA","rpsC","rpsN","RpsC","RpsN","BSU_01220","BSU_01290","subtiwiki","224308.BSU01290/224308.BSU01220","physical","txid224308"
"BSU_01220","BSU_40890","RpsC","RpsR","rpsC","rpsR","RpsC","RpsR","BSU_01220","BSU_40890","string-db","224308.BSU40890/224308.BSU01220","physical","txid224308"
"BSU_01220","BSU_28580","RpsC","MutSB","rpsC","BSU_28580","RpsC","RqcU","BSU_01220","BSU_28580","string-db","224308.BSU28580/224308.BSU01220","physical","txid224308"
"BSU_01220","BSU_25550","RpsC","RpsT","rpsC","BSU_25550","RpsC","RpsT","BSU_01220","BSU_25550","string-db","224308.BSU25550/224308.BSU01220","physical","txid224308"
"BSU_01220","BSU_15280","RpsC","FtsA","rpsC","ftsA","RpsC","FtsA","BSU_01220","BSU_15280","string-db","224308.BSU15280/224308.BSU01220","physical","txid224308"
"BSU_01220","BSU_01250","RpsC","RpsQ","rpsC","rpsQ","RpsC","RpsQ","BSU_01220","BSU_01250","string-db","224308.BSU01250/224308.BSU01220","physical","txid224308"
"BSU_01220","BSU_01420","RpsC","RpsK","rpsC","rpsK","RpsC","RpsK","BSU_01220","BSU_01420","string-db","224308.BSU01420/224308.BSU01220","physical","txid224308"
"BSU_01220","BSU_01240","RpsC","RpmC","rpsC","rpmC","RpsC","RpmC","BSU_01220","BSU_01240","string-db","224308.BSU01240/224308.BSU01220","physical","txid224308"
"BSU_01220","BSU_37070","RpsC","RpmEA","rpsC","rpmE","RpsC","RpmE","BSU_01220","BSU_37070","string-db","224308.BSU37070/224308.BSU01220","physical","txid224308"
"BSU_01220","BSU_01350","RpsC","RplO","rpsC","rplO","RpsC","RplO","BSU_01220","BSU_01350","string-db","224308.BSU01350/224308.BSU01220","physical","txid224308"
"BSU_01220","BSU_16040","RpsC","RplS","rpsC","rplS","RpsC","RplS","BSU_01220","BSU_16040","string-db","224308.BSU16040/224308.BSU01220","physical","txid224308"
"BSU_01220","BSU_01400","RpsC","RpmJ","rpsC","rpmJ","RpsC","RpmJ","BSU_01220","BSU_01400","string-db","224308.BSU01400/224308.BSU01220","physical","txid224308"
"BSU_01220","BSU_23880","RpsC","MifM","rpsC","mifM","RpsC","MifM","BSU_01220","BSU_23880","string-db","224308.BSU23880/224308.BSU01220","physical","txid224308"
"BSU_01220","BSU_27940","RpsC","RpmA","rpsC","rpmA","RpsC","RpmA","BSU_01220","BSU_27940","string-db","224308.BSU27940/224308.BSU01220","physical","txid224308"
"BSU_01220","BSU_15820","RpsC","RpmB","rpsC","rpmB","RpsC","RpmB","BSU_01220","BSU_15820","string-db","224308.BSU15820/224308.BSU01220","physical","txid224308"
"BSU_01220","BSU_27600","RpsC","Rsh","rpsC","BSU_27600","RpsC","Rel","BSU_01220","BSU_27600","string-db","224308.BSU27600/224308.BSU01220","physical","txid224308"
"BSU_01220","BSU_28860","RpsC","RpmI","rpsC","rpmI","RpsC","RpmI","BSU_01220","BSU_28860","string-db","224308.BSU28860/224308.BSU01220","physical","txid224308"
"BSU_01220","BSU_01490","RpsC","RplM","rpsC","rplM","RpsC","RplM","BSU_01220","BSU_01490","string-db","224308.BSU01490/224308.BSU01220","physical","txid224308"
"BSU_01220","BSU_19400","RpsC","SodC","rpsC","BSU_19400","RpsC","SodC","BSU_01220","BSU_19400","string-db","224308.BSU19400/224308.BSU01220","physical","txid224308"
"BSU_01220","BSU_16490","RpsC","RpsB","rpsC","rpsB","RpsC","RpsB","BSU_01220","BSU_16490","subtiwiki","224308.BSU16490/224308.BSU01220","physical","txid224308"
"BSU_01220","BSU_22880","RpsC","RpfA","rpsC","BSU_22880","RpsC","RpsA","BSU_01220","BSU_22880","subtiwiki","224308.BSU22880/224308.BSU01220","physical","txid224308"
"BSU_01220","BSU_01340","RpsC","RpmD","rpsC","rpmD","RpsC","RpmD","BSU_01220","BSU_01340","string-db","224308.BSU01340/224308.BSU01220","physical","txid224308"
"BSU_01220","BSU_27960","RpsC","RplU","rpsC","rplU","RpsC","RplU","BSU_01220","BSU_27960","string-db","224308.BSU27960/224308.BSU01220","physical","txid224308"
"BSU_16490","BSU_28860","RpsB","RpmI","rpsB","rpmI","RpsB","RpmI","BSU_16490","BSU_28860","string-db","224308.BSU28860/224308.BSU16490","physical","txid224308"
"BSU_16490","BSU_22880","RpsB","RpfA","rpsB","BSU_22880","RpsB","RpsA","BSU_16490","BSU_22880","subtiwiki","224308.BSU22880/224308.BSU16490","physical","txid224308"
"BSU_16490","BSU_27600","RpsB","Rsh","rpsB","BSU_27600","RpsB","Rel","BSU_16490","BSU_27600","string-db","224308.BSU27600/224308.BSU16490","physical","txid224308"
"BSU_16490","BSU_27960","RpsB","RplU","rpsB","rplU","RpsB","RplU","BSU_16490","BSU_27960","subtiwiki","224308.BSU27960/224308.BSU16490","physical","txid224308"
"BSU_16490","BSU_40500","RpsB","RplI","rpsB","BSU_40500","RpsB","RplI","BSU_16490","BSU_40500","string-db","224308.BSU40500/224308.BSU16490","physical","txid224308"
"BSU_16490","BSU_28850","RpsB","RplT","rpsB","rplT","RpsB","RplT","BSU_16490","BSU_28850","string-db","224308.BSU28850/224308.BSU16490","physical","txid224308"
"BSU_16490","BSU_37070","RpsB","RpmEA","rpsB","rpmE","RpsB","RpmE","BSU_16490","BSU_37070","string-db","224308.BSU37070/224308.BSU16490","physical","txid224308"
"BSU_16490","BSU_24900","RpsB","RpmGA","rpsB","BSU_24900","RpsB","RpmGA","BSU_16490","BSU_24900","string-db","224308.BSU24900/224308.BSU16490","physical","txid224308"
"BSU_16490","BSU_40890","RpsB","RpsR","rpsB","rpsR","RpsB","RpsR","BSU_16490","BSU_40890","subtiwiki","224308.BSU40890/224308.BSU16490","physical","txid224308"
"BSU_16490","BSU_16680","RpsB","RpsO","rpsB","rpsO","RpsB","RpsO","BSU_16490","BSU_16680","string-db","224308.BSU16680/224308.BSU16490","physical","txid224308"
"BSU_16490","BSU_35310","RpsB","Hpf","rpsB","hpf","RpsB","Hpf","BSU_16490","BSU_35310","subtiwiki","224308.BSU16490/224308.BSU35310","physical","txid224308"
"BSU_16490","BSU_27940","RpsB","RpmA","rpsB","rpmA","RpsB","RpmA","BSU_16490","BSU_27940","string-db","224308.BSU27940/224308.BSU16490","physical","txid224308"
"BSU_16490","BSU_41060","RpsB","RpmH","rpsB","rpmH","RpsB","RpmH","BSU_16490","BSU_41060","string-db","224308.BSU41060/224308.BSU16490","physical","txid224308"
"BSU_16490","BSU_23880","RpsB","MifM","rpsB","mifM","RpsB","MifM","BSU_16490","BSU_23880","string-db","224308.BSU23880/224308.BSU16490","physical","txid224308"
"BSU_16490","BSU_29660","RpsB","RpsD","rpsB","rpsD","RpsB","RpsD","BSU_16490","BSU_29660","string-db","224308.BSU29660/224308.BSU16490","physical","txid224308"
"BSU_16490","BSU_40910","RpsB","RpsF","rpsB","rpsF","RpsB","RpsF","BSU_16490","BSU_40910","string-db","224308.BSU40910/224308.BSU16490","physical","txid224308"
"BSU_16490","BSU_25550","RpsB","RpsT","rpsB","BSU_25550","RpsB","RpsT","BSU_16490","BSU_25550","string-db","224308.BSU25550/224308.BSU16490","physical","txid224308"
"BSU_01110","BSU_40890","RpsG","RpsR","rpsG","rpsR","RpsG","RpsR","BSU_01110","BSU_40890","string-db","224308.BSU40890/224308.BSU01110","physical","txid224308"
"BSU_01110","BSU_16650","RpsG","RbfA","rpsG","rbfA","RpsG","RbfA","BSU_01110","BSU_16650","subtiwiki","224308.BSU01110/224308.BSU16650","physical","txid224308"
"BSU_01110","BSU_15920","RpsG","AcpA","rpsG","acpA","RpsG","AcpA","BSU_01110","BSU_15920","subtiwiki","224308.BSU01110/224308.BSU15920","physical","txid224308"
"BSU_01110","BSU_15080","RpsG","RpmF","rpsG","rpmF","RpsG","RpmF","BSU_01110","BSU_15080","string-db","224308.BSU15080/224308.BSU01110","physical","txid224308"
"BSU_01110","BSU_01340","RpsG","RpmD","rpsG","rpmD","RpsG","RpmD","BSU_01110","BSU_01340","string-db","224308.BSU01340/224308.BSU01110","physical","txid224308"
"BSU_01110","BSU_27940","RpsG","RpmA","rpsG","rpmA","RpsG","RpmA","BSU_01110","BSU_27940","string-db","224308.BSU27940/224308.BSU01110","physical","txid224308"
"BSU_01110","BSU_25410","RpsG","RpsU","rpsG","BSU_25410","RpsG","RpsU","BSU_01110","BSU_25410","string-db","224308.BSU25410/224308.BSU01110","physical","txid224308"
"BSU_01110","BSU_01200","RpsG","RpsS","rpsG","rpsS","RpsG","RpsS","BSU_01110","BSU_01200","subtiwiki","224308.BSU01200/224308.BSU01110","physical","txid224308"
"BSU_01110","BSU_15820","RpsG","RpmB","rpsG","rpmB","RpsG","RpmB","BSU_01110","BSU_15820","string-db","224308.BSU15820/224308.BSU01110","physical","txid224308"
"BSU_01110","BSU_28850","RpsG","RplT","rpsG","rplT","RpsG","RplT","BSU_01110","BSU_28850","string-db","224308.BSU28850/224308.BSU01110","physical","txid224308"
"BSU_01110","BSU_05610","RpsG","VmlR","rpsG","vmlR","RpsG","VmlR","BSU_01110","BSU_05610","string-db","224308.BSU05610/224308.BSU01110","physical","txid224308"
"BSU_01110","BSU_01420","RpsG","RpsK","rpsG","rpsK","RpsG","RpsK","BSU_01110","BSU_01420","subtiwiki","224308.BSU01110/224308.BSU01420","physical","txid224308"
"BSU_01110","BSU_01440","RpsG","RplQ","rpsG","rplQ","RpsG","RplQ","BSU_01110","BSU_01440","string-db","224308.BSU01440/224308.BSU01110","physical","txid224308"
"BSU_01110","BSU_01500","RpsG","RpsI","rpsG","rpsI","RpsG","RpsI","BSU_01110","BSU_01500","string-db","224308.BSU01500/224308.BSU01110","physical","txid224308"
"BSU_01110","BSU_01240","RpsG","RpmC","rpsG","rpmC","RpsG","RpmC","BSU_01110","BSU_01240","subtiwiki","224308.BSU01240/224308.BSU01110","physical","txid224308"
"BSU_01110","BSU_23880","RpsG","MifM","rpsG","mifM","RpsG","MifM","BSU_01110","BSU_23880","string-db","224308.BSU23880/224308.BSU01110","physical","txid224308"
"BSU_01110","BSU_25550","RpsG","RpsT","rpsG","BSU_25550","RpsG","RpsT","BSU_01110","BSU_25550","string-db","224308.BSU25550/224308.BSU01110","physical","txid224308"
"BSU_01110","BSU_27960","RpsG","RplU","rpsG","rplU","RpsG","RplU","BSU_01110","BSU_27960","string-db","224308.BSU27960/224308.BSU01110","physical","txid224308"
"BSU_01110","BSU_01490","RpsG","RplM","rpsG","rplM","RpsG","RplM","BSU_01110","BSU_01490","string-db","224308.BSU01490/224308.BSU01110","physical","txid224308"
"BSU_01110","BSU_40500","RpsG","RplI","rpsG","BSU_40500","RpsG","RplI","BSU_01110","BSU_40500","string-db","224308.BSU40500/224308.BSU01110","physical","txid224308"
"BSU_01110","BSU_01190","RpsG","RplB","rpsG","rplB","RpsG","RplB","BSU_01110","BSU_01190","string-db","224308.BSU01190/224308.BSU01110","physical","txid224308"
"BSU_01110","BSU_27600","RpsG","Rsh","rpsG","BSU_27600","RpsG","Rel","BSU_01110","BSU_27600","string-db","224308.BSU27600/224308.BSU01110","physical","txid224308"
"BSU_01110","BSU_01250","RpsG","RpsQ","rpsG","rpsQ","RpsG","RpsQ","BSU_01110","BSU_01250","string-db","224308.BSU01250/224308.BSU01110","physical","txid224308"
"BSU_01110","BSU_24900","RpsG","RpmGA","rpsG","BSU_24900","RpsG","RpmGA","BSU_01110","BSU_24900","string-db","224308.BSU24900/224308.BSU01110","physical","txid224308"
"BSU_01110","BSU_01220","RpsG","RpsC","rpsG","rpsC","RpsG","RpsC","BSU_01110","BSU_01220","string-db","224308.BSU01220/224308.BSU01110","physical","txid224308"
"BSU_01110","BSU_01300","RpsG","RpsH","rpsG","rpsH","RpsG","RpsH","BSU_01110","BSU_01300","string-db","224308.BSU01300/224308.BSU01110","physical","txid224308"
"BSU_01110","BSU_35310","RpsG","Hpf","rpsG","hpf","RpsG","Hpf","BSU_01110","BSU_35310","string-db","224308.BSU35310/224308.BSU01110","physical","txid224308"
"BSU_01110","BSU_28860","RpsG","RpmI","rpsG","rpmI","RpsG","RpmI","BSU_01110","BSU_28860","string-db","224308.BSU28860/224308.BSU01110","physical","txid224308"
"BSU_01110","BSU_29660","RpsG","RpsD","rpsG","rpsD","RpsG","RpsD","BSU_01110","BSU_29660","subtiwiki","224308.BSU29660/224308.BSU01110","physical","txid224308"
"BSU_01110","BSU_01210","RpsG","RplV","rpsG","rplV","RpsG","RplV","BSU_01110","BSU_01210","string-db","224308.BSU01210/224308.BSU01110","physical","txid224308"
"BSU_01110","BSU_01170","RpsG","RplD","rpsG","rplD","RpsG","RplD","BSU_01110","BSU_01170","string-db","224308.BSU01170/224308.BSU01110","physical","txid224308"
"BSU_01110","BSU_01350","RpsG","RplO","rpsG","rplO","RpsG","RplO","BSU_01110","BSU_01350","string-db","224308.BSU01350/224308.BSU01110","physical","txid224308"
"BSU_01110","BSU_37070","RpsG","RpmEA","rpsG","rpmE","RpsG","RpmE","BSU_01110","BSU_37070","string-db","224308.BSU37070/224308.BSU01110","physical","txid224308"
"BSU_01110","BSU_16490","RpsG","RpsB","rpsG","rpsB","RpsG","RpsB","BSU_01110","BSU_16490","string-db","224308.BSU16490/224308.BSU01110","physical","txid224308"
"BSU_01110","BSU_28580","RpsG","MutSB","rpsG","BSU_28580","RpsG","RqcU","BSU_01110","BSU_28580","subtiwiki","224308.BSU01110/224308.BSU28580","physical","txid224308"
"BSU_01110","BSU_01320","RpsG","RplR","rpsG","rplR","RpsG","RplR","BSU_01110","BSU_01320","string-db","224308.BSU01320/224308.BSU01110","physical","txid224308"
"BSU_01110","BSU_01230","RpsG","RplP","rpsG","rplP","RpsG","RplP","BSU_01110","BSU_01230","string-db","224308.BSU01230/224308.BSU01110","physical","txid224308"
"BSU_01110","BSU_15990","RpsG","RpsP","rpsG","rpsP","RpsG","RpsP","BSU_01110","BSU_15990","subtiwiki","224308.BSU15990/224308.BSU01110","physical","txid224308"
"BSU_01110","BSU_40910","RpsG","RpsF","rpsG","rpsF","RpsG","RpsF","BSU_01110","BSU_40910","string-db","224308.BSU40910/224308.BSU01110","physical","txid224308"
"BSU_01110","BSU_01260","RpsG","RplNA","rpsG","rplN","RpsG","RplN","BSU_01110","BSU_01260","string-db","224308.BSU01260/224308.BSU01110","physical","txid224308"
"BSU_01110","BSU_16680","RpsG","RpsO","rpsG","rpsO","RpsG","RpsO","BSU_01110","BSU_16680","string-db","224308.BSU16680/224308.BSU01110","physical","txid224308"
"BSU_01110","BSU_01290","RpsG","RpsNA","rpsG","rpsN","RpsG","RpsN","BSU_01110","BSU_01290","subtiwiki","224308.BSU01290/224308.BSU01110","physical","txid224308"
"BSU_01110","BSU_01270","RpsG","RplX","rpsG","rplX","RpsG","RplX","BSU_01110","BSU_01270","string-db","224308.BSU01270/224308.BSU01110","physical","txid224308"
"BSU_01110","BSU_01180","RpsG","RplW","rpsG","rplW","RpsG","RplW","BSU_01110","BSU_01180","string-db","224308.BSU01180/224308.BSU01110","physical","txid224308"
"BSU_01110","BSU_01280","RpsG","RplE","rpsG","rplE","RpsG","RplE","BSU_01110","BSU_01280","string-db","224308.BSU01280/224308.BSU01110","physical","txid224308"
"BSU_01110","BSU_41060","RpsG","RpmH","rpsG","rpmH","RpsG","RpmH","BSU_01110","BSU_41060","string-db","224308.BSU41060/224308.BSU01110","physical","txid224308"
"BSU_01110","BSU_01400","RpsG","RpmJ","rpsG","rpmJ","RpsG","RpmJ","BSU_01110","BSU_01400","string-db","224308.BSU01400/224308.BSU01110","physical","txid224308"
"BSU_01110","BSU_01410","RpsG","RpsM","rpsG","rpsM","RpsG","RpsM","BSU_01110","BSU_01410","string-db","224308.BSU01410/224308.BSU01110","physical","txid224308"
"BSU_01110","BSU_15980","RpsG","Ffh","rpsG","ffh","RpsG","Ffh","BSU_01110","BSU_15980","string-db","224308.BSU15980/224308.BSU01110","physical","txid224308"
"BSU_01110","BSU_22880","RpsG","RpfA","rpsG","BSU_22880","RpsG","RpsA","BSU_01110","BSU_22880","string-db","224308.BSU22880/224308.BSU01110","physical","txid224308"
"BSU_01110","BSU_16040","RpsG","RplS","rpsG","rplS","RpsG","RplS","BSU_01110","BSU_16040","string-db","224308.BSU16040/224308.BSU01110","physical","txid224308"
"BSU_01110","BSU_01330","RpsG","RpsE","rpsG","rpsE","RpsG","RpsE","BSU_01110","BSU_01330","subtiwiki","224308.BSU01330/224308.BSU01110","physical","txid224308"
"BSU_01110","BSU_01310","RpsG","RplF","rpsG","rplF","RpsG","RplF","BSU_01110","BSU_01310","string-db","224308.BSU01310/224308.BSU01110","physical","txid224308"
"BSU_01110","BSU_01150","RpsG","RpsJ","rpsG","rpsJ","RpsG","RpsJ","BSU_01110","BSU_01150","string-db","224308.BSU01150/224308.BSU01110","physical","txid224308"
"BSU_01110","BSU_01160","RpsG","RplC","rpsG","rplC","RpsG","RplC","BSU_01110","BSU_01160","string-db","224308.BSU01160/224308.BSU01110","physical","txid224308"
"BSU_40890","BSU_40910","RpsR","RpsF","rpsR","rpsF","RpsR","RpsF","BSU_40890","BSU_40910","subtiwiki","224308.BSU40910/224308.BSU40890","physical","txid224308"
"BSU_40890","BSU_25290","RpsR","Era","rpsR","era","RpsR","Era","BSU_40890","BSU_25290","subtiwiki","224308.BSU40890/224308.BSU25290","physical","txid224308"
"BSU_40890","BSU_05930","RpsR","RimI","rpsR","BSU_05930","RpsR","RimI","BSU_40890","BSU_05930","subtiwiki","224308.BSU40890/224308.BSU05930","physical","txid224308"
"BSU_40890","BSU_41060","RpsR","RpmH","rpsR","rpmH","RpsR","RpmH","BSU_40890","BSU_41060","string-db","224308.BSU41060/224308.BSU40890","physical","txid224308"
"BSU_01300","BSU_28850","RpsH","RplT","rpsH","rplT","RpsH","RplT","BSU_01300","BSU_28850","string-db","224308.BSU28850/224308.BSU01300","physical","txid224308"
"BSU_01300","BSU_25410","RpsH","RpsU","rpsH","BSU_25410","RpsH","RpsU","BSU_01300","BSU_25410","string-db","224308.BSU25410/224308.BSU01300","physical","txid224308"
"BSU_01300","BSU_15990","RpsH","RpsP","rpsH","rpsP","RpsH","RpsP","BSU_01300","BSU_15990","subtiwiki","224308.BSU15990/224308.BSU01300","physical","txid224308"
"BSU_01300","BSU_40910","RpsH","RpsF","rpsH","rpsF","RpsH","RpsF","BSU_01300","BSU_40910","string-db","224308.BSU40910/224308.BSU01300","physical","txid224308"
"BSU_01300","BSU_01330","RpsH","RpsE","rpsH","rpsE","RpsH","RpsE","BSU_01300","BSU_01330","subtiwiki","224308.BSU01330/224308.BSU01300","physical","txid224308"
"BSU_01300","BSU_16490","RpsH","RpsB","rpsH","rpsB","RpsH","RpsB","BSU_01300","BSU_16490","subtiwiki","224308.BSU01300/224308.BSU16490","physical","txid224308"
"BSU_01300","BSU_40890","RpsH","RpsR","rpsH","rpsR","RpsH","RpsR","BSU_01300","BSU_40890","string-db","224308.BSU40890/224308.BSU01300","physical","txid224308"
"BSU_01300","BSU_01440","RpsH","RplQ","rpsH","rplQ","RpsH","RplQ","BSU_01300","BSU_01440","string-db","224308.BSU01440/224308.BSU01300","physical","txid224308"
"BSU_01300","BSU_01350","RpsH","RplO","rpsH","rplO","RpsH","RplO","BSU_01300","BSU_01350","string-db","224308.BSU01350/224308.BSU01300","physical","txid224308"
"BSU_01300","BSU_29660","RpsH","RpsD","rpsH","rpsD","RpsH","RpsD","BSU_01300","BSU_29660","string-db","224308.BSU29660/224308.BSU01300","physical","txid224308"
"BSU_01300","BSU_01420","RpsH","RpsK","rpsH","rpsK","RpsH","RpsK","BSU_01300","BSU_01420","string-db","224308.BSU01420/224308.BSU01300","physical","txid224308"
"BSU_01300","BSU_41060","RpsH","RpmH","rpsH","rpmH","RpsH","RpmH","BSU_01300","BSU_41060","string-db","224308.BSU41060/224308.BSU01300","physical","txid224308"
"BSU_01300","BSU_22880","RpsH","RpfA","rpsH","BSU_22880","RpsH","RpsA","BSU_01300","BSU_22880","string-db","224308.BSU22880/224308.BSU01300","physical","txid224308"
"BSU_01300","BSU_23880","RpsH","MifM","rpsH","mifM","RpsH","MifM","BSU_01300","BSU_23880","string-db","224308.BSU23880/224308.BSU01300","physical","txid224308"
"BSU_01300","BSU_01310","RpsH","RplF","rpsH","rplF","RpsH","RplF","BSU_01300","BSU_01310","string-db","224308.BSU01310/224308.BSU01300","physical","txid224308"
"BSU_01300","BSU_24900","RpsH","RpmGA","rpsH","BSU_24900","RpsH","RpmGA","BSU_01300","BSU_24900","string-db","224308.BSU24900/224308.BSU01300","physical","txid224308"
"BSU_01300","BSU_37070","RpsH","RpmEA","rpsH","rpmE","RpsH","RpmE","BSU_01300","BSU_37070","string-db","224308.BSU37070/224308.BSU01300","physical","txid224308"
"BSU_01300","BSU_01320","RpsH","RplR","rpsH","rplR","RpsH","RplR","BSU_01300","BSU_01320","string-db","224308.BSU01320/224308.BSU01300","physical","txid224308"
"BSU_01300","BSU_01400","RpsH","RpmJ","rpsH","rpmJ","RpsH","RpmJ","BSU_01300","BSU_01400","string-db","224308.BSU01400/224308.BSU01300","physical","txid224308"
"BSU_01300","BSU_35310","RpsH","Hpf","rpsH","hpf","RpsH","Hpf","BSU_01300","BSU_35310","string-db","224308.BSU35310/224308.BSU01300","physical","txid224308"
"BSU_01300","BSU_40500","RpsH","RplI","rpsH","BSU_40500","RpsH","RplI","BSU_01300","BSU_40500","string-db","224308.BSU40500/224308.BSU01300","physical","txid224308"
"BSU_01300","BSU_27940","RpsH","RpmA","rpsH","rpmA","RpsH","RpmA","BSU_01300","BSU_27940","string-db","224308.BSU27940/224308.BSU01300","physical","txid224308"
"BSU_01300","BSU_28580","RpsH","MutSB","rpsH","BSU_28580","RpsH","RqcU","BSU_01300","BSU_28580","string-db","224308.BSU28580/224308.BSU01300","physical","txid224308"
"BSU_01300","BSU_15080","RpsH","RpmF","rpsH","rpmF","RpsH","RpmF","BSU_01300","BSU_15080","subtiwiki","224308.BSU15080/224308.BSU01300","physical","txid224308"
"BSU_01300","BSU_28860","RpsH","RpmI","rpsH","rpmI","RpsH","RpmI","BSU_01300","BSU_28860","string-db","224308.BSU28860/224308.BSU01300","physical","txid224308"
"BSU_01300","BSU_16680","RpsH","RpsO","rpsH","rpsO","RpsH","RpsO","BSU_01300","BSU_16680","string-db","224308.BSU16680/224308.BSU01300","physical","txid224308"
"BSU_01300","BSU_15980","RpsH","Ffh","rpsH","ffh","RpsH","Ffh","BSU_01300","BSU_15980","string-db","224308.BSU15980/224308.BSU01300","physical","txid224308"
"BSU_01300","BSU_01340","RpsH","RpmD","rpsH","rpmD","RpsH","RpmD","BSU_01300","BSU_01340","string-db","224308.BSU01340/224308.BSU01300","physical","txid224308"
"BSU_01300","BSU_15820","RpsH","RpmB","rpsH","rpmB","RpsH","RpmB","BSU_01300","BSU_15820","string-db","224308.BSU15820/224308.BSU01300","physical","txid224308"
"BSU_01300","BSU_01500","RpsH","RpsI","rpsH","rpsI","RpsH","RpsI","BSU_01300","BSU_01500","string-db","224308.BSU01500/224308.BSU01300","physical","txid224308"
"BSU_01300","BSU_25550","RpsH","RpsT","rpsH","BSU_25550","RpsH","RpsT","BSU_01300","BSU_25550","subtiwiki","224308.BSU25550/224308.BSU01300","physical","txid224308"
"BSU_01300","BSU_05610","RpsH","VmlR","rpsH","vmlR","RpsH","VmlR","BSU_01300","BSU_05610","string-db","224308.BSU05610/224308.BSU01300","physical","txid224308"
"BSU_01300","BSU_01490","RpsH","RplM","rpsH","rplM","RpsH","RplM","BSU_01300","BSU_01490","string-db","224308.BSU01490/224308.BSU01300","physical","txid224308"
"BSU_01300","BSU_27960","RpsH","RplU","rpsH","rplU","RpsH","RplU","BSU_01300","BSU_27960","string-db","224308.BSU27960/224308.BSU01300","physical","txid224308"
"BSU_01300","BSU_27600","RpsH","Rsh","rpsH","BSU_27600","RpsH","Rel","BSU_01300","BSU_27600","string-db","224308.BSU27600/224308.BSU01300","physical","txid224308"
"BSU_01300","BSU_16040","RpsH","RplS","rpsH","rplS","RpsH","RplS","BSU_01300","BSU_16040","string-db","224308.BSU16040/224308.BSU01300","physical","txid224308"
"BSU_01300","BSU_01410","RpsH","RpsM","rpsH","rpsM","RpsH","RpsM","BSU_01300","BSU_01410","string-db","224308.BSU01410/224308.BSU01300","physical","txid224308"
"BSU_00640","BSU_25330","SpoIIE","YqfF","spoIIE","BSU_25330","SpoIIE","YqfF","BSU_00640","BSU_25330","string-db","224308.BSU25330/224308.BSU00640","physical","txid224308"
"BSU_00640","BSU_09900","SpoIIE","YhaP","spoIIE","yhaP","SpoIIE","YhaP","BSU_00640","BSU_09900","string-db","224308.BSU09900/224308.BSU00640","physical","txid224308"
"BSU_00640","BSU_16940","SpoIIE","RecA","spoIIE","recA","SpoIIE","RecA","BSU_00640","BSU_16940","string-db","224308.BSU16940/224308.BSU00640","physical","txid224308"
"BSU_00640","BSU_10160","SpoIIE","YhgE","spoIIE","BSU_10160","SpoIIE","YhgE","BSU_00640","BSU_10160","string-db","224308.BSU10160/224308.BSU00640","physical","txid224308"
"BSU_00640","BSU_26030","SpoIIE","YqbO","spoIIE","BSU_26030","SpoIIE","YqbO","BSU_00640","BSU_26030","string-db","224308.BSU26030/224308.BSU00640","physical","txid224308"
"BSU_00640","BSU_25770","SpoIIE","SpoIVCA","spoIIE","spoIVCA","SpoIIE","SpoIVCA","BSU_00640","BSU_25770","string-db","224308.BSU25770/224308.BSU00640","physical","txid224308"
"BSU_00640","BSU_12890","SpoIIE","YkcC","spoIIE","ykcC","SpoIIE","YkcC","BSU_00640","BSU_12890","string-db","224308.BSU12890/224308.BSU00640","physical","txid224308"
"BSU_00640","BSU_37030","SpoIIE","RacA","spoIIE","racA","SpoIIE","RacA","BSU_00640","BSU_37030","string-db","224308.BSU37030/224308.BSU00640","physical","txid224308"
"BSU_00640","BSU_03480","SpoIIE","SrfAA","spoIIE","srfAA","SpoIIE","SrfAA","BSU_00640","BSU_03480","string-db","224308.BSU03480/224308.BSU00640","physical","txid224308"
"BSU_00640","BSU_15280","SpoIIE","FtsA","spoIIE","ftsA","SpoIIE","FtsA","BSU_00640","BSU_15280","string-db","224308.BSU15280/224308.BSU00640","physical","txid224308"
"BSU_00640","BSU_15290","SpoIIE","FtsZ","spoIIE","ftsZ","SpoIIE","FtsZ","BSU_00640","BSU_15290","subtiwiki","224308.BSU15290/224308.BSU00640","physical","txid224308"
"BSU_00640","BSU_06710","SpoIIE","SwrC","spoIIE","BSU_06710","SpoIIE","SwrC","BSU_00640","BSU_06710","string-db","224308.BSU06710/224308.BSU00640","physical","txid224308"
"BSU_00640","BSU_14400","SpoIIE","FruA","spoIIE","fruA","SpoIIE","FruA","BSU_00640","BSU_14400","string-db","224308.BSU14400/224308.BSU00640","physical","txid224308"
"BSU_00640","BSU_26150","SpoIIE","YqbD","spoIIE","BSU_26150","SpoIIE","YqbD","BSU_00640","BSU_26150","string-db","224308.BSU26150/224308.BSU00640","physical","txid224308"
"BSU_00640","BSU_23590","SpoIIE","AnsR","spoIIE","ansR","SpoIIE","AnsR","BSU_00640","BSU_23590","string-db","224308.BSU23590/224308.BSU00640","physical","txid224308"
"BSU_00640","BSU_09920","SpoIIE","SbcE","spoIIE","sbcE","SpoIIE","SbcE","BSU_00640","BSU_09920","string-db","224308.BSU09920/224308.BSU00640","physical","txid224308"
"BSU_00640","BSU_00660","SpoIIE","YabT","spoIIE","yabT","SpoIIE","YabT","BSU_00640","BSU_00660","string-db","224308.BSU00660/224308.BSU00640","physical","txid224308"
"BSU_00640","BSU_28050","SpoIIE","Maf","spoIIE","maf","SpoIIE","Maf","BSU_00640","BSU_28050","string-db","224308.BSU28050/224308.BSU00640","physical","txid224308"
"BSU_00640","BSU_12790","SpoIIE","XhlA","spoIIE","xhlA","SpoIIE","XhlA","BSU_00640","BSU_12790","string-db","224308.BSU12790/224308.BSU00640","physical","txid224308"
"BSU_00640","BSU_23460","SpoIIE","SpoIIAB","spoIIE","spoIIAB","SpoIIE","SpoIIAB","BSU_00640","BSU_23460","subtiwiki","224308.BSU00640/224308.BSU23460","physical","txid224308"
"BSU_00640","BSU_15420","SpoIIE","DivIVA","spoIIE","divIVA","SpoIIE","DivIVA","BSU_00640","BSU_15420","subtiwiki","224308.BSU00640/224308.BSU15420","physical","txid224308"
"BSU_25770","BSU_27970","SpoIVCA","SpoIVFB","spoIVCA","spoIVFB","SpoIVCA","SpoIVFB","BSU_25770","BSU_27970","string-db","224308.BSU27970/224308.BSU25770","physical","txid224308"
"BSU_03480","BSU_16490","SrfAA","RpsB","srfAA","rpsB","SrfAA","RpsB","BSU_03480","BSU_16490","subtiwiki","224308.BSU03480/224308.BSU16490","physical","txid224308"
"BSU_03480","BSU_15920","SrfAA","AcpA","srfAA","acpA","SrfAA","AcpA","BSU_03480","BSU_15920","subtiwiki","224308.BSU03480/224308.BSU15920","physical","txid224308"
"BSU_03480","BSU_03490","SrfAA","SrfAB","srfAA","srfAB","SrfAA","SrfAB","BSU_03480","BSU_03490","string-db","224308.BSU03490/224308.BSU03480","physical","txid224308"
"BSU_03480","BSU_29740","SrfAA","CcpA","srfAA","ccpA","SrfAA","CcpA","BSU_03480","BSU_29740","string-db","224308.BSU29740/224308.BSU03480","physical","txid224308"
"BSU_03480","BSU_15880","SrfAA","FapR","srfAA","fapR","SrfAA","FapR","BSU_03480","BSU_15880","string-db","224308.BSU15880/224308.BSU03480","physical","txid224308"
"BSU_03480","BSU_22910","SrfAA","YpfA","srfAA","BSU_22910","SrfAA","MotI","BSU_03480","BSU_22910","string-db","224308.BSU22910/224308.BSU03480","physical","txid224308"
"BSU_28050","BSU_14850","Maf","FtsW","maf","ftsW","Maf","FtsW","BSU_28050","BSU_14850","subtiwiki","224308.BSU28050/224308.BSU14850","physical","txid224308"
"BSU_28050","BSU_15420","Maf","DivIVA","maf","divIVA","Maf","DivIVA","BSU_28050","BSU_15420","subtiwiki","224308.BSU28050/224308.BSU15420","physical","txid224308"
"BSU_00660","BSU_04720","YabT","RsbW","yabT","rsbW","YabT","RsbW","BSU_00660","BSU_04720","string-db","224308.BSU04720/224308.BSU00660","physical","txid224308"
"BSU_00660","BSU_26030","YabT","YqbO","yabT","BSU_26030","YabT","YqbO","BSU_00660","BSU_26030","string-db","224308.BSU26030/224308.BSU00660","physical","txid224308"
"BSU_00660","BSU_12790","YabT","XhlA","yabT","xhlA","YabT","XhlA","BSU_00660","BSU_12790","string-db","224308.BSU12790/224308.BSU00660","physical","txid224308"
"BSU_00660","BSU_02760","YabT","NatB","yabT","natB","YabT","NatB","BSU_00660","BSU_02760","string-db","224308.BSU02760/224308.BSU00660","physical","txid224308"
"BSU_00660","BSU_26150","YabT","YqbD","yabT","BSU_26150","YabT","YqbD","BSU_00660","BSU_26150","string-db","224308.BSU26150/224308.BSU00660","physical","txid224308"
"BSU_00660","BSU_03740","YabT","YclI","yabT","yclI","YabT","YclI","BSU_00660","BSU_03740","string-db","224308.BSU03740/224308.BSU00660","physical","txid224308"
"BSU_00660","BSU_35500","YabT","DegS","yabT","degS","YabT","DegS","BSU_00660","BSU_35500","string-db","224308.BSU35500/224308.BSU00660","physical","txid224308"
"BSU_00660","BSU_15770","YabT","PrkC","yabT","BSU_15770","YabT","PrkC","BSU_00660","BSU_15770","string-db","224308.BSU15770/224308.BSU00660","physical","txid224308"
"BSU_00660","BSU_37030","YabT","RacA","yabT","racA","YabT","RacA","BSU_00660","BSU_37030","string-db","224308.BSU37030/224308.BSU00660","physical","txid224308"
"BSU_00660","BSU_36260","YabT","YwqC","yabT","tkmA","YabT","TkmA","BSU_00660","BSU_36260","string-db","224308.BSU36260/224308.BSU00660","physical","txid224308"
"BSU_00660","BSU_25770","YabT","SpoIVCA","yabT","spoIVCA","YabT","SpoIVCA","BSU_00660","BSU_25770","string-db","224308.BSU25770/224308.BSU00660","physical","txid224308"
"BSU_00660","BSU_07800","YabT","TreP","yabT","treP","YabT","TreP","BSU_00660","BSU_07800","string-db","224308.BSU07800/224308.BSU00660","physical","txid224308"
"BSU_00660","BSU_07010","YabT","YesS","yabT","rhgR","YabT","RhgR","BSU_00660","BSU_07010","string-db","224308.BSU07010/224308.BSU00660","physical","txid224308"
"BSU_00660","BSU_36240","YabT","YwqE","yabT","ptpZ","YabT","PtpZ","BSU_00660","BSU_36240","string-db","224308.BSU36240/224308.BSU00660","physical","txid224308"
"BSU_00660","BSU_16210","YabT","FliF","yabT","fliF","YabT","FliF","BSU_00660","BSU_16210","string-db","224308.BSU16210/224308.BSU00660","physical","txid224308"
"BSU_00660","BSU_23590","YabT","AnsR","yabT","ansR","YabT","AnsR","BSU_00660","BSU_23590","string-db","224308.BSU23590/224308.BSU00660","physical","txid224308"
"BSU_00660","BSU_13390","YabT","YkoT","yabT","ykoT","YabT","YkoT","BSU_00660","BSU_13390","string-db","224308.BSU13390/224308.BSU00660","physical","txid224308"
"BSU_00660","BSU_16940","YabT","RecA","yabT","recA","YabT","RecA","BSU_00660","BSU_16940","subtiwiki","224308.BSU16940/224308.BSU00660","physical","txid224308"
"BSU_00660","BSU_14400","YabT","FruA","yabT","fruA","YabT","FruA","BSU_00660","BSU_14400","string-db","224308.BSU14400/224308.BSU00660","physical","txid224308"
"BSU_00660","BSU_27990","YabT","MinD","yabT","minD","YabT","MinD","BSU_00660","BSU_27990","string-db","224308.BSU27990/224308.BSU00660","physical","txid224308"
"BSU_00660","BSU_12890","YabT","YkcC","yabT","ykcC","YabT","YkcC","BSU_00660","BSU_12890","string-db","224308.BSU12890/224308.BSU00660","physical","txid224308"
"BSU_00660","BSU_11400","YabT","AppC","yabT","appC","YabT","AppC","BSU_00660","BSU_11400","string-db","224308.BSU11400/224308.BSU00660","physical","txid224308"
"BSU_00660","BSU_25330","YabT","YqfF","yabT","BSU_25330","YabT","YqfF","BSU_00660","BSU_25330","string-db","224308.BSU25330/224308.BSU00660","physical","txid224308"
"BSU_00660","BSU_33500","YabT","CopA","yabT","copA","YabT","CopA","BSU_00660","BSU_33500","string-db","224308.BSU33500/224308.BSU00660","physical","txid224308"
"BSU_00660","BSU_39230","YabT","WapA","yabT","wapA","YabT","WapA","BSU_00660","BSU_39230","string-db","224308.BSU39230/224308.BSU00660","physical","txid224308"
"BSU_00660","BSU_36250","YabT","PtkA","yabT","ptkA","YabT","PtkA","BSU_00660","BSU_36250","string-db","224308.BSU36250/224308.BSU00660","physical","txid224308"
"BSU_00660","BSU_01070","YabT","RpoB","yabT","rpoB","YabT","RpoB","BSU_00660","BSU_01070","string-db","224308.BSU01070/224308.BSU00660","physical","txid224308"
"BSU_00660","BSU_04690","YabT","RsbT","yabT","rsbT","YabT","RsbT","BSU_00660","BSU_04690","string-db","224308.BSU04690/224308.BSU00660","physical","txid224308"
"BSU_00660","BSU_02030","YabT","YbdM","yabT","BSU_02030","YabT","PrkD","BSU_00660","BSU_02030","string-db","224308.BSU02030/224308.BSU00660","physical","txid224308"
"BSU_00660","BSU_33420","YabT","NhaK","yabT","BSU_33420","YabT","NhaK","BSU_00660","BSU_33420","string-db","224308.BSU33420/224308.BSU00660","physical","txid224308"
"BSU_00660","BSU_34360","YabT","EpsB","yabT","epsB","YabT","EpsB","BSU_00660","BSU_34360","string-db","224308.BSU34360/224308.BSU00660","physical","txid224308"
"BSU_00660","BSU_06710","YabT","SwrC","yabT","BSU_06710","YabT","SwrC","BSU_00660","BSU_06710","string-db","224308.BSU06710/224308.BSU00660","physical","txid224308"
"BSU_00660","BSU_04360","YabT","MntH","yabT","mntH","YabT","MntH","BSU_00660","BSU_04360","string-db","224308.BSU04360/224308.BSU00660","physical","txid224308"
"BSU_00660","BSU_09920","YabT","SbcE","yabT","sbcE","YabT","SbcE","BSU_00660","BSU_09920","string-db","224308.BSU09920/224308.BSU00660","physical","txid224308"
"BSU_00660","BSU_23460","YabT","SpoIIAB","yabT","spoIIAB","YabT","SpoIIAB","BSU_00660","BSU_23460","string-db","224308.BSU23460/224308.BSU00660","physical","txid224308"
"BSU_00660","BSU_14850","YabT","FtsW","yabT","ftsW","YabT","FtsW","BSU_00660","BSU_14850","string-db","224308.BSU14850/224308.BSU00660","physical","txid224308"
"BSU_00660","BSU_01730","YabT","SigW","yabT","sigW","YabT","SigW","BSU_00660","BSU_01730","string-db","224308.BSU01730/224308.BSU00660","physical","txid224308"
"BSU_00660","BSU_10160","YabT","YhgE","yabT","BSU_10160","YabT","YhgE","BSU_00660","BSU_10160","string-db","224308.BSU10160/224308.BSU00660","physical","txid224308"
"BSU_00660","BSU_31600","YabT","MrpA","yabT","BSU_31600","YabT","MrpA","BSU_00660","BSU_31600","string-db","224308.BSU31600/224308.BSU00660","physical","txid224308"
"BSU_00660","BSU_14370","YabT","YknZ","yabT","yknZ","YabT","YknZ","BSU_00660","BSU_14370","string-db","224308.BSU14370/224308.BSU00660","physical","txid224308"
"BSU_00650","BSU_06710","YabS","SwrC","yabS","BSU_06710","YabS","SwrC","BSU_00650","BSU_06710","string-db","224308.BSU06710/224308.BSU00650","physical","txid224308"
"BSU_11400","BSU_11381","AppC","AppA/1","appC","appA/1","AppC","AppA/1","BSU_11400","BSU_11381","subtiwiki","224308.BSU11400/224308.BSU11381","physical","txid224308"
"BSU_11400","BSU_13000","AppC","YkfD","appC","ykfD","AppC","YkfD","BSU_11400","BSU_13000","string-db","224308.BSU13000/224308.BSU11400","physical","txid224308"
"BSU_11400","BSU_11440","AppC","OppB","appC","oppB","AppC","OppB","BSU_11400","BSU_11440","string-db","224308.BSU11440/224308.BSU11400","physical","txid224308"
"BSU_11400","BSU_11450","AppC","OppC","appC","oppC","AppC","OppC","BSU_11400","BSU_11450","string-db","224308.BSU11450/224308.BSU11400","physical","txid224308"
"BSU_33500","BSU_33510","CopA","CopZ","copA","copZ","CopA","CopZ","BSU_33500","BSU_33510","subtiwiki","224308.BSU33510/224308.BSU33500","physical","txid224308"
"BSU_07800","BSU_22230","TreP","YpqE","treP","ptsA","TreP","PtsA","BSU_07800","BSU_22230","subtiwiki","224308.BSU07800/224308.BSU22230","physical","txid224308"
"BSU_07800","BSU_40120","TreP","YyzE","treP","BSU_40120","TreP","YyzE","BSU_07800","BSU_40120","string-db","224308.BSU40120/224308.BSU07800","physical","txid224308"
"BSU_15770","BSU_35000","PrkC","HprK","BSU_15770","hprK","PrkC","HprK","BSU_15770","BSU_35000","string-db","224308.BSU35000/224308.BSU15770","physical","txid224308"
"BSU_15770","BSU_23460","PrkC","SpoIIAB","BSU_15770","spoIIAB","PrkC","SpoIIAB","BSU_15770","BSU_23460","string-db","224308.BSU23460/224308.BSU15770","physical","txid224308"
"BSU_15770","BSU_36250","PrkC","PtkA","BSU_15770","ptkA","PrkC","PtkA","BSU_15770","BSU_36250","string-db","224308.BSU36250/224308.BSU15770","physical","txid224308"
"BSU_15770","BSU_00370","PrkC","AbrB","BSU_15770","abrB","PrkC","AbrB","BSU_15770","BSU_00370","subtiwiki","224308.BSU15770/224308.BSU00370","physical","txid224308"
"BSU_15770","BSU_22180","PrkC","GpsB","BSU_15770","BSU_22180","PrkC","GpsB","BSU_15770","BSU_22180","subtiwiki","224308.BSU15770/224308.BSU22180","physical","txid224308"
"BSU_15770","BSU_34760","PrkC","GlmR","BSU_15770","glmR","PrkC","GlmR","BSU_15770","BSU_34760","subtiwiki","224308.BSU15770/224308.BSU34760","physical","txid224308"
"BSU_15770","BSU_15780","PrkC","CpgA","BSU_15770","BSU_15780","PrkC","CpgA","BSU_15770","BSU_15780","subtiwiki","224308.BSU15770/224308.BSU15780","physical","txid224308"
"BSU_15770","BSU_07260","PrkC","LtaSA","BSU_15770","yfnI","PrkC","YfnI","BSU_15770","BSU_07260","subtiwiki","224308.BSU15770/224308.BSU07260","physical","txid224308"
"BSU_15770","BSU_16910","PrkC","RodZ","BSU_15770","BSU_16910","PrkC","RodZ","BSU_15770","BSU_16910","subtiwiki","224308.BSU15770/224308.BSU16910","physical","txid224308"
"BSU_15770","BSU_08970","PrkC","PrkA","BSU_15770","prkA","PrkC","PrkA","BSU_15770","BSU_08970","subtiwiki","224308.BSU15770/224308.BSU08970","physical","txid224308"
"BSU_31600","BSU_31610","MrpA","MrpB","BSU_31600","BSU_31610","MrpA","MrpB","BSU_31600","BSU_31610","subtiwiki","224308.BSU31610/224308.BSU31600","physical","txid224308"
"BSU_31600","BSU_31620","MrpA","MrpC","BSU_31600","BSU_31620","MrpA","MrpC","BSU_31600","BSU_31620","subtiwiki","224308.BSU31620/224308.BSU31600","physical","txid224308"
"BSU_31600","BSU_31660","MrpA","MrpG","BSU_31600","BSU_31660","MrpA","MrpG","BSU_31600","BSU_31660","subtiwiki","224308.BSU31660/224308.BSU31600","physical","txid224308"
"BSU_31600","BSU_31630","MrpA","MrpD","BSU_31600","BSU_31630","MrpA","MrpD","BSU_31600","BSU_31630","subtiwiki","224308.BSU31630/224308.BSU31600","physical","txid224308"
"BSU_31600","BSU_31640","MrpA","MrpE","BSU_31600","BSU_31640","MrpA","MrpE","BSU_31600","BSU_31640","subtiwiki","224308.BSU31640/224308.BSU31600","physical","txid224308"
"BSU_31600","BSU_31650","MrpA","MrpF","BSU_31600","BSU_31650","MrpA","MrpF","BSU_31600","BSU_31650","subtiwiki","224308.BSU31650/224308.BSU31600","physical","txid224308"
"BSU_16210","BSU_16200","FliF","FliE","fliF","fliE","FliF","FliE","BSU_16210","BSU_16200","subtiwiki","224308.BSU16210/224308.BSU16200","physical","txid224308"
"BSU_16210","BSU_16370","FliF","FliR","fliF","fliR","FliF","FliR","BSU_16210","BSU_16370","string-db","224308.BSU16370/224308.BSU16210","physical","txid224308"
"BSU_16210","BSU_16220","FliF","FliG","fliF","fliG","FliF","FliG","BSU_16210","BSU_16220","subtiwiki","224308.BSU16220/224308.BSU16210","physical","txid224308"
"BSU_16210","BSU_16310","FliF","FliM","fliF","fliM","FliF","FliM","BSU_16210","BSU_16310","string-db","224308.BSU16310/224308.BSU16210","physical","txid224308"
"BSU_16210","BSU_16350","FliF","FliP","fliF","fliP","FliF","FliP","BSU_16210","BSU_16350","string-db","224308.BSU16350/224308.BSU16210","physical","txid224308"
"BSU_16210","BSU_16380","FliF","FlhB","fliF","flhB","FliF","FlhB","BSU_16210","BSU_16380","string-db","224308.BSU16380/224308.BSU16210","physical","txid224308"
"BSU_16210","BSU_16360","FliF","FliQ","fliF","fliQ","FliF","FliQ","BSU_16210","BSU_16360","string-db","224308.BSU16360/224308.BSU16210","physical","txid224308"
"BSU_16210","BSU_16390","FliF","FlhA","fliF","flhA","FliF","FlhA","BSU_16210","BSU_16390","string-db","224308.BSU16390/224308.BSU16210","physical","txid224308"
"BSU_02030","BSU_04690","YbdM","RsbT","BSU_02030","rsbT","PrkD","RsbT","BSU_02030","BSU_04690","string-db","224308.BSU04690/224308.BSU02030","physical","txid224308"
"BSU_02030","BSU_09990","YbdM","ScoC","BSU_02030","scoC","PrkD","ScoC","BSU_02030","BSU_09990","string-db","224308.BSU09990/224308.BSU02030","physical","txid224308"
"BSU_02030","BSU_15770","YbdM","PrkC","BSU_02030","BSU_15770","PrkD","PrkC","BSU_02030","BSU_15770","string-db","224308.BSU15770/224308.BSU02030","physical","txid224308"
"BSU_02030","BSU_19660","YbdM","YozD","BSU_02030","BSU_19660","PrkD","YozD","BSU_02030","BSU_19660","string-db","224308.BSU19660/224308.BSU02030","physical","txid224308"
"BSU_02030","BSU_37620","YbdM","RsfA","BSU_02030","rsfA","PrkD","RsfA","BSU_02030","BSU_37620","string-db","224308.BSU37620/224308.BSU02030","physical","txid224308"
"BSU_02030","BSU_40440","YbdM","DnaC","BSU_02030","BSU_40440","PrkD","DnaC","BSU_02030","BSU_40440","string-db","224308.BSU40440/224308.BSU02030","physical","txid224308"
"BSU_02030","BSU_35300","YbdM","SecA","BSU_02030","secA","PrkD","SecA","BSU_02030","BSU_35300","string-db","224308.BSU35300/224308.BSU02030","physical","txid224308"
"BSU_02030","BSU_04720","YbdM","RsbW","BSU_02030","rsbW","PrkD","RsbW","BSU_02030","BSU_04720","string-db","224308.BSU04720/224308.BSU02030","physical","txid224308"
"BSU_02030","BSU_29250","YbdM","NrnA","BSU_02030","BSU_29250","PrkD","NrnA","BSU_02030","BSU_29250","string-db","224308.BSU29250/224308.BSU02030","physical","txid224308"
"BSU_02030","BSU_35000","YbdM","HprK","BSU_02030","hprK","PrkD","HprK","BSU_02030","BSU_35000","string-db","224308.BSU35000/224308.BSU02030","physical","txid224308"
"BSU_02030","BSU_23460","YbdM","SpoIIAB","BSU_02030","spoIIAB","PrkD","SpoIIAB","BSU_02030","BSU_23460","string-db","224308.BSU23460/224308.BSU02030","physical","txid224308"
"BSU_02030","BSU_36250","YbdM","PtkA","BSU_02030","ptkA","PrkD","PtkA","BSU_02030","BSU_36250","string-db","224308.BSU36250/224308.BSU02030","physical","txid224308"
"BSU_02030","BSU_00370","YbdM","AbrB","BSU_02030","abrB","PrkD","AbrB","BSU_02030","BSU_00370","subtiwiki","224308.BSU02030/224308.BSU00370","physical","txid224308"
"BSU_04690","BSU_13200","RsbT","RsbRB","rsbT","BSU_13200","RsbT","RsbRB","BSU_04690","BSU_13200","subtiwiki","224308.BSU04690/224308.BSU13200","physical","txid224308"
"BSU_04690","BSU_15770","RsbT","PrkC","rsbT","BSU_15770","RsbT","PrkC","BSU_04690","BSU_15770","string-db","224308.BSU15770/224308.BSU04690","physical","txid224308"
"BSU_04690","BSU_36250","RsbT","PtkA","rsbT","ptkA","RsbT","PtkA","BSU_04690","BSU_36250","string-db","224308.BSU36250/224308.BSU04690","physical","txid224308"
"BSU_04690","BSU_04700","RsbT","RsbU","rsbT","rsbU","RsbT","RsbU","BSU_04690","BSU_04700","subtiwiki","224308.BSU04700/224308.BSU04690","physical","txid224308"
"BSU_04690","BSU_36240","RsbT","YwqE","rsbT","ptpZ","RsbT","PtpZ","BSU_04690","BSU_36240","string-db","224308.BSU36240/224308.BSU04690","physical","txid224308"
"BSU_04690","BSU_04740","RsbT","RsbX","rsbT","rsbX","RsbT","RsbX","BSU_04690","BSU_04740","string-db","224308.BSU04740/224308.BSU04690","physical","txid224308"
"BSU_01070","BSU_01430","RpoB","RpoA","rpoB","rpoA","RpoB","RpoA","BSU_01070","BSU_01430","subtiwiki","224308.BSU01430/224308.BSU01070","physical","txid224308"
"BSU_01070","BSU_04730","RpoB","SigB","rpoB","sigB","RpoB","SigB","BSU_01070","BSU_04730","subtiwiki","224308.BSU04730/224308.BSU01070","physical","txid224308"
"BSU_01070","BSU_11500","RpoB","SpxA","rpoB","spx","RpoB","Spx","BSU_01070","BSU_11500","string-db","224308.BSU11500/224308.BSU01070","physical","txid224308"
"BSU_01070","BSU_33230","RpoB","SigO","rpoB","sigO","RpoB","SigO","BSU_01070","BSU_33230","subtiwiki","224308.BSU33230/224308.BSU01070","physical","txid224308"
"BSU_01070","BSU_14540","RpoB","RnpZA","rpoB","rpoY","RpoB","RpoY","BSU_01070","BSU_14540","subtiwiki","224308.BSU14540/224308.BSU01070","physical","txid224308"
"BSU_01070","BSU_25470","RpoB","DnaK","rpoB","dnaK","RpoB","DnaK","BSU_01070","BSU_25470","string-db","224308.BSU25470/224308.BSU01070","physical","txid224308"
"BSU_01070","BSU_08970","RpoB","PrkA","rpoB","prkA","RpoB","PrkA","BSU_01070","BSU_08970","string-db","224308.BSU08970/224308.BSU01070","physical","txid224308"
"BSU_01070","BSU_36240","RpoB","YwqE","rpoB","ptpZ","RpoB","PtpZ","BSU_01070","BSU_36240","string-db","224308.BSU36240/224308.BSU01070","physical","txid224308"
"BSU_01070","BSU_29740","RpoB","CcpA","rpoB","ccpA","RpoB","CcpA","BSU_01070","BSU_29740","string-db","224308.BSU29740/224308.BSU01070","physical","txid224308"
"BSU_01070","BSU_37160","RpoB","RpoE","rpoB","rpoE","RpoB","RpoE","BSU_01070","BSU_37160","subtiwiki","224308.BSU37160/224308.BSU01070","physical","txid224308"
"BSU_01070","BSU_34360","RpoB","EpsB","rpoB","epsB","RpoB","EpsB","BSU_01070","BSU_34360","string-db","224308.BSU34360/224308.BSU01070","physical","txid224308"
"BSU_01070","BSU_27120","RpoB","SigV","rpoB","sigV","RpoB","SigV","BSU_01070","BSU_27120","subtiwiki","224308.BSU27120/224308.BSU01070","physical","txid224308"
"BSU_01070","BSU_15690","RpoB","RpoZ","rpoB","yloH","RpoB","YloH","BSU_01070","BSU_15690","string-db","224308.BSU15690/224308.BSU01070","physical","txid224308"
"BSU_01070","BSU_06610","RpoB","PcrA","rpoB","pcrA","RpoB","PcrA","BSU_01070","BSU_06610","subtiwiki","224308.BSU06610/224308.BSU01070","physical","txid224308"
"BSU_01070","BSU_06030","RpoB","GroEL","rpoB","groEL","RpoB","GroEL","BSU_01070","BSU_06030","string-db","224308.BSU06030/224308.BSU01070","physical","txid224308"
"BSU_01070","BSU_24020","RpoB","BmrR","rpoB","bmrR","RpoB","BmrR","BSU_01070","BSU_24020","string-db","224308.BSU24020/224308.BSU01070","physical","txid224308"
"BSU_01070","BSU_13450","RpoB","SigI","rpoB","sigI","RpoB","SigI","BSU_01070","BSU_13450","subtiwiki","224308.BSU13450/224308.BSU01070","physical","txid224308"
"BSU_01070","BSU_01130","RpoB","TufA","rpoB","tufA","RpoB","TufA","BSU_01070","BSU_01130","string-db","224308.BSU01130/224308.BSU01070","physical","txid224308"
"BSU_01070","BSU_25200","RpoB","SigA","rpoB","sigA","RpoB","SigA","BSU_01070","BSU_25200","subtiwiki","224308.BSU25200/224308.BSU01070","physical","txid224308"
"BSU_01070","BSU_33450","RpoB","HelD","rpoB","BSU_33450","RpoB","HelD","BSU_01070","BSU_33450","subtiwiki","224308.BSU33450/224308.BSU01070","physical","txid224308"
"BSU_01070","BSU_01080","RpoB","RpoC","rpoB","rpoC","RpoB","RpoC","BSU_01070","BSU_01080","subtiwiki","224308.BSU01080/224308.BSU01070","physical","txid224308"
"BSU_07010","BSU_09900","YesS","YhaP","rhgR","yhaP","RhgR","YhaP","BSU_07010","BSU_09900","string-db","224308.BSU09900/224308.BSU07010","physical","txid224308"
"BSU_07010","BSU_36190","YesS","RttN","rhgR","BSU_36190","RhgR","YwqJ","BSU_07010","BSU_36190","string-db","224308.BSU36190/224308.BSU07010","physical","txid224308"
"BSU_07010","BSU_10160","YesS","YhgE","rhgR","BSU_10160","RhgR","YhgE","BSU_07010","BSU_10160","string-db","224308.BSU10160/224308.BSU07010","physical","txid224308"
"BSU_07010","BSU_14880","YesS","CtaB","rhgR","ctaB","RhgR","CtaB","BSU_07010","BSU_14880","string-db","224308.BSU14880/224308.BSU07010","physical","txid224308"
"BSU_07010","BSU_37030","YesS","RacA","rhgR","racA","RhgR","RacA","BSU_07010","BSU_37030","string-db","224308.BSU37030/224308.BSU07010","physical","txid224308"
"BSU_07010","BSU_28010","YesS","MreD","rhgR","mreD","RhgR","MreD","BSU_07010","BSU_28010","string-db","224308.BSU28010/224308.BSU07010","physical","txid224308"
"BSU_07010","BSU_34740","YesS","Crh","rhgR","crh","RhgR","Crh","BSU_07010","BSU_34740","string-db","224308.BSU34740/224308.BSU07010","physical","txid224308"
"BSU_07010","BSU_13390","YesS","YkoT","rhgR","ykoT","RhgR","YkoT","BSU_07010","BSU_13390","string-db","224308.BSU13390/224308.BSU07010","physical","txid224308"
"BSU_07010","BSU_36260","YesS","YwqC","rhgR","tkmA","RhgR","TkmA","BSU_07010","BSU_36260","string-db","224308.BSU36260/224308.BSU07010","physical","txid224308"
"BSU_07010","BSU_25330","YesS","YqfF","rhgR","BSU_25330","RhgR","YqfF","BSU_07010","BSU_25330","string-db","224308.BSU25330/224308.BSU07010","physical","txid224308"
"BSU_07010","BSU_13900","YesS","PtsH","rhgR","ptsH","RhgR","PtsH","BSU_07010","BSU_13900","subtiwiki","224308.BSU13900/224308.BSU07010","physical","txid224308"
"BSU_07010","BSU_12790","YesS","XhlA","rhgR","xhlA","RhgR","XhlA","BSU_07010","BSU_12790","string-db","224308.BSU12790/224308.BSU07010","physical","txid224308"
"BSU_07010","BSU_12890","YesS","YkcC","rhgR","ykcC","RhgR","YkcC","BSU_07010","BSU_12890","string-db","224308.BSU12890/224308.BSU07010","physical","txid224308"
"BSU_36250","BSU_36260","PtkA","YwqC","ptkA","tkmA","PtkA","TkmA","BSU_36250","BSU_36260","subtiwiki","224308.BSU36250/224308.BSU36260","physical","txid224308"
"BSU_35500","BSU_31720","DegS","DegQ","degS","degQ","DegS","DegQ","BSU_35500","BSU_31720","subtiwiki","224308.BSU35500/224308.BSU31720","physical","txid224308"
"BSU_35500","BSU_35490","DegS","DegU","degS","degU","DegS","DegU","BSU_35500","BSU_35490","subtiwiki","224308.BSU35500/224308.BSU35490","physical","txid224308"
"BSU_13390","BSU_36190","YkoT","RttN","ykoT","BSU_36190","YkoT","YwqJ","BSU_13390","BSU_36190","string-db","224308.BSU36190/224308.BSU13390","physical","txid224308"
"BSU_13390","BSU_38490","YkoT","MenA","ykoT","BSU_38490","YkoT","MenA","BSU_13390","BSU_38490","string-db","224308.BSU38490/224308.BSU13390","physical","txid224308"
"BSU_13390","BSU_28010","YkoT","MreD","ykoT","mreD","YkoT","MreD","BSU_13390","BSU_28010","string-db","224308.BSU28010/224308.BSU13390","physical","txid224308"
"BSU_13390","BSU_14400","YkoT","FruA","ykoT","fruA","YkoT","FruA","BSU_13390","BSU_14400","string-db","224308.BSU14400/224308.BSU13390","physical","txid224308"
"BSU_13390","BSU_33090","YkoT","LiaS","ykoT","liaS","YkoT","LiaS","BSU_13390","BSU_33090","string-db","224308.BSU33090/224308.BSU13390","physical","txid224308"
"BSU_13390","BSU_15940","YkoT","Smc","ykoT","smc","YkoT","Smc","BSU_13390","BSU_15940","string-db","224308.BSU15940/224308.BSU13390","physical","txid224308"
"BSU_13390","BSU_40360","YkoT","HtrC","ykoT","htrC","YkoT","HtrC","BSU_13390","BSU_40360","string-db","224308.BSU40360/224308.BSU13390","physical","txid224308"
"BSU_13390","BSU_33880","YkoT","YvbJ","ykoT","BSU_33880","YkoT","YvbJ","BSU_13390","BSU_33880","string-db","224308.BSU33880/224308.BSU13390","physical","txid224308"
"BSU_13390","BSU_14850","YkoT","FtsW","ykoT","ftsW","YkoT","FtsW","BSU_13390","BSU_14850","string-db","224308.BSU14850/224308.BSU13390","physical","txid224308"
"BSU_13390","BSU_33020","YkoT","CssS","ykoT","cssS","YkoT","CssS","BSU_13390","BSU_33020","string-db","224308.BSU33020/224308.BSU13390","physical","txid224308"
"BSU_13390","BSU_26150","YkoT","YqbD","ykoT","BSU_26150","YkoT","YqbD","BSU_13390","BSU_26150","string-db","224308.BSU26150/224308.BSU13390","physical","txid224308"
"BSU_13390","BSU_16340","YkoT","FliZ","ykoT","fliO","YkoT","FliO","BSU_13390","BSU_16340","string-db","224308.BSU16340/224308.BSU13390","physical","txid224308"
"BSU_13390","BSU_37030","YkoT","RacA","ykoT","racA","YkoT","RacA","BSU_13390","BSU_37030","string-db","224308.BSU37030/224308.BSU13390","physical","txid224308"
"BSU_13390","BSU_20710","YkoT","YopZ","ykoT","BSU_20710","YkoT","YopZ","BSU_13390","BSU_20710","string-db","224308.BSU20710/224308.BSU13390","physical","txid224308"
"BSU_13390","BSU_14880","YkoT","CtaB","ykoT","ctaB","YkoT","CtaB","BSU_13390","BSU_14880","string-db","224308.BSU14880/224308.BSU13390","physical","txid224308"
"BSU_13390","BSU_31860","YkoT","YueB","ykoT","yueB","YkoT","YueB","BSU_13390","BSU_31860","string-db","224308.BSU31860/224308.BSU13390","physical","txid224308"
"BSU_13390","BSU_30150","YkoT","YtdP","ykoT","BSU_30150","YkoT","YtdP","BSU_13390","BSU_30150","string-db","224308.BSU30150/224308.BSU13390","physical","txid224308"
"BSU_13390","BSU_25330","YkoT","YqfF","ykoT","BSU_25330","YkoT","YqfF","BSU_13390","BSU_25330","string-db","224308.BSU25330/224308.BSU13390","physical","txid224308"
"BSU_13390","BSU_15880","YkoT","FapR","ykoT","fapR","YkoT","FapR","BSU_13390","BSU_15880","string-db","224308.BSU15880/224308.BSU13390","physical","txid224308"
"BSU_13390","BSU_39810","YkoT","CsbC","ykoT","csbC","YkoT","CsbC","BSU_13390","BSU_39810","string-db","224308.BSU39810/224308.BSU13390","physical","txid224308"
"BSU_13390","BSU_18320","YkoT","PpsC","ykoT","ppsC","YkoT","PpsC","BSU_13390","BSU_18320","string-db","224308.BSU18320/224308.BSU13390","physical","txid224308"
"BSU_04360","BSU_05650","MntH","YdgH","mntH","ydgH","MntH","YdgH","BSU_04360","BSU_05650","string-db","224308.BSU05650/224308.BSU04360","physical","txid224308"
"BSU_04360","BSU_28010","MntH","MreD","mntH","mreD","MntH","MreD","BSU_04360","BSU_28010","string-db","224308.BSU28010/224308.BSU04360","physical","txid224308"
"BSU_39230","BSU_39220","WapA","YxxG","wapA","wapI","WapA","WapI","BSU_39230","BSU_39220","subtiwiki","224308.BSU39230/224308.BSU39220","physical","txid224308"
"BSU_14370","BSU_14350","YknZ","YknX","yknZ","yknX","YknZ","YknX","BSU_14370","BSU_14350","subtiwiki","224308.BSU14370/224308.BSU14350","physical","txid224308"
"BSU_14370","BSU_14360","YknZ","YknY","yknZ","yknY","YknZ","YknY","BSU_14370","BSU_14360","subtiwiki","224308.BSU14370/224308.BSU14360","physical","txid224308"
"BSU_36240","BSU_36260","YwqE","YwqC","ptpZ","tkmA","PtpZ","TkmA","BSU_36240","BSU_36260","string-db","224308.BSU36260/224308.BSU36240","physical","txid224308"
"BSU_36260","BSU_40010","YwqC","YxaD","tkmA","BSU_40010","TkmA","YxaD","BSU_36260","BSU_40010","string-db","224308.BSU40010/224308.BSU36260","physical","txid224308"
"BSU_01730","BSU_01740","SigW","RsiW","sigW","rsiW","SigW","RsiW","BSU_01730","BSU_01740","subtiwiki","224308.BSU01730/224308.BSU01740","physical","txid224308"
"BSU_01730","BSU_01070","SigW","RpoB","sigW","rpoB","SigW","RpoB","BSU_01730","BSU_01070","subtiwiki","224308.BSU01730/224308.BSU01070","physical","txid224308"
"BSU_01730","BSU_01080","SigW","RpoC","sigW","rpoC","SigW","RpoC","BSU_01730","BSU_01080","subtiwiki","224308.BSU01730/224308.BSU01080","physical","txid224308"
"BSU_03740","BSU_18320","YclI","PpsC","yclI","ppsC","YclI","PpsC","BSU_03740","BSU_18320","string-db","224308.BSU18320/224308.BSU03740","physical","txid224308"
"BSU_03740","BSU_39810","YclI","CsbC","yclI","csbC","YclI","CsbC","BSU_03740","BSU_39810","string-db","224308.BSU39810/224308.BSU03740","physical","txid224308"
"BSU_03740","BSU_07010","YclI","YesS","yclI","rhgR","YclI","RhgR","BSU_03740","BSU_07010","string-db","224308.BSU07010/224308.BSU03740","physical","txid224308"
"BSU_03740","BSU_20710","YclI","YopZ","yclI","BSU_20710","YclI","YopZ","BSU_03740","BSU_20710","string-db","224308.BSU20710/224308.BSU03740","physical","txid224308"
"BSU_03740","BSU_33880","YclI","YvbJ","yclI","BSU_33880","YclI","YvbJ","BSU_03740","BSU_33880","string-db","224308.BSU33880/224308.BSU03740","physical","txid224308"
"BSU_03740","BSU_12890","YclI","YkcC","yclI","ykcC","YclI","YkcC","BSU_03740","BSU_12890","string-db","224308.BSU12890/224308.BSU03740","physical","txid224308"
"BSU_03740","BSU_06710","YclI","SwrC","yclI","BSU_06710","YclI","SwrC","BSU_03740","BSU_06710","string-db","224308.BSU06710/224308.BSU03740","physical","txid224308"
"BSU_03740","BSU_34810","YclI","YvcD","yclI","yvcD","YclI","YvcD","BSU_03740","BSU_34810","string-db","224308.BSU34810/224308.BSU03740","physical","txid224308"
"BSU_03740","BSU_30150","YclI","YtdP","yclI","BSU_30150","YclI","YtdP","BSU_03740","BSU_30150","string-db","224308.BSU30150/224308.BSU03740","physical","txid224308"
"BSU_03740","BSU_33020","YclI","CssS","yclI","cssS","YclI","CssS","BSU_03740","BSU_33020","string-db","224308.BSU33020/224308.BSU03740","physical","txid224308"
"BSU_03740","BSU_36190","YclI","RttN","yclI","BSU_36190","YclI","YwqJ","BSU_03740","BSU_36190","string-db","224308.BSU36190/224308.BSU03740","physical","txid224308"
"BSU_03740","BSU_13390","YclI","YkoT","yclI","ykoT","YclI","YkoT","BSU_03740","BSU_13390","string-db","224308.BSU13390/224308.BSU03740","physical","txid224308"
"BSU_03740","BSU_25330","YclI","YqfF","yclI","BSU_25330","YclI","YqfF","BSU_03740","BSU_25330","string-db","224308.BSU25330/224308.BSU03740","physical","txid224308"
"BSU_03740","BSU_26150","YclI","YqbD","yclI","BSU_26150","YclI","YqbD","BSU_03740","BSU_26150","string-db","224308.BSU26150/224308.BSU03740","physical","txid224308"
"BSU_03740","BSU_28010","YclI","MreD","yclI","mreD","YclI","MreD","BSU_03740","BSU_28010","string-db","224308.BSU28010/224308.BSU03740","physical","txid224308"
"BSU_03740","BSU_33420","YclI","NhaK","yclI","BSU_33420","YclI","NhaK","BSU_03740","BSU_33420","string-db","224308.BSU33420/224308.BSU03740","physical","txid224308"
"BSU_03740","BSU_10160","YclI","YhgE","yclI","BSU_10160","YclI","YhgE","BSU_03740","BSU_10160","string-db","224308.BSU10160/224308.BSU03740","physical","txid224308"
"BSU_03740","BSU_36570","YclI","YwnG","yclI","BSU_36570","YclI","YwnG","BSU_03740","BSU_36570","string-db","224308.BSU36570/224308.BSU03740","physical","txid224308"
"BSU_03740","BSU_29980","YclI","YtjP","yclI","BSU_29980","YclI","YtjP","BSU_03740","BSU_29980","string-db","224308.BSU29980/224308.BSU03740","physical","txid224308"
"BSU_03740","BSU_37030","YclI","RacA","yclI","racA","YclI","RacA","BSU_03740","BSU_37030","string-db","224308.BSU37030/224308.BSU03740","physical","txid224308"
"BSU_03740","BSU_31080","YclI","BslA","yclI","bslA","YclI","BslA","BSU_03740","BSU_31080","string-db","224308.BSU31080/224308.BSU03740","physical","txid224308"
"BSU_03740","BSU_37420","YclI","AlbF","yclI","albF","YclI","AlbF","BSU_03740","BSU_37420","string-db","224308.BSU37420/224308.BSU03740","physical","txid224308"
"BSU_03740","BSU_04120","YclI","YczI","yclI","BSU_04120","YclI","YczI","BSU_03740","BSU_04120","string-db","224308.BSU04120/224308.BSU03740","physical","txid224308"
"BSU_03740","BSU_12790","YclI","XhlA","yclI","xhlA","YclI","XhlA","BSU_03740","BSU_12790","string-db","224308.BSU12790/224308.BSU03740","physical","txid224308"
"BSU_03740","BSU_16430","YclI","CheA","yclI","cheA","YclI","CheA","BSU_03740","BSU_16430","string-db","224308.BSU16430/224308.BSU03740","physical","txid224308"
"BSU_03740","BSU_11540","YclI","PepF","yclI","BSU_11540","YclI","PepF","BSU_03740","BSU_11540","string-db","224308.BSU11540/224308.BSU03740","physical","txid224308"
"BSU_03740","BSU_14850","YclI","FtsW","yclI","ftsW","YclI","FtsW","BSU_03740","BSU_14850","string-db","224308.BSU14850/224308.BSU03740","physical","txid224308"
"BSU_03740","BSU_12100","YclI","PdaC","yclI","pdaC","YclI","PdaC","BSU_03740","BSU_12100","string-db","224308.BSU12100/224308.BSU03740","physical","txid224308"
"BSU_03740","BSU_09900","YclI","YhaP","yclI","yhaP","YclI","YhaP","BSU_03740","BSU_09900","string-db","224308.BSU09900/224308.BSU03740","physical","txid224308"
"BSU_03740","BSU_14400","YclI","FruA","yclI","fruA","YclI","FruA","BSU_03740","BSU_14400","string-db","224308.BSU14400/224308.BSU03740","physical","txid224308"
"BSU_03740","BSU_04480","YclI","YdbI","yclI","BSU_04480","YclI","YdbI","BSU_03740","BSU_04480","string-db","224308.BSU04480/224308.BSU03740","physical","txid224308"
"BSU_03740","BSU_15940","YclI","Smc","yclI","smc","YclI","Smc","BSU_03740","BSU_15940","string-db","224308.BSU15940/224308.BSU03740","physical","txid224308"
"BSU_03740","BSU_05240","YclI","YdeL","yclI","BSU_05240","YclI","YdeL","BSU_03740","BSU_05240","string-db","224308.BSU05240/224308.BSU03740","physical","txid224308"
"BSU_03740","BSU_14880","YclI","CtaB","yclI","ctaB","YclI","CtaB","BSU_03740","BSU_14880","string-db","224308.BSU14880/224308.BSU03740","physical","txid224308"
"BSU_03740","BSU_05650","YclI","YdgH","yclI","ydgH","YclI","YdgH","BSU_03740","BSU_05650","string-db","224308.BSU05650/224308.BSU03740","physical","txid224308"
"BSU_03740","BSU_21820","YclI","ThyB","yclI","thyB","YclI","ThyB","BSU_03740","BSU_21820","string-db","224308.BSU21820/224308.BSU03740","physical","txid224308"
"BSU_03740","BSU_40360","YclI","HtrC","yclI","htrC","YclI","HtrC","BSU_03740","BSU_40360","string-db","224308.BSU40360/224308.BSU03740","physical","txid224308"
"BSU_03740","BSU_33090","YclI","LiaS","yclI","liaS","YclI","LiaS","BSU_03740","BSU_33090","string-db","224308.BSU33090/224308.BSU03740","physical","txid224308"
"BSU_27990","BSU_34370","MinD","EpsA","minD","epsA","MinD","EpsA","BSU_27990","BSU_34370","string-db","224308.BSU34370/224308.BSU27990","physical","txid224308"
"BSU_27990","BSU_36240","MinD","YwqE","minD","ptpZ","MinD","PtpZ","BSU_27990","BSU_36240","string-db","224308.BSU36240/224308.BSU27990","physical","txid224308"
"BSU_27990","BSU_34360","MinD","EpsB","minD","epsB","MinD","EpsB","BSU_27990","BSU_34360","string-db","224308.BSU34360/224308.BSU27990","physical","txid224308"
"BSU_27990","BSU_29740","MinD","CcpA","minD","ccpA","MinD","CcpA","BSU_27990","BSU_29740","string-db","224308.BSU29740/224308.BSU27990","physical","txid224308"
"BSU_27990","BSU_36250","MinD","PtkA","minD","ptkA","MinD","PtkA","BSU_27990","BSU_36250","string-db","224308.BSU36250/224308.BSU27990","physical","txid224308"
"BSU_27990","BSU_28000","MinD","MinC","minD","minC","MinD","MinC","BSU_27990","BSU_28000","subtiwiki","224308.BSU27990/224308.BSU28000","physical","txid224308"
"BSU_27990","BSU_35220","MinD","MinJ","minD","minJ","MinD","MinJ","BSU_27990","BSU_35220","subtiwiki","224308.BSU27990/224308.BSU35220","physical","txid224308"
"BSU_34360","BSU_36260","EpsB","YwqC","epsB","tkmA","EpsB","TkmA","BSU_34360","BSU_36260","string-db","224308.BSU36260/224308.BSU34360","physical","txid224308"
"BSU_34360","BSU_34370","EpsB","EpsA","epsB","epsA","EpsB","EpsA","BSU_34360","BSU_34370","subtiwiki","224308.BSU34360/224308.BSU34370","physical","txid224308"
"BSU_34360","BSU_36250","EpsB","PtkA","epsB","ptkA","EpsB","PtkA","BSU_34360","BSU_36250","string-db","224308.BSU36250/224308.BSU34360","physical","txid224308"
"BSU_23460","BSU_36250","SpoIIAB","PtkA","spoIIAB","ptkA","SpoIIAB","PtkA","BSU_23460","BSU_36250","string-db","224308.BSU36250/224308.BSU23460","physical","txid224308"
"BSU_23460","BSU_23470","SpoIIAB","SpoIIAA","spoIIAB","spoIIAA","SpoIIAB","SpoIIAA","BSU_23460","BSU_23470","subtiwiki","224308.BSU23470/224308.BSU23460","physical","txid224308"
"BSU_23460","BSU_23450","SpoIIAB","SigF","spoIIAB","sigF","SpoIIAB","SigF","BSU_23460","BSU_23450","subtiwiki","224308.BSU23460/224308.BSU23450","physical","txid224308"
"BSU_04720","BSU_15770","RsbW","PrkC","rsbW","BSU_15770","RsbW","PrkC","BSU_04720","BSU_15770","string-db","224308.BSU15770/224308.BSU04720","physical","txid224308"
"BSU_04720","BSU_36250","RsbW","PtkA","rsbW","ptkA","RsbW","PtkA","BSU_04720","BSU_36250","string-db","224308.BSU36250/224308.BSU04720","physical","txid224308"
"BSU_04720","BSU_24300","RsbW","XseA","rsbW","BSU_24300","RsbW","XseA","BSU_04720","BSU_24300","string-db","224308.BSU24300/224308.BSU04720","physical","txid224308"
"BSU_04720","BSU_27920","RsbW","Obg","rsbW","obg","RsbW","Obg","BSU_04720","BSU_27920","string-db","224308.BSU27920/224308.BSU04720","physical","txid224308"
"BSU_04720","BSU_04730","RsbW","SigB","rsbW","sigB","RsbW","SigB","BSU_04720","BSU_04730","subtiwiki","224308.BSU04730/224308.BSU04720","physical","txid224308"
"BSU_00670","BSU_00680","TilS","HprT","tilS","hprT","TilS","HprT","BSU_00670","BSU_00680","subtiwiki","224308.BSU00670/224308.BSU00680","physical","txid224308"
"BSU_00670","BSU_19660","TilS","YozD","tilS","BSU_19660","TilS","YozD","BSU_00670","BSU_19660","string-db","224308.BSU19660/224308.BSU00670","physical","txid224308"
"BSU_00670","BSU_32700","TilS","SufD","tilS","sufD","TilS","SufD","BSU_00670","BSU_32700","string-db","224308.BSU32700/224308.BSU00670","physical","txid224308"
"BSU_32700","BSU_32710","SufD","SufC","sufD","sufC","SufD","SufC","BSU_32700","BSU_32710","subtiwiki","224308.BSU32700/224308.BSU32710","physical","txid224308"
"BSU_19660","BSU_35080","YozD","YvmB","BSU_19660","pchR","YozD","YvmB","BSU_19660","BSU_35080","string-db","224308.BSU35080/224308.BSU19660","physical","txid224308"
"BSU_19660","BSU_28270","YozD","LeuB","BSU_19660","leuB","YozD","LeuB","BSU_19660","BSU_28270","string-db","224308.BSU28270/224308.BSU19660","physical","txid224308"
"BSU_19660","BSU_37030","YozD","RacA","BSU_19660","racA","YozD","RacA","BSU_19660","BSU_37030","string-db","224308.BSU37030/224308.BSU19660","physical","txid224308"
"BSU_19660","BSU_29880","YozD","MalS","BSU_19660","BSU_29880","YozD","MalS","BSU_19660","BSU_29880","string-db","224308.BSU29880/224308.BSU19660","physical","txid224308"
"BSU_19660","BSU_26030","YozD","YqbO","BSU_19660","BSU_26030","YozD","YqbO","BSU_19660","BSU_26030","string-db","224308.BSU26030/224308.BSU19660","physical","txid224308"
"BSU_19660","BSU_31960","YozD","DhbF","BSU_19660","dhbF","YozD","DhbF","BSU_19660","BSU_31960","string-db","224308.BSU31960/224308.BSU19660","physical","txid224308"
"BSU_00680","BSU_27610","HprT","Apt","hprT","apt","HprT","Apt","BSU_00680","BSU_27610","string-db","224308.BSU27610/224308.BSU00680","physical","txid224308"
"BSU_00680","BSU_22070","HprT","Xpt","hprT","xpt","HprT","Xpt","BSU_00680","BSU_22070","string-db","224308.BSU22070/224308.BSU00680","physical","txid224308"
"BSU_22070","BSU_27610","Xpt","Apt","xpt","apt","Xpt","Apt","BSU_22070","BSU_27610","string-db","224308.BSU27610/224308.BSU22070","physical","txid224308"
"BSU_00690","BSU_10160","FtsH","YhgE","ftsH","BSU_10160","FtsH","YhgE","BSU_00690","BSU_10160","string-db","224308.BSU10160/224308.BSU00690","physical","txid224308"
"BSU_00690","BSU_12790","FtsH","XhlA","ftsH","xhlA","FtsH","XhlA","BSU_00690","BSU_12790","string-db","224308.BSU12790/224308.BSU00690","physical","txid224308"
"BSU_00690","BSU_10770","FtsH","WprA","ftsH","wprA","FtsH","WprA","BSU_00690","BSU_10770","string-db","224308.BSU10770/224308.BSU00690","physical","txid224308"
"BSU_00690","BSU_26150","FtsH","YqbD","ftsH","BSU_26150","FtsH","YqbD","BSU_00690","BSU_26150","string-db","224308.BSU26150/224308.BSU00690","physical","txid224308"
"BSU_00690","BSU_37030","FtsH","RacA","ftsH","racA","FtsH","RacA","BSU_00690","BSU_37030","string-db","224308.BSU37030/224308.BSU00690","physical","txid224308"
"BSU_00690","BSU_31250","FtsH","TlpA","ftsH","tlpA","FtsH","TlpA","BSU_00690","BSU_31250","string-db","224308.BSU31250/224308.BSU00690","physical","txid224308"
"BSU_00690","BSU_29740","FtsH","CcpA","ftsH","ccpA","FtsH","CcpA","BSU_00690","BSU_29740","string-db","224308.BSU29740/224308.BSU00690","physical","txid224308"
"BSU_00690","BSU_06710","FtsH","SwrC","ftsH","BSU_06710","FtsH","SwrC","BSU_00690","BSU_06710","string-db","224308.BSU06710/224308.BSU00690","physical","txid224308"
"BSU_00690","BSU_24670","FtsH","ComGG","ftsH","comGG","FtsH","ComGG","BSU_00690","BSU_24670","string-db","224308.BSU24670/224308.BSU00690","physical","txid224308"
"BSU_00690","BSU_31010","FtsH","FloT","ftsH","floT","FtsH","FloT","BSU_00690","BSU_31010","subtiwiki","224308.BSU00690/224308.BSU31010","physical","txid224308"
"BSU_00690","BSU_15810","FtsH","SpoVM","ftsH","spoVM","FtsH","SpoVM","BSU_00690","BSU_15810","subtiwiki","224308.BSU00690/224308.BSU15810","physical","txid224308"
"BSU_00690","BSU_13640","FtsH","Spo0E","ftsH","spo0E","FtsH","Spo0E","BSU_00690","BSU_13640","subtiwiki","224308.BSU00690/224308.BSU13640","physical","txid224308"
"BSU_00690","BSU_00640","FtsH","SpoIIE","ftsH","spoIIE","FtsH","SpoIIE","BSU_00690","BSU_00640","subtiwiki","224308.BSU00690/224308.BSU00640","physical","txid224308"
"BSU_00690","BSU_08760","FtsH","Spo0M","ftsH","spo0M","FtsH","Spo0M","BSU_00690","BSU_08760","subtiwiki","224308.BSU00690/224308.BSU08760","physical","txid224308"
"BSU_00690","BSU_13300","FtsH","MgtE","ftsH","mgtE","FtsH","MgtE","BSU_00690","BSU_13300","subtiwiki","224308.BSU00690/224308.BSU13300","physical","txid224308"
"BSU_00690","BSU_24870","FtsH","YqgP","ftsH","BSU_24870","FtsH","YqgP","BSU_00690","BSU_24870","subtiwiki","224308.BSU00690/224308.BSU24870","physical","txid224308"
"BSU_24670","BSU_24700","ComGG","ComGD","comGG","comGD","ComGG","ComGD","BSU_24670","BSU_24700","subtiwiki","224308.BSU24670/224308.BSU24700","physical","txid224308"
"BSU_24670","BSU_24690","ComGG","ComGE","comGG","comGE","ComGG","ComGE","BSU_24670","BSU_24690","subtiwiki","224308.BSU24670/224308.BSU24690","physical","txid224308"
"BSU_24670","BSU_24720","ComGG","ComGB","comGG","comGB","ComGG","ComGB","BSU_24670","BSU_24720","subtiwiki","224308.BSU24670/224308.BSU24720","physical","txid224308"
"BSU_10770","BSU_05990","WprA","TatCY","wprA","BSU_05990","WprA","TatCY","BSU_10770","BSU_05990","subtiwiki","224308.BSU10770/224308.BSU05990","physical","txid224308"
"BSU_10770","BSU_39870","WprA","YxbD","wprA","yxbD","WprA","YxbD","BSU_10770","BSU_39870","string-db","224308.BSU39870/224308.BSU10770","physical","txid224308"
"BSU_10770","BSU_41020","WprA","MnmE","wprA","thdF","WprA","ThdF","BSU_10770","BSU_41020","string-db","224308.BSU41020/224308.BSU10770","physical","txid224308"
"BSU_10770","BSU_25140","WprA","CshB","wprA","BSU_25140","WprA","CshB","BSU_10770","BSU_25140","string-db","224308.BSU25140/224308.BSU10770","physical","txid224308"
"BSU_10770","BSU_33030","WprA","YuxN","wprA","yuxN","WprA","YuxN","BSU_10770","BSU_33030","string-db","224308.BSU33030/224308.BSU10770","physical","txid224308"
"BSU_10770","BSU_11130","WprA","Ipi","wprA","ipi","WprA","Ipi","BSU_10770","BSU_11130","string-db","224308.BSU11130/224308.BSU10770","physical","txid224308"
"BSU_10770","BSU_13390","WprA","YkoT","wprA","ykoT","WprA","YkoT","BSU_10770","BSU_13390","string-db","224308.BSU13390/224308.BSU10770","physical","txid224308"
"BSU_10770","BSU_12420","WprA","YjoB","wprA","yjoB","WprA","YjoB","BSU_10770","BSU_12420","string-db","224308.BSU12420/224308.BSU10770","physical","txid224308"
"BSU_10770","BSU_19510","WprA","YojB","wprA","BSU_19510","WprA","YojB","BSU_10770","BSU_19510","string-db","224308.BSU19510/224308.BSU10770","physical","txid224308"
"BSU_00700","BSU_23760","CoaX","CoaA","coaX","BSU_23760","CoaX","CoaA","BSU_00700","BSU_23760","string-db","224308.BSU23760/224308.BSU00700","physical","txid224308"
"BSU_00710","BSU_01130","HslO","TufA","yacC","tufA","YacC","TufA","BSU_00710","BSU_01130","string-db","224308.BSU01130/224308.BSU00710","physical","txid224308"
"BSU_00730","BSU_29970","CysK","YtkP","cysK","BSU_29970","CysK","YtkP","BSU_00730","BSU_29970","string-db","224308.BSU29970/224308.BSU00730","physical","txid224308"
"BSU_00730","BSU_27520","CysK","CymR","cysK","cymR","CysK","CymR","BSU_00730","BSU_27520","subtiwiki","224308.BSU27520/224308.BSU00730","physical","txid224308"
"BSU_00730","BSU_00930","CysK","CysE","cysK","cysE","CysK","CysE","BSU_00730","BSU_00930","string-db","224308.BSU00930/224308.BSU00730","physical","txid224308"
"BSU_00730","BSU_29740","CysK","CcpA","cysK","ccpA","CysK","CcpA","BSU_00730","BSU_29740","string-db","224308.BSU29740/224308.BSU00730","physical","txid224308"
"BSU_00740","BSU_00750","PabB","PabA","pabB","pabA","PabB","PabA","BSU_00740","BSU_00750","subtiwiki","224308.BSU00750/224308.BSU00740","physical","txid224308"
"BSU_00750","BSU_22680","PabA","TrpE","pabA","trpE","PabA","TrpE","BSU_00750","BSU_22680","subtiwiki","224308.BSU22680/224308.BSU00750","physical","txid224308"
"BSU_22680","BSU_22690","TrpE","AroH","trpE","BSU_22690","TrpE","AroH","BSU_22680","BSU_22690","string-db","224308.BSU22690/224308.BSU22680","physical","txid224308"
"BSU_00820","BSU_29740","LysS","CcpA","lysS","ccpA","LysS","CcpA","BSU_00820","BSU_29740","string-db","224308.BSU29740/224308.BSU00820","physical","txid224308"
"BSU_00830","BSU_00840","CtsR","McsA","ctsR","mcsA","CtsR","McsA","BSU_00830","BSU_00840","subtiwiki","224308.BSU00830/224308.BSU00840","physical","txid224308"
"BSU_00830","BSU_34540","CtsR","ClpP","ctsR","clpP","CtsR","ClpP","BSU_00830","BSU_34540","subtiwiki","224308.BSU00830/224308.BSU34540","physical","txid224308"
"BSU_00830","BSU_11550","CtsR","YjbH","ctsR","spxH","CtsR","SpxH","BSU_00830","BSU_11550","string-db","224308.BSU11550/224308.BSU00830","physical","txid224308"
"BSU_00830","BSU_31970","CtsR","DhbB","ctsR","dhbB","CtsR","DhbB","BSU_00830","BSU_31970","string-db","224308.BSU31970/224308.BSU00830","physical","txid224308"
"BSU_00830","BSU_08670","CtsR","YgaB","ctsR","BSU_08670","CtsR","YgaB","BSU_00830","BSU_08670","string-db","224308.BSU08670/224308.BSU00830","physical","txid224308"
"BSU_00830","BSU_28710","CtsR","CstA","ctsR","cstA","CtsR","CstA","BSU_00830","BSU_28710","string-db","224308.BSU28710/224308.BSU00830","physical","txid224308"
"BSU_00830","BSU_05650","CtsR","YdgH","ctsR","ydgH","CtsR","YdgH","BSU_00830","BSU_05650","string-db","224308.BSU05650/224308.BSU00830","physical","txid224308"
"BSU_05650","BSU_33420","YdgH","NhaK","ydgH","BSU_33420","YdgH","NhaK","BSU_05650","BSU_33420","string-db","224308.BSU33420/224308.BSU05650","physical","txid224308"
"BSU_05650","BSU_14850","YdgH","FtsW","ydgH","ftsW","YdgH","FtsW","BSU_05650","BSU_14850","string-db","224308.BSU14850/224308.BSU05650","physical","txid224308"
"BSU_05650","BSU_39020","YdgH","NupG","ydgH","nupG","YdgH","NupG","BSU_05650","BSU_39020","string-db","224308.BSU39020/224308.BSU05650","physical","txid224308"
"BSU_05650","BSU_12310","YdgH","ExuM","ydgH","yjmB","YdgH","ExuM","BSU_05650","BSU_12310","string-db","224308.BSU12310/224308.BSU05650","physical","txid224308"
"BSU_05650","BSU_37030","YdgH","RacA","ydgH","racA","YdgH","RacA","BSU_05650","BSU_37030","string-db","224308.BSU37030/224308.BSU05650","physical","txid224308"
"BSU_05650","BSU_40360","YdgH","HtrC","ydgH","htrC","YdgH","HtrC","BSU_05650","BSU_40360","string-db","224308.BSU40360/224308.BSU05650","physical","txid224308"
"BSU_05650","BSU_18320","YdgH","PpsC","ydgH","ppsC","YdgH","PpsC","BSU_05650","BSU_18320","string-db","224308.BSU18320/224308.BSU05650","physical","txid224308"
"BSU_05650","BSU_32260","YdgH","Hom","ydgH","hom","YdgH","Hom","BSU_05650","BSU_32260","string-db","224308.BSU32260/224308.BSU05650","physical","txid224308"
"BSU_05650","BSU_17180","YdgH","PksJ","ydgH","pksJ","YdgH","PksJ","BSU_05650","BSU_17180","string-db","224308.BSU17180/224308.BSU05650","physical","txid224308"
"BSU_05650","BSU_13390","YdgH","YkoT","ydgH","ykoT","YdgH","YkoT","BSU_05650","BSU_13390","string-db","224308.BSU13390/224308.BSU05650","physical","txid224308"
"BSU_05650","BSU_21820","YdgH","ThyB","ydgH","thyB","YdgH","ThyB","BSU_05650","BSU_21820","string-db","224308.BSU21820/224308.BSU05650","physical","txid224308"
"BSU_05650","BSU_28010","YdgH","MreD","ydgH","mreD","YdgH","MreD","BSU_05650","BSU_28010","string-db","224308.BSU28010/224308.BSU05650","physical","txid224308"
"BSU_05650","BSU_09900","YdgH","YhaP","ydgH","yhaP","YdgH","YhaP","BSU_05650","BSU_09900","string-db","224308.BSU09900/224308.BSU05650","physical","txid224308"
"BSU_05650","BSU_33880","YdgH","YvbJ","ydgH","BSU_33880","YdgH","YvbJ","BSU_05650","BSU_33880","string-db","224308.BSU33880/224308.BSU05650","physical","txid224308"
"BSU_05650","BSU_36570","YdgH","YwnG","ydgH","BSU_36570","YdgH","YwnG","BSU_05650","BSU_36570","string-db","224308.BSU36570/224308.BSU05650","physical","txid224308"
"BSU_05650","BSU_30620","YdgH","YtlD","ydgH","ytlD","YdgH","YtlD","BSU_05650","BSU_30620","string-db","224308.BSU30620/224308.BSU05650","physical","txid224308"
"BSU_05650","BSU_36190","YdgH","RttN","ydgH","BSU_36190","YdgH","YwqJ","BSU_05650","BSU_36190","string-db","224308.BSU36190/224308.BSU05650","physical","txid224308"
"BSU_05650","BSU_30150","YdgH","YtdP","ydgH","BSU_30150","YdgH","YtdP","BSU_05650","BSU_30150","string-db","224308.BSU30150/224308.BSU05650","physical","txid224308"
"BSU_05650","BSU_33020","YdgH","CssS","ydgH","cssS","YdgH","CssS","BSU_05650","BSU_33020","string-db","224308.BSU33020/224308.BSU05650","physical","txid224308"
"BSU_05650","BSU_39810","YdgH","CsbC","ydgH","csbC","YdgH","CsbC","BSU_05650","BSU_39810","string-db","224308.BSU39810/224308.BSU05650","physical","txid224308"
"BSU_05650","BSU_15880","YdgH","FapR","ydgH","fapR","YdgH","FapR","BSU_05650","BSU_15880","string-db","224308.BSU15880/224308.BSU05650","physical","txid224308"
"BSU_05650","BSU_32710","YdgH","SufC","ydgH","sufC","YdgH","SufC","BSU_05650","BSU_32710","string-db","224308.BSU32710/224308.BSU05650","physical","txid224308"
"BSU_05650","BSU_31080","YdgH","BslA","ydgH","bslA","YdgH","BslA","BSU_05650","BSU_31080","string-db","224308.BSU31080/224308.BSU05650","physical","txid224308"
"BSU_05650","BSU_16430","YdgH","CheA","ydgH","cheA","YdgH","CheA","BSU_05650","BSU_16430","string-db","224308.BSU16430/224308.BSU05650","physical","txid224308"
"BSU_05650","BSU_13060","YdgH","YkjA","ydgH","BSU_13060","YdgH","YkjA","BSU_05650","BSU_13060","string-db","224308.BSU13060/224308.BSU05650","physical","txid224308"
"BSU_05650","BSU_10770","YdgH","WprA","ydgH","wprA","YdgH","WprA","BSU_05650","BSU_10770","string-db","224308.BSU10770/224308.BSU05650","physical","txid224308"
"BSU_05650","BSU_16340","YdgH","FliZ","ydgH","fliO","YdgH","FliO","BSU_05650","BSU_16340","string-db","224308.BSU16340/224308.BSU05650","physical","txid224308"
"BSU_05650","BSU_14880","YdgH","CtaB","ydgH","ctaB","YdgH","CtaB","BSU_05650","BSU_14880","string-db","224308.BSU14880/224308.BSU05650","physical","txid224308"
"BSU_05650","BSU_06710","YdgH","SwrC","ydgH","BSU_06710","YdgH","SwrC","BSU_05650","BSU_06710","string-db","224308.BSU06710/224308.BSU05650","physical","txid224308"
"BSU_05650","BSU_29980","YdgH","YtjP","ydgH","BSU_29980","YdgH","YtjP","BSU_05650","BSU_29980","string-db","224308.BSU29980/224308.BSU05650","physical","txid224308"
"BSU_05650","BSU_15940","YdgH","Smc","ydgH","smc","YdgH","Smc","BSU_05650","BSU_15940","string-db","224308.BSU15940/224308.BSU05650","physical","txid224308"
"BSU_05650","BSU_07010","YdgH","YesS","ydgH","rhgR","YdgH","RhgR","BSU_05650","BSU_07010","string-db","224308.BSU07010/224308.BSU05650","physical","txid224308"
"BSU_05650","BSU_26150","YdgH","YqbD","ydgH","BSU_26150","YdgH","YqbD","BSU_05650","BSU_26150","string-db","224308.BSU26150/224308.BSU05650","physical","txid224308"
"BSU_05650","BSU_14400","YdgH","FruA","ydgH","fruA","YdgH","FruA","BSU_05650","BSU_14400","string-db","224308.BSU14400/224308.BSU05650","physical","txid224308"
"BSU_05650","BSU_20710","YdgH","YopZ","ydgH","BSU_20710","YdgH","YopZ","BSU_05650","BSU_20710","string-db","224308.BSU20710/224308.BSU05650","physical","txid224308"
"BSU_05650","BSU_40840","YdgH","YyaJ","ydgH","BSU_40840","YdgH","YyaJ","BSU_05650","BSU_40840","string-db","224308.BSU40840/224308.BSU05650","physical","txid224308"
"BSU_05650","BSU_12790","YdgH","XhlA","ydgH","xhlA","YdgH","XhlA","BSU_05650","BSU_12790","string-db","224308.BSU12790/224308.BSU05650","physical","txid224308"
"BSU_05650","BSU_33090","YdgH","LiaS","ydgH","liaS","YdgH","LiaS","BSU_05650","BSU_33090","string-db","224308.BSU33090/224308.BSU05650","physical","txid224308"
"BSU_08670","BSU_09400","YgaB","SpoVR","BSU_08670","spoVR","YgaB","SpoVR","BSU_08670","BSU_09400","string-db","224308.BSU09400/224308.BSU08670","physical","txid224308"
"BSU_08670","BSU_25490","YgaB","HrcA","BSU_08670","hrcA","YgaB","HrcA","BSU_08670","BSU_25490","string-db","224308.BSU25490/224308.BSU08670","physical","txid224308"
"BSU_08670","BSU_15880","YgaB","FapR","BSU_08670","fapR","YgaB","FapR","BSU_08670","BSU_15880","string-db","224308.BSU15880/224308.BSU08670","physical","txid224308"
"BSU_08670","BSU_35240","YgaB","CtpB","BSU_08670","ctpB","YgaB","CtpB","BSU_08670","BSU_35240","string-db","224308.BSU35240/224308.BSU08670","physical","txid224308"
"BSU_08670","BSU_15520","YgaB","PyrAB","BSU_08670","pyrAB","YgaB","PyrAB","BSU_08670","BSU_15520","string-db","224308.BSU15520/224308.BSU08670","physical","txid224308"
"BSU_31970","BSU_31980","DhbB","DhbE","dhbB","dhbE","DhbB","DhbE","BSU_31970","BSU_31980","string-db","224308.BSU31980/224308.BSU31970","physical","txid224308"
"BSU_11550","BSU_33029","YjbH","YuzO","spxH","yirB","SpxH","YirB","BSU_11550","BSU_33029","subtiwiki","224308.BSU33029/224308.BSU11550","physical","txid224308"
"BSU_11550","BSU_15120","YjbH","BshC","spxH","bshC","SpxH","BshC","BSU_11550","BSU_15120","string-db","224308.BSU15120/224308.BSU11550","physical","txid224308"
"BSU_11550","BSU_20080","YjbH","YosL","spxH","BSU_20080","SpxH","YosL","BSU_11550","BSU_20080","string-db","224308.BSU20080/224308.BSU11550","physical","txid224308"
"BSU_11550","BSU_16340","YjbH","FliZ","spxH","fliO","SpxH","FliO","BSU_11550","BSU_16340","string-db","224308.BSU16340/224308.BSU11550","physical","txid224308"
"BSU_11550","BSU_35790","YjbH","YvyI","spxH","pmi","SpxH","YvyI","BSU_11550","BSU_35790","string-db","224308.BSU35790/224308.BSU11550","physical","txid224308"
"BSU_11550","BSU_22970","YjbH","MecB","spxH","BSU_22970","SpxH","YpbH","BSU_11550","BSU_22970","string-db","224308.BSU22970/224308.BSU11550","physical","txid224308"
"BSU_11550","BSU_26310","YjbH","YqaH","spxH","yqaH","SpxH","YqaH","BSU_11550","BSU_26310","string-db","224308.BSU26310/224308.BSU11550","physical","txid224308"
"BSU_11550","BSU_31480","YjbH","YuxJ","spxH","BSU_31480","SpxH","YuxJ","BSU_11550","BSU_31480","string-db","224308.BSU31480/224308.BSU11550","physical","txid224308"
"BSU_00840","BSU_35370","McsA","CsrA","mcsA","csrA","McsA","CsrA","BSU_00840","BSU_35370","string-db","224308.BSU35370/224308.BSU00840","physical","txid224308"
"BSU_00850","BSU_37240","McsB","YwiE","mcsB","ywiE","McsB","YwiE","BSU_00850","BSU_37240","string-db","224308.BSU37240/224308.BSU00850","physical","txid224308"
"BSU_00850","BSU_11550","McsB","YjbH","mcsB","spxH","McsB","SpxH","BSU_00850","BSU_11550","string-db","224308.BSU11550/224308.BSU00850","physical","txid224308"
"BSU_00850","BSU_28200","McsB","LonA","mcsB","lonA","McsB","LonA","BSU_00850","BSU_28200","string-db","224308.BSU28200/224308.BSU00850","physical","txid224308"
"BSU_00850","BSU_00860","McsB","ClpC","mcsB","clpC","McsB","ClpC","BSU_00850","BSU_00860","subtiwiki","224308.BSU00850/224308.BSU00860","physical","txid224308"
"BSU_00850","BSU_28220","McsB","ClpX","mcsB","clpX","McsB","ClpX","BSU_00850","BSU_28220","subtiwiki","224308.BSU28220/224308.BSU00850","physical","txid224308"
"BSU_00850","BSU_00830","McsB","CtsR","mcsB","ctsR","McsB","CtsR","BSU_00850","BSU_00830","subtiwiki","224308.BSU00850/224308.BSU00830","physical","txid224308"
"BSU_00850","BSU_34540","McsB","ClpP","mcsB","clpP","McsB","ClpP","BSU_00850","BSU_34540","subtiwiki","224308.BSU00850/224308.BSU34540","physical","txid224308"
"BSU_00850","BSU_00840","McsB","McsA","mcsB","mcsA","McsB","McsA","BSU_00850","BSU_00840","subtiwiki","224308.BSU00850/224308.BSU00840","physical","txid224308"
"BSU_00850","BSU_24770","McsB","MgsR","mcsB","mgsR","McsB","MgsR","BSU_00850","BSU_24770","subtiwiki","224308.BSU00850/224308.BSU24770","physical","txid224308"
"BSU_00850","BSU_11500","McsB","SpxA","mcsB","spx","McsB","Spx","BSU_00850","BSU_11500","subtiwiki","224308.BSU00850/224308.BSU11500","physical","txid224308"
"BSU_28200","BSU_29740","LonA","CcpA","lonA","ccpA","LonA","CcpA","BSU_28200","BSU_29740","string-db","224308.BSU29740/224308.BSU28200","physical","txid224308"
"BSU_28200","BSU_35230","LonA","SwrA","lonA","swrA","LonA","SwrA","BSU_28200","BSU_35230","subtiwiki","224308.BSU28200/224308.BSU35230","physical","txid224308"
"BSU_28220","BSU_29740","ClpX","CcpA","clpX","ccpA","ClpX","CcpA","BSU_28220","BSU_29740","string-db","224308.BSU29740/224308.BSU28220","physical","txid224308"
"BSU_28220","BSU_34540","ClpX","ClpP","clpX","clpP","ClpX","ClpP","BSU_28220","BSU_34540","subtiwiki","224308.BSU28220/224308.BSU34540","physical","txid224308"
"BSU_28220","BSU_22800","ClpX","SpoIVA","clpX","spoIVA","ClpX","SpoIVA","BSU_28220","BSU_22800","subtiwiki","224308.BSU28220/224308.BSU22800","physical","txid224308"
"BSU_28220","G8J2-20","ClpX","CmpA","clpX","cmpA","ClpX","CmpA","BSU_28220","G8J2-20","subtiwiki","224308.BSU28220/224308.G8J2-20","physical","txid224308"
"BSU_28220","BSU_11500","ClpX","SpxA","clpX","spx","ClpX","Spx","BSU_28220","BSU_11500","subtiwiki","224308.BSU28220/224308.BSU11500","physical","txid224308"
"BSU_28220","BSU_21920","ClpX","UgtP","clpX","ugtP","ClpX","UgtP","BSU_28220","BSU_21920","subtiwiki","224308.BSU28220/224308.BSU21920","physical","txid224308"
"BSU_00860","BSU_22580","ClpC","ReoY","clpC","BSU_22580","ClpC","ReoY","BSU_00860","BSU_22580","subtiwiki","224308.BSU00860/224308.BSU22580","physical","txid224308"
"BSU_00860","BSU_22970","ClpC","MecB","clpC","BSU_22970","ClpC","YpbH","BSU_00860","BSU_22970","subtiwiki","224308.BSU00860/224308.BSU22970","physical","txid224308"
"BSU_00860","BSU_00830","ClpC","CtsR","clpC","ctsR","ClpC","CtsR","BSU_00860","BSU_00830","subtiwiki","224308.BSU00860/224308.BSU00830","physical","txid224308"
"BSU_00860","BSU_13700","ClpC","ClpE","clpC","clpE","ClpC","ClpE","BSU_00860","BSU_13700","string-db","224308.BSU13700/224308.BSU00860","physical","txid224308"
"BSU_00860","BSU_10420","ClpC","ComK","clpC","comK","ClpC","ComK","BSU_00860","BSU_10420","string-db","224308.BSU10420/224308.BSU00860","physical","txid224308"
"BSU_00860","BSU_28220","ClpC","ClpX","clpC","clpX","ClpC","ClpX","BSU_00860","BSU_28220","string-db","224308.BSU28220/224308.BSU00860","physical","txid224308"
"BSU_00860","BSU_16150","ClpC","ClpQ","clpC","clpQ","ClpC","ClpQ","BSU_00860","BSU_16150","string-db","224308.BSU16150/224308.BSU00860","physical","txid224308"
"BSU_00860","BSU_29740","ClpC","CcpA","clpC","ccpA","ClpC","CcpA","BSU_00860","BSU_29740","string-db","224308.BSU29740/224308.BSU00860","physical","txid224308"
"BSU_00860","BSU_34540","ClpC","ClpP","clpC","clpP","ClpC","ClpP","BSU_00860","BSU_34540","subtiwiki","224308.BSU00860/224308.BSU34540","physical","txid224308"
"BSU_00860","BSU_11520","ClpC","MecA","clpC","mecA","ClpC","MecA","BSU_00860","BSU_11520","subtiwiki","224308.BSU11520/224308.BSU00860","physical","txid224308"
"BSU_37240","BSU_39820","YwiE","HtpG","ywiE","htpG","YwiE","HtpG","BSU_37240","BSU_39820","string-db","224308.BSU39820/224308.BSU37240","physical","txid224308"
"BSU_37240","BSU_39660","YwiE","YxdJ","ywiE","yxdJ","YwiE","YxdJ","BSU_37240","BSU_39660","string-db","224308.BSU39660/224308.BSU37240","physical","txid224308"
"BSU_10420","BSU_11520","ComK","MecA","comK","mecA","ComK","MecA","BSU_10420","BSU_11520","subtiwiki","224308.BSU10420/224308.BSU11520","physical","txid224308"
"BSU_11520","BSU_28220","MecA","ClpX","mecA","clpX","MecA","ClpX","BSU_11520","BSU_28220","string-db","224308.BSU28220/224308.BSU11520","physical","txid224308"
"BSU_11520","BSU_28200","MecA","LonA","mecA","lonA","MecA","LonA","BSU_11520","BSU_28200","string-db","224308.BSU28200/224308.BSU11520","physical","txid224308"
"BSU_11520","BSU_11550","MecA","YjbH","mecA","spxH","MecA","SpxH","BSU_11520","BSU_11550","string-db","224308.BSU11550/224308.BSU11520","physical","txid224308"
"BSU_11520","BSU_19400","MecA","SodC","mecA","BSU_19400","MecA","SodC","BSU_11520","BSU_19400","string-db","224308.BSU19400/224308.BSU11520","physical","txid224308"
"BSU_11520","BSU_34540","MecA","ClpP","mecA","clpP","MecA","ClpP","BSU_11520","BSU_34540","string-db","224308.BSU34540/224308.BSU11520","physical","txid224308"
"BSU_34540","BSU_21920","ClpP","UgtP","clpP","ugtP","ClpP","UgtP","BSU_34540","BSU_21920","subtiwiki","224308.BSU34540/224308.BSU21920","physical","txid224308"
"BSU_13700","BSU_28220","ClpE","ClpX","clpE","clpX","ClpE","ClpX","BSU_13700","BSU_28220","string-db","224308.BSU28220/224308.BSU13700","physical","txid224308"
"BSU_13700","BSU_34540","ClpE","ClpP","clpE","clpP","ClpE","ClpP","BSU_13700","BSU_34540","subtiwiki","224308.BSU13700/224308.BSU34540","physical","txid224308"
"BSU_16150","BSU_28220","ClpQ","ClpX","clpQ","clpX","ClpQ","ClpX","BSU_16150","BSU_28220","string-db","224308.BSU28220/224308.BSU16150","physical","txid224308"
"BSU_16150","BSU_34540","ClpQ","ClpP","clpQ","clpP","ClpQ","ClpP","BSU_16150","BSU_34540","string-db","224308.BSU34540/224308.BSU16150","physical","txid224308"
"BSU_16150","BSU_16160","ClpQ","ClpY","clpQ","clpY","ClpQ","ClpY","BSU_16150","BSU_16160","subtiwiki","224308.BSU16160/224308.BSU16150","physical","txid224308"
"BSU_00880","BSU_25130","DisA","Nfo","disA","BSU_25130","DisA","Nfo","BSU_00880","BSU_25130","string-db","224308.BSU25130/224308.BSU00880","physical","txid224308"
"BSU_00880","BSU_27730","DisA","RuvB","disA","ruvB","DisA","RuvB","BSU_00880","BSU_27730","subtiwiki","224308.BSU00880/224308.BSU27730","physical","txid224308"
"BSU_00890","BSU_39940","YacL","YxaL","yacL","yxaL","YacL","YxaL","BSU_00890","BSU_39940","string-db","224308.BSU39940/224308.BSU00890","physical","txid224308"
"BSU_00920","BSU_29740","GltX","CcpA","gltX","ccpA","GltX","CcpA","BSU_00920","BSU_29740","string-db","224308.BSU29740/224308.BSU00920","physical","txid224308"
"BSU_00920","BSU_06670","GltX","GatC","gltX","BSU_06670","GltX","GatC","BSU_00920","BSU_06670","subtiwiki","224308.BSU00920/224308.BSU06670","physical","txid224308"
"BSU_00920","BSU_06690","GltX","GatB","gltX","BSU_06690","GltX","GatB","BSU_00920","BSU_06690","subtiwiki","224308.BSU00920/224308.BSU06690","physical","txid224308"
"BSU_00920","BSU_06680","GltX","GatA","gltX","BSU_06680","GltX","GatA","BSU_00920","BSU_06680","subtiwiki","224308.BSU00920/224308.BSU06680","physical","txid224308"
"BSU_00920","BSU_tRNA_48","GltX","TrnS-Gln","gltX","BSU_tRNA_48","GltX","TrnS-Gln","BSU_00920","BSU_tRNA_48","subtiwiki","224308.BSU00920/224308.BSUtRNA48","physical","txid224308"
"BSU_00940","BSU_29740","CysS","CcpA","cysS","ccpA","CysS","CcpA","BSU_00940","BSU_29740","string-db","224308.BSU29740/224308.BSU00940","physical","txid224308"
"BSU_00950","BSU_28860","MrnC","RpmI","mrnC","rpmI","MrnC","RpmI","BSU_00950","BSU_28860","string-db","224308.BSU28860/224308.BSU00950","physical","txid224308"
"BSU_00950","BSU_01320","MrnC","RplR","mrnC","rplR","MrnC","RplR","BSU_00950","BSU_01320","string-db","224308.BSU01320/224308.BSU00950","physical","txid224308"
"BSU_00950","BSU_27940","MrnC","RpmA","mrnC","rpmA","MrnC","RpmA","BSU_00950","BSU_27940","string-db","224308.BSU27940/224308.BSU00950","physical","txid224308"
"BSU_00950","BSU_01180","MrnC","RplW","mrnC","rplW","MrnC","RplW","BSU_00950","BSU_01180","string-db","224308.BSU01180/224308.BSU00950","physical","txid224308"
"BSU_00950","BSU_01210","MrnC","RplV","mrnC","rplV","MrnC","RplV","BSU_00950","BSU_01210","string-db","224308.BSU01210/224308.BSU00950","physical","txid224308"
"BSU_00950","BSU_01400","MrnC","RpmJ","mrnC","rpmJ","MrnC","RpmJ","BSU_00950","BSU_01400","string-db","224308.BSU01400/224308.BSU00950","physical","txid224308"
"BSU_00950","BSU_01340","MrnC","RpmD","mrnC","rpmD","MrnC","RpmD","BSU_00950","BSU_01340","string-db","224308.BSU01340/224308.BSU00950","physical","txid224308"
"BSU_00950","BSU_01160","MrnC","RplC","mrnC","rplC","MrnC","RplC","BSU_00950","BSU_01160","string-db","224308.BSU01160/224308.BSU00950","physical","txid224308"
"BSU_00950","BSU_01230","MrnC","RplP","mrnC","rplP","MrnC","RplP","BSU_00950","BSU_01230","string-db","224308.BSU01230/224308.BSU00950","physical","txid224308"
"BSU_00950","BSU_28850","MrnC","RplT","mrnC","rplT","MrnC","RplT","BSU_00950","BSU_28850","string-db","224308.BSU28850/224308.BSU00950","physical","txid224308"
"BSU_00950","BSU_01440","MrnC","RplQ","mrnC","rplQ","MrnC","RplQ","BSU_00950","BSU_01440","string-db","224308.BSU01440/224308.BSU00950","physical","txid224308"
"BSU_00950","BSU_01490","MrnC","RplM","mrnC","rplM","MrnC","RplM","BSU_00950","BSU_01490","string-db","224308.BSU01490/224308.BSU00950","physical","txid224308"
"BSU_00950","BSU_01260","MrnC","RplNA","mrnC","rplN","MrnC","RplN","BSU_00950","BSU_01260","string-db","224308.BSU01260/224308.BSU00950","physical","txid224308"
"BSU_00950","BSU_41060","MrnC","RpmH","mrnC","rpmH","MrnC","RpmH","BSU_00950","BSU_41060","string-db","224308.BSU41060/224308.BSU00950","physical","txid224308"
"BSU_00950","BSU_01310","MrnC","RplF","mrnC","rplF","MrnC","RplF","BSU_00950","BSU_01310","string-db","224308.BSU01310/224308.BSU00950","physical","txid224308"
"BSU_00950","BSU_27960","MrnC","RplU","mrnC","rplU","MrnC","RplU","BSU_00950","BSU_27960","string-db","224308.BSU27960/224308.BSU00950","physical","txid224308"
"BSU_00950","BSU_15080","MrnC","RpmF","mrnC","rpmF","MrnC","RpmF","BSU_00950","BSU_15080","string-db","224308.BSU15080/224308.BSU00950","physical","txid224308"
"BSU_00950","BSU_01040","MrnC","RplJ","mrnC","rplJ","MrnC","RplJ","BSU_00950","BSU_01040","string-db","224308.BSU01040/224308.BSU00950","physical","txid224308"
"BSU_00950","BSU_01190","MrnC","RplB","mrnC","rplB","MrnC","RplB","BSU_00950","BSU_01190","string-db","224308.BSU01190/224308.BSU00950","physical","txid224308"
"BSU_00950","BSU_16040","MrnC","RplS","mrnC","rplS","MrnC","RplS","BSU_00950","BSU_16040","string-db","224308.BSU16040/224308.BSU00950","physical","txid224308"
"BSU_00950","BSU_15820","MrnC","RpmB","mrnC","rpmB","MrnC","RpmB","BSU_00950","BSU_15820","string-db","224308.BSU15820/224308.BSU00950","physical","txid224308"
"BSU_00950","BSU_01270","MrnC","RplX","mrnC","rplX","MrnC","RplX","BSU_00950","BSU_01270","string-db","224308.BSU01270/224308.BSU00950","physical","txid224308"
"BSU_00950","BSU_01240","MrnC","RpmC","mrnC","rpmC","MrnC","RpmC","BSU_00950","BSU_01240","string-db","224308.BSU01240/224308.BSU00950","physical","txid224308"
"BSU_00950","BSU_01350","MrnC","RplO","mrnC","rplO","MrnC","RplO","BSU_00950","BSU_01350","string-db","224308.BSU01350/224308.BSU00950","physical","txid224308"
"BSU_00950","BSU_01280","MrnC","RplE","mrnC","rplE","MrnC","RplE","BSU_00950","BSU_01280","string-db","224308.BSU01280/224308.BSU00950","physical","txid224308"
"BSU_00950","BSU_01170","MrnC","RplD","mrnC","rplD","MrnC","RplD","BSU_00950","BSU_01170","string-db","224308.BSU01170/224308.BSU00950","physical","txid224308"
"BSU_00950","BSU_24900","MrnC","RpmGA","mrnC","BSU_24900","MrnC","RpmGA","BSU_00950","BSU_24900","string-db","224308.BSU24900/224308.BSU00950","physical","txid224308"
"BSU_00990","BSU_24900","RpmGB","RpmGA","rpmGB","BSU_24900","RpmGB","RpmGA","BSU_00990","BSU_24900","subtiwiki","224308.BSU00990/224308.BSU24900","physical","txid224308"
"BSU_00990","BSU_01020","RpmGB","RplK","rpmGB","rplK","RpmGB","RplK","BSU_00990","BSU_01020","subtiwiki","224308.BSU00990/224308.BSU01020","physical","txid224308"
"BSU_00990","BSU_01230","RpmGB","RplP","rpmGB","rplP","RpmGB","RplP","BSU_00990","BSU_01230","subtiwiki","224308.BSU00990/224308.BSU01230","physical","txid224308"
"BSU_00990","BSU_01350","RpmGB","RplO","rpmGB","rplO","RpmGB","RplO","BSU_00990","BSU_01350","subtiwiki","224308.BSU00990/224308.BSU01350","physical","txid224308"
"BSU_00990","BSU_01400","RpmGB","RpmJ","rpmGB","rpmJ","RpmGB","RpmJ","BSU_00990","BSU_01400","subtiwiki","224308.BSU00990/224308.BSU01400","physical","txid224308"
"BSU_00990","BSU_30700","RpmGB","RpmEB","rpmGB","rpmEB","RpmGB","RpmEB","BSU_00990","BSU_30700","subtiwiki","224308.BSU00990/224308.BSU30700","physical","txid224308"
"BSU_00990","BSU_01160","RpmGB","RplC","rpmGB","rplC","RpmGB","RplC","BSU_00990","BSU_01160","subtiwiki","224308.BSU00990/224308.BSU01160","physical","txid224308"
"BSU_00990","BSU_01210","RpmGB","RplV","rpmGB","rplV","RpmGB","RplV","BSU_00990","BSU_01210","subtiwiki","224308.BSU00990/224308.BSU01210","physical","txid224308"
"BSU_00990","BSU_01280","RpmGB","RplE","rpmGB","rplE","RpmGB","RplE","BSU_00990","BSU_01280","subtiwiki","224308.BSU00990/224308.BSU01280","physical","txid224308"
"BSU_00990","BSU_01050","RpmGB","RplL","rpmGB","rplL","RpmGB","RplL","BSU_00990","BSU_01050","subtiwiki","224308.BSU00990/224308.BSU01050","physical","txid224308"
"BSU_00990","BSU_41060","RpmGB","RpmH","rpmGB","rpmH","RpmGB","RpmH","BSU_00990","BSU_41060","subtiwiki","224308.BSU00990/224308.BSU41060","physical","txid224308"
"BSU_01000","BSU_41040","SecE","OxaAA","secE","yidC1","SecE","YidC1","BSU_01000","BSU_41040","string-db","224308.BSU41040/224308.BSU01000","physical","txid224308"
"BSU_01000","BSU_15950","SecE","FtsY","secE","ftsY","SecE","FtsY","BSU_01000","BSU_15950","string-db","224308.BSU15950/224308.BSU01000","physical","txid224308"
"BSU_01000","BSU_27700","SecE","YrbF","secE","BSU_27700","SecE","YrbF","BSU_01000","BSU_27700","string-db","224308.BSU27700/224308.BSU01000","physical","txid224308"
"BSU_01000","BSU_15980","SecE","Ffh","secE","ffh","SecE","Ffh","BSU_01000","BSU_15980","string-db","224308.BSU15980/224308.BSU01000","physical","txid224308"
"BSU_01000","BSU_01360","SecE","SecY","secE","secY","SecE","SecY","BSU_01000","BSU_01360","subtiwiki","224308.BSU01000/224308.BSU01360","physical","txid224308"
"BSU_01000","BSU_33630","SecE","SecG","secE","secG","SecE","SecG","BSU_01000","BSU_33630","subtiwiki","224308.BSU01000/224308.BSU33630","physical","txid224308"
"BSU_01000","BSU_27650","SecE","SecDF","secE","secDF","SecE","SecDF","BSU_01000","BSU_27650","string-db","224308.BSU27650/224308.BSU01000","physical","txid224308"
"BSU_01000","BSU_35300","SecE","SecA","secE","secA","SecE","SecA","BSU_01000","BSU_35300","subtiwiki","224308.BSU01000/224308.BSU35300","physical","txid224308"
"BSU_01000","BSU_23890","SecE","OxaAB","secE","yidC2","SecE","OxaAB","BSU_01000","BSU_23890","string-db","224308.BSU23890/224308.BSU01000","physical","txid224308"
"BSU_23890","BSU_35300","OxaAB","SecA","yidC2","secA","OxaAB","SecA","BSU_23890","BSU_35300","string-db","224308.BSU35300/224308.BSU23890","physical","txid224308"
"BSU_23890","BSU_27700","OxaAB","YrbF","yidC2","BSU_27700","OxaAB","YrbF","BSU_23890","BSU_27700","string-db","224308.BSU27700/224308.BSU23890","physical","txid224308"
"BSU_23890","BSU_24390","OxaAB","SpoIIIAE","yidC2","spoIIIAE","OxaAB","SpoIIIAE","BSU_23890","BSU_24390","string-db","224308.BSU24390/224308.BSU23890","physical","txid224308"
"BSU_23890","BSU_41040","OxaAB","OxaAA","yidC2","yidC1","OxaAB","YidC1","BSU_23890","BSU_41040","string-db","224308.BSU41040/224308.BSU23890","physical","txid224308"
"BSU_23890","BSU_33630","OxaAB","SecG","yidC2","secG","OxaAB","SecG","BSU_23890","BSU_33630","string-db","224308.BSU33630/224308.BSU23890","physical","txid224308"
"BSU_23890","BSU_27650","OxaAB","SecDF","yidC2","secDF","OxaAB","SecDF","BSU_23890","BSU_27650","string-db","224308.BSU27650/224308.BSU23890","physical","txid224308"
"BSU_35300","BSU_41040","SecA","OxaAA","secA","yidC1","SecA","YidC1","BSU_35300","BSU_41040","string-db","224308.BSU41040/224308.BSU35300","physical","txid224308"
"BSU_27700","BSU_41040","YrbF","OxaAA","BSU_27700","yidC1","YrbF","YidC1","BSU_27700","BSU_41040","string-db","224308.BSU41040/224308.BSU27700","physical","txid224308"
"BSU_27700","BSU_35300","YrbF","SecA","BSU_27700","secA","YrbF","SecA","BSU_27700","BSU_35300","string-db","224308.BSU35300/224308.BSU27700","physical","txid224308"
"BSU_27700","BSU_33630","YrbF","SecG","BSU_27700","secG","YrbF","SecG","BSU_27700","BSU_33630","string-db","224308.BSU33630/224308.BSU27700","physical","txid224308"
"BSU_15950","BSU_23890","FtsY","OxaAB","ftsY","yidC2","FtsY","OxaAB","BSU_15950","BSU_23890","string-db","224308.BSU23890/224308.BSU15950","physical","txid224308"
"BSU_15950","BSU_15980","FtsY","Ffh","ftsY","ffh","FtsY","Ffh","BSU_15950","BSU_15980","subtiwiki","224308.BSU15950/224308.BSU15980","physical","txid224308"
"BSU_15950","BSU_33630","FtsY","SecG","ftsY","secG","FtsY","SecG","BSU_15950","BSU_33630","string-db","224308.BSU33630/224308.BSU15950","physical","txid224308"
"BSU_15950","BSU_27700","FtsY","YrbF","ftsY","BSU_27700","FtsY","YrbF","BSU_15950","BSU_27700","string-db","224308.BSU27700/224308.BSU15950","physical","txid224308"
"BSU_15950","BSU_35300","FtsY","SecA","ftsY","secA","FtsY","SecA","BSU_15950","BSU_35300","string-db","224308.BSU35300/224308.BSU15950","physical","txid224308"
"BSU_15950","BSU_41040","FtsY","OxaAA","ftsY","yidC1","FtsY","YidC1","BSU_15950","BSU_41040","string-db","224308.BSU41040/224308.BSU15950","physical","txid224308"
"BSU_15950","BSU_27650","FtsY","SecDF","ftsY","secDF","FtsY","SecDF","BSU_15950","BSU_27650","string-db","224308.BSU27650/224308.BSU15950","physical","txid224308"
"BSU_15980","BSU_40910","Ffh","RpsF","ffh","rpsF","Ffh","RpsF","BSU_15980","BSU_40910","string-db","224308.BSU40910/224308.BSU15980","physical","txid224308"
"BSU_15980","BSU_28860","Ffh","RpmI","ffh","rpmI","Ffh","RpmI","BSU_15980","BSU_28860","string-db","224308.BSU28860/224308.BSU15980","physical","txid224308"
"BSU_15980","BSU_28850","Ffh","RplT","ffh","rplT","Ffh","RplT","BSU_15980","BSU_28850","string-db","224308.BSU28850/224308.BSU15980","physical","txid224308"
"BSU_15980","BSU_27960","Ffh","RplU","ffh","rplU","Ffh","RplU","BSU_15980","BSU_27960","string-db","224308.BSU27960/224308.BSU15980","physical","txid224308"
"BSU_15980","BSU_29660","Ffh","RpsD","ffh","rpsD","Ffh","RpsD","BSU_15980","BSU_29660","string-db","224308.BSU29660/224308.BSU15980","physical","txid224308"
"BSU_15980","BSU_35300","Ffh","SecA","ffh","secA","Ffh","SecA","BSU_15980","BSU_35300","subtiwiki","224308.BSU35300/224308.BSU15980","physical","txid224308"
"BSU_15980","BSU_37070","Ffh","RpmEA","ffh","rpmE","Ffh","RpmE","BSU_15980","BSU_37070","string-db","224308.BSU37070/224308.BSU15980","physical","txid224308"
"BSU_15980","BSU_23890","Ffh","OxaAB","ffh","yidC2","Ffh","OxaAB","BSU_15980","BSU_23890","string-db","224308.BSU23890/224308.BSU15980","physical","txid224308"
"BSU_15980","BSU_27700","Ffh","YrbF","ffh","BSU_27700","Ffh","YrbF","BSU_15980","BSU_27700","string-db","224308.BSU27700/224308.BSU15980","physical","txid224308"
"BSU_15980","BSU_16040","Ffh","RplS","ffh","rplS","Ffh","RplS","BSU_15980","BSU_16040","string-db","224308.BSU16040/224308.BSU15980","physical","txid224308"
"BSU_15980","BSU_25550","Ffh","RpsT","ffh","BSU_25550","Ffh","RpsT","BSU_15980","BSU_25550","string-db","224308.BSU25550/224308.BSU15980","physical","txid224308"
"BSU_15980","BSU_29740","Ffh","CcpA","ffh","ccpA","Ffh","CcpA","BSU_15980","BSU_29740","string-db","224308.BSU29740/224308.BSU15980","physical","txid224308"
"BSU_15980","BSU_33600","Ffh","SmpB","ffh","smpB","Ffh","SmpB","BSU_15980","BSU_33600","string-db","224308.BSU33600/224308.BSU15980","physical","txid224308"
"BSU_15980","BSU_40890","Ffh","RpsR","ffh","rpsR","Ffh","RpsR","BSU_15980","BSU_40890","string-db","224308.BSU40890/224308.BSU15980","physical","txid224308"
"BSU_15980","BSU_27650","Ffh","SecDF","ffh","secDF","Ffh","SecDF","BSU_15980","BSU_27650","string-db","224308.BSU27650/224308.BSU15980","physical","txid224308"
"BSU_15980","BSU_23880","Ffh","MifM","ffh","mifM","Ffh","MifM","BSU_15980","BSU_23880","string-db","224308.BSU23880/224308.BSU15980","physical","txid224308"
"BSU_15980","BSU_33630","Ffh","SecG","ffh","secG","Ffh","SecG","BSU_15980","BSU_33630","string-db","224308.BSU33630/224308.BSU15980","physical","txid224308"
"BSU_15980","BSU_15990","Ffh","RpsP","ffh","rpsP","Ffh","RpsP","BSU_15980","BSU_15990","string-db","224308.BSU15990/224308.BSU15980","physical","txid224308"
"BSU_15980","BSU_41050","Ffh","RnpA","ffh","BSU_41050","Ffh","RnpA","BSU_15980","BSU_41050","string-db","224308.BSU41050/224308.BSU15980","physical","txid224308"
"BSU_15980","BSU_41060","Ffh","RpmH","ffh","rpmH","Ffh","RpmH","BSU_15980","BSU_41060","string-db","224308.BSU41060/224308.BSU15980","physical","txid224308"
"BSU_15980","BSU_41040","Ffh","OxaAA","ffh","yidC1","Ffh","YidC1","BSU_15980","BSU_41040","string-db","224308.BSU41040/224308.BSU15980","physical","txid224308"
"BSU_15980","BSU_16680","Ffh","RpsO","ffh","rpsO","Ffh","RpsO","BSU_15980","BSU_16680","string-db","224308.BSU16680/224308.BSU15980","physical","txid224308"
"BSU_15980","BSU_24900","Ffh","RpmGA","ffh","BSU_24900","Ffh","RpmGA","BSU_15980","BSU_24900","string-db","224308.BSU24900/224308.BSU15980","physical","txid224308"
"BSU_15980","BSU_27940","Ffh","RpmA","ffh","rpmA","Ffh","RpmA","BSU_15980","BSU_27940","string-db","224308.BSU27940/224308.BSU15980","physical","txid224308"
"BSU_15980","BSU_16490","Ffh","RpsB","ffh","rpsB","Ffh","RpsB","BSU_15980","BSU_16490","string-db","224308.BSU16490/224308.BSU15980","physical","txid224308"
"BSU_01360","BSU_15950","SecY","FtsY","secY","ftsY","SecY","FtsY","BSU_01360","BSU_15950","subtiwiki","224308.BSU01360/224308.BSU15950","physical","txid224308"
"BSU_01360","BSU_33630","SecY","SecG","secY","secG","SecY","SecG","BSU_01360","BSU_33630","subtiwiki","224308.BSU01360/224308.BSU33630","physical","txid224308"
"BSU_01360","BSU_23890","SecY","OxaAB","secY","yidC2","SecY","OxaAB","BSU_01360","BSU_23890","string-db","224308.BSU23890/224308.BSU01360","physical","txid224308"
"BSU_01360","BSU_27650","SecY","SecDF","secY","secDF","SecY","SecDF","BSU_01360","BSU_27650","string-db","224308.BSU27650/224308.BSU01360","physical","txid224308"
"BSU_01360","BSU_15980","SecY","Ffh","secY","ffh","SecY","Ffh","BSU_01360","BSU_15980","string-db","224308.BSU15980/224308.BSU01360","physical","txid224308"
"BSU_01360","BSU_27700","SecY","YrbF","secY","BSU_27700","SecY","YrbF","BSU_01360","BSU_27700","string-db","224308.BSU27700/224308.BSU01360","physical","txid224308"
"BSU_01360","BSU_13990","SecY","KinA","secY","kinA","SecY","KinA","BSU_01360","BSU_13990","string-db","224308.BSU13990/224308.BSU01360","physical","txid224308"
"BSU_01360","BSU_35300","SecY","SecA","secY","secA","SecY","SecA","BSU_01360","BSU_35300","subtiwiki","224308.BSU01360/224308.BSU35300","physical","txid224308"
"BSU_01360","BSU_41040","SecY","OxaAA","secY","yidC1","SecY","YidC1","BSU_01360","BSU_41040","string-db","224308.BSU41040/224308.BSU01360","physical","txid224308"
"BSU_01360","BSU_31010","SecY","FloT","secY","floT","SecY","FloT","BSU_01360","BSU_31010","subtiwiki","224308.BSU01360/224308.BSU31010","physical","txid224308"
"BSU_33630","BSU_41040","SecG","OxaAA","secG","yidC1","SecG","YidC1","BSU_33630","BSU_41040","string-db","224308.BSU41040/224308.BSU33630","physical","txid224308"
"BSU_33630","BSU_35300","SecG","SecA","secG","secA","SecG","SecA","BSU_33630","BSU_35300","subtiwiki","224308.BSU35300/224308.BSU33630","physical","txid224308"
"BSU_27650","BSU_33630","SecDF","SecG","secDF","secG","SecDF","SecG","BSU_27650","BSU_33630","string-db","224308.BSU33630/224308.BSU27650","physical","txid224308"
"BSU_27650","BSU_35300","SecDF","SecA","secDF","secA","SecDF","SecA","BSU_27650","BSU_35300","string-db","224308.BSU35300/224308.BSU27650","physical","txid224308"
"BSU_27650","BSU_41040","SecDF","OxaAA","secDF","yidC1","SecDF","YidC1","BSU_27650","BSU_41040","string-db","224308.BSU41040/224308.BSU27650","physical","txid224308"
"BSU_27650","BSU_27700","SecDF","YrbF","secDF","BSU_27700","SecDF","YrbF","BSU_27650","BSU_27700","string-db","224308.BSU27700/224308.BSU27650","physical","txid224308"
"BSU_01010","BSU_14670","NusG","SuhB","BSU_01010","yktC","NusG","SuhB","BSU_01010","BSU_14670","string-db","224308.BSU14670/224308.BSU01010","physical","txid224308"
"BSU_01010","BSU_36760","NusG","MurAA","BSU_01010","murAA","NusG","MurAA","BSU_01010","BSU_36760","string-db","224308.BSU36760/224308.BSU01010","physical","txid224308"
"BSU_01010","BSU_37100","NusG","MurAB","BSU_01010","BSU_37100","NusG","MurAB","BSU_01010","BSU_37100","string-db","224308.BSU37100/224308.BSU01010","physical","txid224308"
"BSU_01010","BSU_24320","NusG","NusB","BSU_01010","nusB","NusG","NusB","BSU_01010","BSU_24320","string-db","224308.BSU24320/224308.BSU01010","physical","txid224308"
"BSU_01010","BSU_37080","NusG","Rho","BSU_01010","BSU_37080","NusG","Rho","BSU_01010","BSU_37080","subtiwiki","224308.BSU01010/224308.BSU37080","physical","txid224308"
"BSU_01010","BSU_01080","NusG","RpoC","BSU_01010","rpoC","NusG","RpoC","BSU_01010","BSU_01080","subtiwiki","224308.BSU01010/224308.BSU01080","physical","txid224308"
"BSU_01010","BSU_01070","NusG","RpoB","BSU_01010","rpoB","NusG","RpoB","BSU_01010","BSU_01070","subtiwiki","224308.BSU01010/224308.BSU01070","physical","txid224308"
"BSU_14670","BSU_24320","SuhB","NusB","yktC","nusB","SuhB","NusB","BSU_14670","BSU_24320","string-db","224308.BSU24320/224308.BSU14670","physical","txid224308"
"BSU_40500","BSU_41060","RplI","RpmH","BSU_40500","rpmH","RplI","RpmH","BSU_40500","BSU_41060","subtiwiki","224308.BSU40500/224308.BSU41060","physical","txid224308"
"BSU_40500","BSU_00990","RplI","RpmGB","BSU_40500","rpmGB","RplI","RpmGB","BSU_40500","BSU_00990","subtiwiki","224308.BSU40500/224308.BSU00990","physical","txid224308"
"BSU_40500","BSU_30700","RplI","RpmEB","BSU_40500","rpmEB","RplI","RpmEB","BSU_40500","BSU_30700","subtiwiki","224308.BSU40500/224308.BSU30700","physical","txid224308"
"BSU_40500","BSU_01050","RplI","RplL","BSU_40500","rplL","RplI","RplL","BSU_40500","BSU_01050","subtiwiki","224308.BSU40500/224308.BSU01050","physical","txid224308"
"BSU_40500","BSU_40910","RplI","RpsF","BSU_40500","rpsF","RplI","RpsF","BSU_40500","BSU_40910","string-db","224308.BSU40910/224308.BSU40500","physical","txid224308"
"BSU_40500","BSU_40890","RplI","RpsR","BSU_40500","rpsR","RplI","RpsR","BSU_40500","BSU_40890","string-db","224308.BSU40890/224308.BSU40500","physical","txid224308"
"BSU_25550","BSU_41060","RpsT","RpmH","BSU_25550","rpmH","RpsT","RpmH","BSU_25550","BSU_41060","string-db","224308.BSU41060/224308.BSU25550","physical","txid224308"
"BSU_25550","BSU_28860","RpsT","RpmI","BSU_25550","rpmI","RpsT","RpmI","BSU_25550","BSU_28860","string-db","224308.BSU28860/224308.BSU25550","physical","txid224308"
"BSU_25550","BSU_27600","RpsT","Rsh","BSU_25550","BSU_27600","RpsT","Rel","BSU_25550","BSU_27600","string-db","224308.BSU27600/224308.BSU25550","physical","txid224308"
"BSU_25550","BSU_27940","RpsT","RpmA","BSU_25550","rpmA","RpsT","RpmA","BSU_25550","BSU_27940","string-db","224308.BSU27940/224308.BSU25550","physical","txid224308"
"BSU_25550","BSU_35310","RpsT","Hpf","BSU_25550","hpf","RpsT","Hpf","BSU_25550","BSU_35310","string-db","224308.BSU35310/224308.BSU25550","physical","txid224308"
"BSU_25550","BSU_37070","RpsT","RpmEA","BSU_25550","rpmE","RpsT","RpmE","BSU_25550","BSU_37070","string-db","224308.BSU37070/224308.BSU25550","physical","txid224308"
"BSU_25550","BSU_40500","RpsT","RplI","BSU_25550","BSU_40500","RpsT","RplI","BSU_25550","BSU_40500","string-db","224308.BSU40500/224308.BSU25550","physical","txid224308"
"BSU_25550","BSU_28580","RpsT","MutSB","BSU_25550","BSU_28580","RpsT","RqcU","BSU_25550","BSU_28580","string-db","224308.BSU28580/224308.BSU25550","physical","txid224308"
"BSU_25550","BSU_27960","RpsT","RplU","BSU_25550","rplU","RpsT","RplU","BSU_25550","BSU_27960","subtiwiki","224308.BSU27960/224308.BSU25550","physical","txid224308"
"BSU_25550","BSU_40890","RpsT","RpsR","BSU_25550","rpsR","RpsT","RpsR","BSU_25550","BSU_40890","string-db","224308.BSU40890/224308.BSU25550","physical","txid224308"
"BSU_25550","BSU_40910","RpsT","RpsF","BSU_25550","rpsF","RpsT","RpsF","BSU_25550","BSU_40910","string-db","224308.BSU40910/224308.BSU25550","physical","txid224308"
"BSU_25550","BSU_28850","RpsT","RplT","BSU_25550","rplT","RpsT","RplT","BSU_25550","BSU_28850","string-db","224308.BSU28850/224308.BSU25550","physical","txid224308"
"BSU_25550","BSU_29660","RpsT","RpsD","BSU_25550","rpsD","RpsT","RpsD","BSU_25550","BSU_29660","string-db","224308.BSU29660/224308.BSU25550","physical","txid224308"
"BSU_29660","BSU_40500","RpsD","RplI","rpsD","BSU_40500","RpsD","RplI","BSU_29660","BSU_40500","string-db","224308.BSU40500/224308.BSU29660","physical","txid224308"
"BSU_29660","BSU_41060","RpsD","RpmH","rpsD","rpmH","RpsD","RpmH","BSU_29660","BSU_41060","string-db","224308.BSU41060/224308.BSU29660","physical","txid224308"
"BSU_29660","BSU_29740","RpsD","CcpA","rpsD","ccpA","RpsD","CcpA","BSU_29660","BSU_29740","string-db","224308.BSU29740/224308.BSU29660","physical","txid224308"
"BSU_29660","BSU_40910","RpsD","RpsF","rpsD","rpsF","RpsD","RpsF","BSU_29660","BSU_40910","string-db","224308.BSU40910/224308.BSU29660","physical","txid224308"
"BSU_29660","BSU_35310","RpsD","Hpf","rpsD","hpf","RpsD","Hpf","BSU_29660","BSU_35310","string-db","224308.BSU35310/224308.BSU29660","physical","txid224308"
"BSU_29660","BSU_37070","RpsD","RpmEA","rpsD","rpmE","RpsD","RpmE","BSU_29660","BSU_37070","string-db","224308.BSU37070/224308.BSU29660","physical","txid224308"
"BSU_29660","BSU_40890","RpsD","RpsR","rpsD","rpsR","RpsD","RpsR","BSU_29660","BSU_40890","string-db","224308.BSU40890/224308.BSU29660","physical","txid224308"
"BSU_01150","BSU_40500","RpsJ","RplI","rpsJ","BSU_40500","RpsJ","RplI","BSU_01150","BSU_40500","string-db","224308.BSU40500/224308.BSU01150","physical","txid224308"
"BSU_01150","BSU_22880","RpsJ","RpfA","rpsJ","BSU_22880","RpsJ","RpsA","BSU_01150","BSU_22880","subtiwiki","224308.BSU01150/224308.BSU22880","physical","txid224308"
"BSU_01150","BSU_31390","RpsJ","YugI","rpsJ","yugI","RpsJ","YugI","BSU_01150","BSU_31390","subtiwiki","224308.BSU01150/224308.BSU31390","physical","txid224308"
"BSU_01150","BSU_15070","RpsJ","YlbN","rpsJ","ylbN","RpsJ","YlbN","BSU_01150","BSU_15070","subtiwiki","224308.BSU01150/224308.BSU15070","physical","txid224308"
"BSU_01150","BSU_24320","RpsJ","NusB","rpsJ","nusB","RpsJ","NusB","BSU_01150","BSU_24320","subtiwiki","224308.BSU01150/224308.BSU24320","physical","txid224308"
"BSU_01150","BSU_01230","RpsJ","RplP","rpsJ","rplP","RpsJ","RplP","BSU_01150","BSU_01230","string-db","224308.BSU01230/224308.BSU01150","physical","txid224308"
"BSU_01150","BSU_01180","RpsJ","RplW","rpsJ","rplW","RpsJ","RplW","BSU_01150","BSU_01180","string-db","224308.BSU01180/224308.BSU01150","physical","txid224308"
"BSU_01150","BSU_01410","RpsJ","RpsM","rpsJ","rpsM","RpsJ","RpsM","BSU_01150","BSU_01410","subtiwiki","224308.BSU01150/224308.BSU01410","physical","txid224308"
"BSU_01150","BSU_27940","RpsJ","RpmA","rpsJ","rpmA","RpsJ","RpmA","BSU_01150","BSU_27940","string-db","224308.BSU27940/224308.BSU01150","physical","txid224308"
"BSU_01150","BSU_35310","RpsJ","Hpf","rpsJ","hpf","RpsJ","Hpf","BSU_01150","BSU_35310","string-db","224308.BSU35310/224308.BSU01150","physical","txid224308"
"BSU_01150","BSU_01330","RpsJ","RpsE","rpsJ","rpsE","RpsJ","RpsE","BSU_01150","BSU_01330","subtiwiki","224308.BSU01330/224308.BSU01150","physical","txid224308"
"BSU_01150","BSU_01440","RpsJ","RplQ","rpsJ","rplQ","RpsJ","RplQ","BSU_01150","BSU_01440","string-db","224308.BSU01440/224308.BSU01150","physical","txid224308"
"BSU_01150","BSU_01400","RpsJ","RpmJ","rpsJ","rpmJ","RpsJ","RpmJ","BSU_01150","BSU_01400","string-db","224308.BSU01400/224308.BSU01150","physical","txid224308"
"BSU_01150","BSU_01240","RpsJ","RpmC","rpsJ","rpmC","RpsJ","RpmC","BSU_01150","BSU_01240","string-db","224308.BSU01240/224308.BSU01150","physical","txid224308"
"BSU_01150","BSU_29660","RpsJ","RpsD","rpsJ","rpsD","RpsJ","RpsD","BSU_01150","BSU_29660","string-db","224308.BSU29660/224308.BSU01150","physical","txid224308"
"BSU_01150","BSU_01270","RpsJ","RplX","rpsJ","rplX","RpsJ","RplX","BSU_01150","BSU_01270","string-db","224308.BSU01270/224308.BSU01150","physical","txid224308"
"BSU_01150","BSU_01160","RpsJ","RplC","rpsJ","rplC","RpsJ","RplC","BSU_01150","BSU_01160","string-db","224308.BSU01160/224308.BSU01150","physical","txid224308"
"BSU_01150","BSU_40910","RpsJ","RpsF","rpsJ","rpsF","RpsJ","RpsF","BSU_01150","BSU_40910","subtiwiki","224308.BSU40910/224308.BSU01150","physical","txid224308"
"BSU_01150","BSU_15990","RpsJ","RpsP","rpsJ","rpsP","RpsJ","RpsP","BSU_01150","BSU_15990","subtiwiki","224308.BSU15990/224308.BSU01150","physical","txid224308"
"BSU_01150","BSU_05610","RpsJ","VmlR","rpsJ","vmlR","RpsJ","VmlR","BSU_01150","BSU_05610","string-db","224308.BSU05610/224308.BSU01150","physical","txid224308"
"BSU_01150","BSU_01290","RpsJ","RpsNA","rpsJ","rpsN","RpsJ","RpsN","BSU_01150","BSU_01290","subtiwiki","224308.BSU01290/224308.BSU01150","physical","txid224308"
"BSU_01150","BSU_40890","RpsJ","RpsR","rpsJ","rpsR","RpsJ","RpsR","BSU_01150","BSU_40890","subtiwiki","224308.BSU01150/224308.BSU40890","physical","txid224308"
"BSU_01150","BSU_15820","RpsJ","RpmB","rpsJ","rpmB","RpsJ","RpmB","BSU_01150","BSU_15820","string-db","224308.BSU15820/224308.BSU01150","physical","txid224308"
"BSU_01150","BSU_01500","RpsJ","RpsI","rpsJ","rpsI","RpsJ","RpsI","BSU_01150","BSU_01500","string-db","224308.BSU01500/224308.BSU01150","physical","txid224308"
"BSU_01150","BSU_01190","RpsJ","RplB","rpsJ","rplB","RpsJ","RplB","BSU_01150","BSU_01190","string-db","224308.BSU01190/224308.BSU01150","physical","txid224308"
"BSU_01150","BSU_25410","RpsJ","RpsU","rpsJ","BSU_25410","RpsJ","RpsU","BSU_01150","BSU_25410","subtiwiki","224308.BSU25410/224308.BSU01150","physical","txid224308"
"BSU_01150","BSU_01210","RpsJ","RplV","rpsJ","rplV","RpsJ","RplV","BSU_01150","BSU_01210","string-db","224308.BSU01210/224308.BSU01150","physical","txid224308"
"BSU_01150","BSU_28580","RpsJ","MutSB","rpsJ","BSU_28580","RpsJ","RqcU","BSU_01150","BSU_28580","subtiwiki","224308.BSU01150/224308.BSU28580","physical","txid224308"
"BSU_01150","BSU_28860","RpsJ","RpmI","rpsJ","rpmI","RpsJ","RpmI","BSU_01150","BSU_28860","string-db","224308.BSU28860/224308.BSU01150","physical","txid224308"
"BSU_01150","BSU_37070","RpsJ","RpmEA","rpsJ","rpmE","RpsJ","RpmE","BSU_01150","BSU_37070","string-db","224308.BSU37070/224308.BSU01150","physical","txid224308"
"BSU_01150","BSU_15980","RpsJ","Ffh","rpsJ","ffh","RpsJ","Ffh","BSU_01150","BSU_15980","string-db","224308.BSU15980/224308.BSU01150","physical","txid224308"
"BSU_01150","BSU_01350","RpsJ","RplO","rpsJ","rplO","RpsJ","RplO","BSU_01150","BSU_01350","string-db","224308.BSU01350/224308.BSU01150","physical","txid224308"
"BSU_01150","BSU_29740","RpsJ","CcpA","rpsJ","ccpA","RpsJ","CcpA","BSU_01150","BSU_29740","string-db","224308.BSU29740/224308.BSU01150","physical","txid224308"
"BSU_01150","BSU_27960","RpsJ","RplU","rpsJ","rplU","RpsJ","RplU","BSU_01150","BSU_27960","string-db","224308.BSU27960/224308.BSU01150","physical","txid224308"
"BSU_01150","BSU_27600","RpsJ","Rsh","rpsJ","BSU_27600","RpsJ","Rel","BSU_01150","BSU_27600","string-db","224308.BSU27600/224308.BSU01150","physical","txid224308"
"BSU_01150","BSU_41060","RpsJ","RpmH","rpsJ","rpmH","RpsJ","RpmH","BSU_01150","BSU_41060","string-db","224308.BSU41060/224308.BSU01150","physical","txid224308"
"BSU_01150","BSU_15080","RpsJ","RpmF","rpsJ","rpmF","RpsJ","RpmF","BSU_01150","BSU_15080","string-db","224308.BSU15080/224308.BSU01150","physical","txid224308"
"BSU_01150","BSU_16490","RpsJ","RpsB","rpsJ","rpsB","RpsJ","RpsB","BSU_01150","BSU_16490","subtiwiki","224308.BSU01150/224308.BSU16490","physical","txid224308"
"BSU_01150","BSU_25550","RpsJ","RpsT","rpsJ","BSU_25550","RpsJ","RpsT","BSU_01150","BSU_25550","string-db","224308.BSU25550/224308.BSU01150","physical","txid224308"
"BSU_01150","BSU_16040","RpsJ","RplS","rpsJ","rplS","RpsJ","RplS","BSU_01150","BSU_16040","string-db","224308.BSU16040/224308.BSU01150","physical","txid224308"
"BSU_01150","BSU_01340","RpsJ","RpmD","rpsJ","rpmD","RpsJ","RpmD","BSU_01150","BSU_01340","string-db","224308.BSU01340/224308.BSU01150","physical","txid224308"
"BSU_01150","BSU_24900","RpsJ","RpmGA","rpsJ","BSU_24900","RpsJ","RpmGA","BSU_01150","BSU_24900","string-db","224308.BSU24900/224308.BSU01150","physical","txid224308"
"BSU_01150","BSU_01250","RpsJ","RpsQ","rpsJ","rpsQ","RpsJ","RpsQ","BSU_01150","BSU_01250","string-db","224308.BSU01250/224308.BSU01150","physical","txid224308"
"BSU_01150","BSU_01310","RpsJ","RplF","rpsJ","rplF","RpsJ","RplF","BSU_01150","BSU_01310","string-db","224308.BSU01310/224308.BSU01150","physical","txid224308"
"BSU_01150","BSU_01200","RpsJ","RpsS","rpsJ","rpsS","RpsJ","RpsS","BSU_01150","BSU_01200","string-db","224308.BSU01200/224308.BSU01150","physical","txid224308"
"BSU_01150","BSU_01490","RpsJ","RplM","rpsJ","rplM","RpsJ","RplM","BSU_01150","BSU_01490","string-db","224308.BSU01490/224308.BSU01150","physical","txid224308"
"BSU_01150","BSU_23880","RpsJ","MifM","rpsJ","mifM","RpsJ","MifM","BSU_01150","BSU_23880","string-db","224308.BSU23880/224308.BSU01150","physical","txid224308"
"BSU_01150","BSU_01320","RpsJ","RplR","rpsJ","rplR","RpsJ","RplR","BSU_01150","BSU_01320","string-db","224308.BSU01320/224308.BSU01150","physical","txid224308"
"BSU_01150","BSU_16680","RpsJ","RpsO","rpsJ","rpsO","RpsJ","RpsO","BSU_01150","BSU_16680","string-db","224308.BSU16680/224308.BSU01150","physical","txid224308"
"BSU_01150","BSU_28850","RpsJ","RplT","rpsJ","rplT","RpsJ","RplT","BSU_01150","BSU_28850","string-db","224308.BSU28850/224308.BSU01150","physical","txid224308"
"BSU_01150","BSU_01300","RpsJ","RpsH","rpsJ","rpsH","RpsJ","RpsH","BSU_01150","BSU_01300","subtiwiki","224308.BSU01150/224308.BSU01300","physical","txid224308"
"BSU_01150","BSU_01220","RpsJ","RpsC","rpsJ","rpsC","RpsJ","RpsC","BSU_01150","BSU_01220","subtiwiki","224308.BSU01150/224308.BSU01220","physical","txid224308"
"BSU_01150","BSU_01420","RpsJ","RpsK","rpsJ","rpsK","RpsJ","RpsK","BSU_01150","BSU_01420","subtiwiki","224308.BSU01150/224308.BSU01420","physical","txid224308"
"BSU_01150","BSU_01280","RpsJ","RplE","rpsJ","rplE","RpsJ","RplE","BSU_01150","BSU_01280","string-db","224308.BSU01280/224308.BSU01150","physical","txid224308"
"BSU_01150","BSU_01260","RpsJ","RplNA","rpsJ","rplN","RpsJ","RplN","BSU_01150","BSU_01260","string-db","224308.BSU01260/224308.BSU01150","physical","txid224308"
"BSU_01150","BSU_01170","RpsJ","RplD","rpsJ","rplD","RpsJ","RplD","BSU_01150","BSU_01170","string-db","224308.BSU01170/224308.BSU01150","physical","txid224308"
"BSU_01410","BSU_35310","RpsM","Hpf","rpsM","hpf","RpsM","Hpf","BSU_01410","BSU_35310","string-db","224308.BSU35310/224308.BSU01410","physical","txid224308"
"BSU_01410","BSU_28870","RpsM","InfC","rpsM","infC","RpsM","InfC","BSU_01410","BSU_28870","subtiwiki","224308.BSU01410/224308.BSU28870","physical","txid224308"
"BSU_01410","BSU_27940","RpsM","RpmA","rpsM","rpmA","RpsM","RpmA","BSU_01410","BSU_27940","string-db","224308.BSU27940/224308.BSU01410","physical","txid224308"
"BSU_01410","BSU_15820","RpsM","RpmB","rpsM","rpmB","RpsM","RpmB","BSU_01410","BSU_15820","string-db","224308.BSU15820/224308.BSU01410","physical","txid224308"
"BSU_01410","BSU_01490","RpsM","RplM","rpsM","rplM","RpsM","RplM","BSU_01410","BSU_01490","string-db","224308.BSU01490/224308.BSU01410","physical","txid224308"
"BSU_01410","BSU_15080","RpsM","RpmF","rpsM","rpmF","RpsM","RpmF","BSU_01410","BSU_15080","subtiwiki","224308.BSU15080/224308.BSU01410","physical","txid224308"
"BSU_01410","BSU_01420","RpsM","RpsK","rpsM","rpsK","RpsM","RpsK","BSU_01410","BSU_01420","string-db","224308.BSU01420/224308.BSU01410","physical","txid224308"
"BSU_01410","BSU_23880","RpsM","MifM","rpsM","mifM","RpsM","MifM","BSU_01410","BSU_23880","string-db","224308.BSU23880/224308.BSU01410","physical","txid224308"
"BSU_01410","BSU_24900","RpsM","RpmGA","rpsM","BSU_24900","RpsM","RpmGA","BSU_01410","BSU_24900","string-db","224308.BSU24900/224308.BSU01410","physical","txid224308"
"BSU_01410","BSU_01500","RpsM","RpsI","rpsM","rpsI","RpsM","RpsI","BSU_01410","BSU_01500","string-db","224308.BSU01500/224308.BSU01410","physical","txid224308"
"BSU_01410","BSU_37070","RpsM","RpmEA","rpsM","rpmE","RpsM","RpmE","BSU_01410","BSU_37070","subtiwiki","224308.BSU37070/224308.BSU01410","physical","txid224308"
"BSU_01410","BSU_16680","RpsM","RpsO","rpsM","rpsO","RpsM","RpsO","BSU_01410","BSU_16680","subtiwiki","224308.BSU01410/224308.BSU16680","physical","txid224308"
"BSU_01410","BSU_28850","RpsM","RplT","rpsM","rplT","RpsM","RplT","BSU_01410","BSU_28850","string-db","224308.BSU28850/224308.BSU01410","physical","txid224308"
"BSU_01410","BSU_29660","RpsM","RpsD","rpsM","rpsD","RpsM","RpsD","BSU_01410","BSU_29660","string-db","224308.BSU29660/224308.BSU01410","physical","txid224308"
"BSU_01410","BSU_01440","RpsM","RplQ","rpsM","rplQ","RpsM","RplQ","BSU_01410","BSU_01440","string-db","224308.BSU01440/224308.BSU01410","physical","txid224308"
"BSU_01410","BSU_28860","RpsM","RpmI","rpsM","rpmI","RpsM","RpmI","BSU_01410","BSU_28860","string-db","224308.BSU28860/224308.BSU01410","physical","txid224308"
"BSU_01410","BSU_05610","RpsM","VmlR","rpsM","vmlR","RpsM","VmlR","BSU_01410","BSU_05610","string-db","224308.BSU05610/224308.BSU01410","physical","txid224308"
"BSU_01410","BSU_41060","RpsM","RpmH","rpsM","rpmH","RpsM","RpmH","BSU_01410","BSU_41060","string-db","224308.BSU41060/224308.BSU01410","physical","txid224308"
"BSU_01410","BSU_27600","RpsM","Rsh","rpsM","BSU_27600","RpsM","Rel","BSU_01410","BSU_27600","string-db","224308.BSU27600/224308.BSU01410","physical","txid224308"
"BSU_01410","BSU_25550","RpsM","RpsT","rpsM","BSU_25550","RpsM","RpsT","BSU_01410","BSU_25550","string-db","224308.BSU25550/224308.BSU01410","physical","txid224308"
"BSU_01410","BSU_40910","RpsM","RpsF","rpsM","rpsF","RpsM","RpsF","BSU_01410","BSU_40910","string-db","224308.BSU40910/224308.BSU01410","physical","txid224308"
"BSU_01410","BSU_16490","RpsM","RpsB","rpsM","rpsB","RpsM","RpsB","BSU_01410","BSU_16490","string-db","224308.BSU16490/224308.BSU01410","physical","txid224308"
"BSU_01410","BSU_15980","RpsM","Ffh","rpsM","ffh","RpsM","Ffh","BSU_01410","BSU_15980","string-db","224308.BSU15980/224308.BSU01410","physical","txid224308"
"BSU_01410","BSU_40500","RpsM","RplI","rpsM","BSU_40500","RpsM","RplI","BSU_01410","BSU_40500","string-db","224308.BSU40500/224308.BSU01410","physical","txid224308"
"BSU_01410","BSU_28580","RpsM","MutSB","rpsM","BSU_28580","RpsM","RqcU","BSU_01410","BSU_28580","string-db","224308.BSU28580/224308.BSU01410","physical","txid224308"
"BSU_01410","BSU_15990","RpsM","RpsP","rpsM","rpsP","RpsM","RpsP","BSU_01410","BSU_15990","subtiwiki","224308.BSU15990/224308.BSU01410","physical","txid224308"
"BSU_01410","BSU_40890","RpsM","RpsR","rpsM","rpsR","RpsM","RpsR","BSU_01410","BSU_40890","string-db","224308.BSU40890/224308.BSU01410","physical","txid224308"
"BSU_01410","BSU_16040","RpsM","RplS","rpsM","rplS","RpsM","RplS","BSU_01410","BSU_16040","string-db","224308.BSU16040/224308.BSU01410","physical","txid224308"
"BSU_01410","BSU_25410","RpsM","RpsU","rpsM","BSU_25410","RpsM","RpsU","BSU_01410","BSU_25410","string-db","224308.BSU25410/224308.BSU01410","physical","txid224308"
"BSU_01410","BSU_27960","RpsM","RplU","rpsM","rplU","RpsM","RplU","BSU_01410","BSU_27960","string-db","224308.BSU27960/224308.BSU01410","physical","txid224308"
"BSU_01030","BSU_01050","RplA","RplL","rplA","rplL","RplA","RplL","BSU_01030","BSU_01050","subtiwiki","224308.BSU01030/224308.BSU01050","physical","txid224308"
"BSU_01030","BSU_04580","RplA","CshA","rplA","BSU_04580","RplA","CshA","BSU_01030","BSU_04580","subtiwiki","224308.BSU01030/224308.BSU04580","physical","txid224308"
"BSU_01030","BSU_40500","RplA","RplI","rplA","BSU_40500","RplA","RplI","BSU_01030","BSU_40500","subtiwiki","224308.BSU01030/224308.BSU40500","physical","txid224308"
"BSU_01030","new_2477758_2477958_c","RplA","RpmGC","rplA","rpmGC","RplA","RpmGC","BSU_01030","new_2477758_2477958_c","subtiwiki","224308.BSU01030/224308.new24777582477958c","physical","txid224308"
"BSU_01030","BSU_01040","RplA","RplJ","rplA","rplJ","RplA","RplJ","BSU_01030","BSU_01040","subtiwiki","224308.BSU01030/224308.BSU01040","physical","txid224308"
"BSU_01030","BSU_00990","RplA","RpmGB","rplA","rpmGB","RplA","RpmGB","BSU_01030","BSU_00990","subtiwiki","224308.BSU01030/224308.BSU00990","physical","txid224308"
"BSU_01030","BSU_30700","RplA","RpmEB","rplA","rpmEB","RplA","RpmEB","BSU_01030","BSU_30700","subtiwiki","224308.BSU01030/224308.BSU30700","physical","txid224308"
"BSU_01030","BSU_15820","RplA","RpmB","rplA","rpmB","RplA","RpmB","BSU_01030","BSU_15820","subtiwiki","224308.BSU01030/224308.BSU15820","physical","txid224308"
"BSU_01030","BSU_01250","RplA","RpsQ","rplA","rpsQ","RplA","RpsQ","BSU_01030","BSU_01250","string-db","224308.BSU01250/224308.BSU01030","physical","txid224308"
"BSU_01030","BSU_01110","RplA","RpsG","rplA","rpsG","RplA","RpsG","BSU_01030","BSU_01110","string-db","224308.BSU01110/224308.BSU01030","physical","txid224308"
"BSU_01030","BSU_01330","RplA","RpsE","rplA","rpsE","RplA","RpsE","BSU_01030","BSU_01330","string-db","224308.BSU01330/224308.BSU01030","physical","txid224308"
"BSU_01030","BSU_01240","RplA","RpmC","rplA","rpmC","RplA","RpmC","BSU_01030","BSU_01240","subtiwiki","224308.BSU01030/224308.BSU01240","physical","txid224308"
"BSU_01030","BSU_41060","RplA","RpmH","rplA","rpmH","RplA","RpmH","BSU_01030","BSU_41060","subtiwiki","224308.BSU01030/224308.BSU41060","physical","txid224308"
"BSU_01030","BSU_01260","RplA","RplNA","rplA","rplN","RplA","RplN","BSU_01030","BSU_01260","subtiwiki","224308.BSU01260/224308.BSU01030","physical","txid224308"
"BSU_01030","BSU_24900","RplA","RpmGA","rplA","BSU_24900","RplA","RpmGA","BSU_01030","BSU_24900","subtiwiki","224308.BSU01030/224308.BSU24900","physical","txid224308"
"BSU_01030","BSU_01200","RplA","RpsS","rplA","rpsS","RplA","RpsS","BSU_01030","BSU_01200","string-db","224308.BSU01200/224308.BSU01030","physical","txid224308"
"BSU_01030","BSU_29660","RplA","RpsD","rplA","rpsD","RplA","RpsD","BSU_01030","BSU_29660","string-db","224308.BSU29660/224308.BSU01030","physical","txid224308"
"BSU_01030","BSU_15990","RplA","RpsP","rplA","rpsP","RplA","RpsP","BSU_01030","BSU_15990","string-db","224308.BSU15990/224308.BSU01030","physical","txid224308"
"BSU_01030","BSU_28190","RplA","YsxC","rplA","ysxC","RplA","YsxC","BSU_01030","BSU_28190","subtiwiki","224308.BSU01030/224308.BSU28190","physical","txid224308"
"BSU_01030","BSU_01300","RplA","RpsH","rplA","rpsH","RplA","RpsH","BSU_01030","BSU_01300","string-db","224308.BSU01300/224308.BSU01030","physical","txid224308"
"BSU_01030","BSU_37070","RplA","RpmEA","rplA","rpmE","RplA","RpmE","BSU_01030","BSU_37070","subtiwiki","224308.BSU37070/224308.BSU01030","physical","txid224308"
"BSU_01030","BSU_01100","RplA","RpsL","rplA","rpsL","RplA","RpsL","BSU_01030","BSU_01100","string-db","224308.BSU01100/224308.BSU01030","physical","txid224308"
"BSU_01030","BSU_01220","RplA","RpsC","rplA","rpsC","RplA","RpsC","BSU_01030","BSU_01220","string-db","224308.BSU01220/224308.BSU01030","physical","txid224308"
"BSU_01030","BSU_27960","RplA","RplU","rplA","rplU","RplA","RplU","BSU_01030","BSU_27960","subtiwiki","224308.BSU27960/224308.BSU01030","physical","txid224308"
"BSU_01030","BSU_01230","RplA","RplP","rplA","rplP","RplA","RplP","BSU_01030","BSU_01230","subtiwiki","224308.BSU01030/224308.BSU01230","physical","txid224308"
"BSU_01030","BSU_01170","RplA","RplD","rplA","rplD","RplA","RplD","BSU_01030","BSU_01170","subtiwiki","224308.BSU01170/224308.BSU01030","physical","txid224308"
"BSU_01030","BSU_01290","RplA","RpsNA","rplA","rpsN","RplA","RpsN","BSU_01030","BSU_01290","string-db","224308.BSU01290/224308.BSU01030","physical","txid224308"
"BSU_01030","BSU_01400","RplA","RpmJ","rplA","rpmJ","RplA","RpmJ","BSU_01030","BSU_01400","subtiwiki","224308.BSU01030/224308.BSU01400","physical","txid224308"
"BSU_01030","BSU_15080","RplA","RpmF","rplA","rpmF","RplA","RpmF","BSU_01030","BSU_15080","subtiwiki","224308.BSU01030/224308.BSU15080","physical","txid224308"
"BSU_01030","BSU_01500","RplA","RpsI","rplA","rpsI","RplA","RpsI","BSU_01030","BSU_01500","string-db","224308.BSU01500/224308.BSU01030","physical","txid224308"
"BSU_01030","BSU_27940","RplA","RpmA","rplA","rpmA","RplA","RpmA","BSU_01030","BSU_27940","subtiwiki","224308.BSU01030/224308.BSU27940","physical","txid224308"
"BSU_01030","BSU_28860","RplA","RpmI","rplA","rpmI","RplA","RpmI","BSU_01030","BSU_28860","subtiwiki","224308.BSU01030/224308.BSU28860","physical","txid224308"
"BSU_01030","BSU_16490","RplA","RpsB","rplA","rpsB","RplA","RpsB","BSU_01030","BSU_16490","string-db","224308.BSU16490/224308.BSU01030","physical","txid224308"
"BSU_01030","BSU_01190","RplA","RplB","rplA","rplB","RplA","RplB","BSU_01030","BSU_01190","subtiwiki","224308.BSU01030/224308.BSU01190","physical","txid224308"
"BSU_01030","BSU_05610","RplA","VmlR","rplA","vmlR","RplA","VmlR","BSU_01030","BSU_05610","string-db","224308.BSU05610/224308.BSU01030","physical","txid224308"
"BSU_01030","BSU_01310","RplA","RplF","rplA","rplF","RplA","RplF","BSU_01030","BSU_01310","subtiwiki","224308.BSU01310/224308.BSU01030","physical","txid224308"
"BSU_01030","BSU_25550","RplA","RpsT","rplA","BSU_25550","RplA","RpsT","BSU_01030","BSU_25550","string-db","224308.BSU25550/224308.BSU01030","physical","txid224308"
"BSU_01030","BSU_01180","RplA","RplW","rplA","rplW","RplA","RplW","BSU_01030","BSU_01180","subtiwiki","224308.BSU01030/224308.BSU01180","physical","txid224308"
"BSU_01030","BSU_01440","RplA","RplQ","rplA","rplQ","RplA","RplQ","BSU_01030","BSU_01440","subtiwiki","224308.BSU01440/224308.BSU01030","physical","txid224308"
"BSU_01030","BSU_01410","RplA","RpsM","rplA","rpsM","RplA","RpsM","BSU_01030","BSU_01410","string-db","224308.BSU01410/224308.BSU01030","physical","txid224308"
"BSU_01030","BSU_16040","RplA","RplS","rplA","rplS","RplA","RplS","BSU_01030","BSU_16040","subtiwiki","224308.BSU01030/224308.BSU16040","physical","txid224308"
"BSU_01030","BSU_01210","RplA","RplV","rplA","rplV","RplA","RplV","BSU_01030","BSU_01210","subtiwiki","224308.BSU01030/224308.BSU01210","physical","txid224308"
"BSU_01030","BSU_29740","RplA","CcpA","rplA","ccpA","RplA","CcpA","BSU_01030","BSU_29740","string-db","224308.BSU29740/224308.BSU01030","physical","txid224308"
"BSU_01030","BSU_01270","RplA","RplX","rplA","rplX","RplA","RplX","BSU_01030","BSU_01270","subtiwiki","224308.BSU01030/224308.BSU01270","physical","txid224308"
"BSU_01030","BSU_01150","RplA","RpsJ","rplA","rpsJ","RplA","RpsJ","BSU_01030","BSU_01150","string-db","224308.BSU01150/224308.BSU01030","physical","txid224308"
"BSU_01030","BSU_28850","RplA","RplT","rplA","rplT","RplA","RplT","BSU_01030","BSU_28850","subtiwiki","224308.BSU01030/224308.BSU28850","physical","txid224308"
"BSU_01030","BSU_40910","RplA","RpsF","rplA","rpsF","RplA","RpsF","BSU_01030","BSU_40910","string-db","224308.BSU40910/224308.BSU01030","physical","txid224308"
"BSU_01030","BSU_01420","RplA","RpsK","rplA","rpsK","RplA","RpsK","BSU_01030","BSU_01420","string-db","224308.BSU01420/224308.BSU01030","physical","txid224308"
"BSU_01030","BSU_01350","RplA","RplO","rplA","rplO","RplA","RplO","BSU_01030","BSU_01350","subtiwiki","224308.BSU01030/224308.BSU01350","physical","txid224308"
"BSU_01030","BSU_01280","RplA","RplE","rplA","rplE","RplA","RplE","BSU_01030","BSU_01280","subtiwiki","224308.BSU01030/224308.BSU01280","physical","txid224308"
"BSU_01030","BSU_40890","RplA","RpsR","rplA","rpsR","RplA","RpsR","BSU_01030","BSU_40890","string-db","224308.BSU40890/224308.BSU01030","physical","txid224308"
"BSU_01030","BSU_01490","RplA","RplM","rplA","rplM","RplA","RplM","BSU_01030","BSU_01490","subtiwiki","224308.BSU01030/224308.BSU01490","physical","txid224308"
"BSU_01030","BSU_01160","RplA","RplC","rplA","rplC","RplA","RplC","BSU_01030","BSU_01160","subtiwiki","224308.BSU01030/224308.BSU01160","physical","txid224308"
"BSU_01030","BSU_16680","RplA","RpsO","rplA","rpsO","RplA","RpsO","BSU_01030","BSU_16680","string-db","224308.BSU16680/224308.BSU01030","physical","txid224308"
"BSU_01030","BSU_01320","RplA","RplR","rplA","rplR","RplA","RplR","BSU_01030","BSU_01320","subtiwiki","224308.BSU01030/224308.BSU01320","physical","txid224308"
"BSU_01030","BSU_01340","RplA","RpmD","rplA","rpmD","RplA","RpmD","BSU_01030","BSU_01340","subtiwiki","224308.BSU01030/224308.BSU01340","physical","txid224308"
"BSU_37070","BSU_40500","RpmEA","RplI","rpmE","BSU_40500","RpmE","RplI","BSU_37070","BSU_40500","subtiwiki","224308.BSU37070/224308.BSU40500","physical","txid224308"
"BSU_37070","BSU_01050","RpmEA","RplL","rpmE","rplL","RpmE","RplL","BSU_37070","BSU_01050","subtiwiki","224308.BSU37070/224308.BSU01050","physical","txid224308"
"BSU_37070","BSU_01090","RpmEA","RplGB","rpmE","rplGB","RpmE","RplGB","BSU_37070","BSU_01090","subtiwiki","224308.BSU37070/224308.BSU01090","physical","txid224308"
"BSU_37070","BSU_00990","RpmEA","RpmGB","rpmE","rpmGB","RpmE","RpmGB","BSU_37070","BSU_00990","subtiwiki","224308.BSU37070/224308.BSU00990","physical","txid224308"
"BSU_37070","new_2477758_2477958_c","RpmEA","RpmGC","rpmE","rpmGC","RpmE","RpmGC","BSU_37070","new_2477758_2477958_c","subtiwiki","224308.BSU37070/224308.new24777582477958c","physical","txid224308"
"BSU_37070","BSU_00520","RpmEA","Ctc","rpmE","ctc","RpmE","Ctc","BSU_37070","BSU_00520","subtiwiki","224308.BSU37070/224308.BSU00520","physical","txid224308"
"BSU_37070","BSU_41060","RpmEA","RpmH","rpmE","rpmH","RpmE","RpmH","BSU_37070","BSU_41060","subtiwiki","224308.BSU37070/224308.BSU41060","physical","txid224308"
"BSU_37070","BSU_40890","RpmEA","RpsR","rpmE","rpsR","RpmE","RpsR","BSU_37070","BSU_40890","string-db","224308.BSU40890/224308.BSU37070","physical","txid224308"
"BSU_37070","BSU_40910","RpmEA","RpsF","rpmE","rpsF","RpmE","RpsF","BSU_37070","BSU_40910","string-db","224308.BSU40910/224308.BSU37070","physical","txid224308"
"BSU_01290","BSU_15080","RpsNA","RpmF","rpsN","rpmF","RpsN","RpmF","BSU_01290","BSU_15080","string-db","224308.BSU15080/224308.BSU01290","physical","txid224308"
"BSU_01290","BSU_27380","RpsNA","YrzB","rpsN","yrzB","RpsN","YrzB","BSU_01290","BSU_27380","subtiwiki","224308.BSU01290/224308.BSU27380","physical","txid224308"
"BSU_01290","BSU_31390","RpsNA","YugI","rpsN","yugI","RpsN","YugI","BSU_01290","BSU_31390","subtiwiki","224308.BSU01290/224308.BSU31390","physical","txid224308"
"BSU_01290","BSU_23880","RpsNA","MifM","rpsN","mifM","RpsN","MifM","BSU_01290","BSU_23880","string-db","224308.BSU23880/224308.BSU01290","physical","txid224308"
"BSU_01290","BSU_01300","RpsNA","RpsH","rpsN","rpsH","RpsN","RpsH","BSU_01290","BSU_01300","subtiwiki","224308.BSU01290/224308.BSU01300","physical","txid224308"
"BSU_01290","BSU_40890","RpsNA","RpsR","rpsN","rpsR","RpsN","RpsR","BSU_01290","BSU_40890","subtiwiki","224308.BSU01290/224308.BSU40890","physical","txid224308"
"BSU_01290","BSU_41060","RpsNA","RpmH","rpsN","rpmH","RpsN","RpmH","BSU_01290","BSU_41060","string-db","224308.BSU41060/224308.BSU01290","physical","txid224308"
"BSU_01290","BSU_16680","RpsNA","RpsO","rpsN","rpsO","RpsN","RpsO","BSU_01290","BSU_16680","subtiwiki","224308.BSU01290/224308.BSU16680","physical","txid224308"
"BSU_01290","BSU_35310","RpsNA","Hpf","rpsN","hpf","RpsN","Hpf","BSU_01290","BSU_35310","string-db","224308.BSU35310/224308.BSU01290","physical","txid224308"
"BSU_01290","BSU_25550","RpsNA","RpsT","rpsN","BSU_25550","RpsN","RpsT","BSU_01290","BSU_25550","subtiwiki","224308.BSU01290/224308.BSU25550","physical","txid224308"
"BSU_01290","BSU_28860","RpsNA","RpmI","rpsN","rpmI","RpsN","RpmI","BSU_01290","BSU_28860","string-db","224308.BSU28860/224308.BSU01290","physical","txid224308"
"BSU_01290","BSU_01440","RpsNA","RplQ","rpsN","rplQ","RpsN","RplQ","BSU_01290","BSU_01440","string-db","224308.BSU01440/224308.BSU01290","physical","txid224308"
"BSU_01290","BSU_29660","RpsNA","RpsD","rpsN","rpsD","RpsN","RpsD","BSU_01290","BSU_29660","subtiwiki","224308.BSU01290/224308.BSU29660","physical","txid224308"
"BSU_01290","BSU_01330","RpsNA","RpsE","rpsN","rpsE","RpsN","RpsE","BSU_01290","BSU_01330","subtiwiki","224308.BSU01290/224308.BSU01330","physical","txid224308"
"BSU_01290","BSU_27940","RpsNA","RpmA","rpsN","rpmA","RpsN","RpmA","BSU_01290","BSU_27940","string-db","224308.BSU27940/224308.BSU01290","physical","txid224308"
"BSU_01290","BSU_28580","RpsNA","MutSB","rpsN","BSU_28580","RpsN","RqcU","BSU_01290","BSU_28580","string-db","224308.BSU28580/224308.BSU01290","physical","txid224308"
"BSU_01290","BSU_25410","RpsNA","RpsU","rpsN","BSU_25410","RpsN","RpsU","BSU_01290","BSU_25410","subtiwiki","224308.BSU01290/224308.BSU25410","physical","txid224308"
"BSU_01290","BSU_37070","RpsNA","RpmEA","rpsN","rpmE","RpsN","RpmE","BSU_01290","BSU_37070","string-db","224308.BSU37070/224308.BSU01290","physical","txid224308"
"BSU_01290","BSU_40500","RpsNA","RplI","rpsN","BSU_40500","RpsN","RplI","BSU_01290","BSU_40500","string-db","224308.BSU40500/224308.BSU01290","physical","txid224308"
"BSU_01290","BSU_08880","RpsNA","RpsNB","rpsN","rpsNB","RpsN","RpsNB","BSU_01290","BSU_08880","string-db","224308.BSU08880/224308.BSU01290","physical","txid224308"
"BSU_01290","BSU_27600","RpsNA","Rsh","rpsN","BSU_27600","RpsN","Rel","BSU_01290","BSU_27600","string-db","224308.BSU27600/224308.BSU01290","physical","txid224308"
"BSU_01290","BSU_01410","RpsNA","RpsM","rpsN","rpsM","RpsN","RpsM","BSU_01290","BSU_01410","subtiwiki","224308.BSU01290/224308.BSU01410","physical","txid224308"
"BSU_01290","BSU_16490","RpsNA","RpsB","rpsN","rpsB","RpsN","RpsB","BSU_01290","BSU_16490","subtiwiki","224308.BSU01290/224308.BSU16490","physical","txid224308"
"BSU_01290","BSU_05610","RpsNA","VmlR","rpsN","vmlR","RpsN","VmlR","BSU_01290","BSU_05610","string-db","224308.BSU05610/224308.BSU01290","physical","txid224308"
"BSU_01290","BSU_27960","RpsNA","RplU","rpsN","rplU","RpsN","RplU","BSU_01290","BSU_27960","string-db","224308.BSU27960/224308.BSU01290","physical","txid224308"
"BSU_01290","BSU_16040","RpsNA","RplS","rpsN","rplS","RpsN","RplS","BSU_01290","BSU_16040","string-db","224308.BSU16040/224308.BSU01290","physical","txid224308"
"BSU_01290","BSU_15820","RpsNA","RpmB","rpsN","rpmB","RpsN","RpmB","BSU_01290","BSU_15820","string-db","224308.BSU15820/224308.BSU01290","physical","txid224308"
"BSU_01290","BSU_01350","RpsNA","RplO","rpsN","rplO","RpsN","RplO","BSU_01290","BSU_01350","string-db","224308.BSU01350/224308.BSU01290","physical","txid224308"
"BSU_01290","BSU_01420","RpsNA","RpsK","rpsN","rpsK","RpsN","RpsK","BSU_01290","BSU_01420","subtiwiki","224308.BSU01290/224308.BSU01420","physical","txid224308"
"BSU_01290","BSU_01490","RpsNA","RplM","rpsN","rplM","RpsN","RplM","BSU_01290","BSU_01490","string-db","224308.BSU01490/224308.BSU01290","physical","txid224308"
"BSU_01290","BSU_01340","RpsNA","RpmD","rpsN","rpmD","RpsN","RpmD","BSU_01290","BSU_01340","string-db","224308.BSU01340/224308.BSU01290","physical","txid224308"
"BSU_01290","BSU_28850","RpsNA","RplT","rpsN","rplT","RpsN","RplT","BSU_01290","BSU_28850","string-db","224308.BSU28850/224308.BSU01290","physical","txid224308"
"BSU_01290","BSU_01310","RpsNA","RplF","rpsN","rplF","RpsN","RplF","BSU_01290","BSU_01310","string-db","224308.BSU01310/224308.BSU01290","physical","txid224308"
"BSU_01290","BSU_01400","RpsNA","RpmJ","rpsN","rpmJ","RpsN","RpmJ","BSU_01290","BSU_01400","string-db","224308.BSU01400/224308.BSU01290","physical","txid224308"
"BSU_01290","BSU_15980","RpsNA","Ffh","rpsN","ffh","RpsN","Ffh","BSU_01290","BSU_15980","string-db","224308.BSU15980/224308.BSU01290","physical","txid224308"
"BSU_01290","BSU_01320","RpsNA","RplR","rpsN","rplR","RpsN","RplR","BSU_01290","BSU_01320","string-db","224308.BSU01320/224308.BSU01290","physical","txid224308"
"BSU_01290","BSU_24900","RpsNA","RpmGA","rpsN","BSU_24900","RpsN","RpmGA","BSU_01290","BSU_24900","string-db","224308.BSU24900/224308.BSU01290","physical","txid224308"
"BSU_01290","BSU_01500","RpsNA","RpsI","rpsN","rpsI","RpsN","RpsI","BSU_01290","BSU_01500","subtiwiki","224308.BSU01290/224308.BSU01500","physical","txid224308"
"BSU_01290","BSU_15990","RpsNA","RpsP","rpsN","rpsP","RpsN","RpsP","BSU_01290","BSU_15990","subtiwiki","224308.BSU01290/224308.BSU15990","physical","txid224308"
"BSU_01290","BSU_40910","RpsNA","RpsF","rpsN","rpsF","RpsN","RpsF","BSU_01290","BSU_40910","subtiwiki","224308.BSU01290/224308.BSU40910","physical","txid224308"
"BSU_01100","BSU_15820","RpsL","RpmB","rpsL","rpmB","RpsL","RpmB","BSU_01100","BSU_15820","string-db","224308.BSU15820/224308.BSU01100","physical","txid224308"
"BSU_01100","BSU_16590","RpsL","YlxS","rpsL","ylxS","RpsL","YlxS","BSU_01100","BSU_16590","subtiwiki","224308.BSU01100/224308.BSU16590","physical","txid224308"
"BSU_01100","BSU_27380","RpsL","YrzB","rpsL","yrzB","RpsL","YrzB","BSU_01100","BSU_27380","subtiwiki","224308.BSU01100/224308.BSU27380","physical","txid224308"
"BSU_01100","BSU_16020","RpsL","RimM","rpsL","rimM","RpsL","RimM","BSU_01100","BSU_16020","subtiwiki","224308.BSU01100/224308.BSU16020","physical","txid224308"
"BSU_01100","BSU_01120","RpsL","FusA","rpsL","fusA","RpsL","FusA","BSU_01100","BSU_01120","subtiwiki","224308.BSU01100/224308.BSU01120","physical","txid224308"
"BSU_01100","BSU_01490","RpsL","RplM","rpsL","rplM","RpsL","RplM","BSU_01100","BSU_01490","subtiwiki","224308.BSU01100/224308.BSU01490","physical","txid224308"
"BSU_01100","BSU_01260","RpsL","RplNA","rpsL","rplN","RpsL","RplN","BSU_01100","BSU_01260","subtiwiki","224308.BSU01100/224308.BSU01260","physical","txid224308"
"BSU_01100","BSU_01250","RpsL","RpsQ","rpsL","rpsQ","RpsL","RpsQ","BSU_01100","BSU_01250","subtiwiki","224308.BSU01100/224308.BSU01250","physical","txid224308"
"BSU_01100","BSU_27960","RpsL","RplU","rpsL","rplU","RpsL","RplU","BSU_01100","BSU_27960","string-db","224308.BSU27960/224308.BSU01100","physical","txid224308"
"BSU_01100","BSU_16490","RpsL","RpsB","rpsL","rpsB","RpsL","RpsB","BSU_01100","BSU_16490","subtiwiki","224308.BSU01100/224308.BSU16490","physical","txid224308"
"BSU_01100","BSU_01200","RpsL","RpsS","rpsL","rpsS","RpsL","RpsS","BSU_01100","BSU_01200","subtiwiki","224308.BSU01100/224308.BSU01200","physical","txid224308"
"BSU_01100","BSU_28860","RpsL","RpmI","rpsL","rpmI","RpsL","RpmI","BSU_01100","BSU_28860","string-db","224308.BSU28860/224308.BSU01100","physical","txid224308"
"BSU_01100","BSU_15080","RpsL","RpmF","rpsL","rpmF","RpsL","RpmF","BSU_01100","BSU_15080","string-db","224308.BSU15080/224308.BSU01100","physical","txid224308"
"BSU_01100","BSU_01170","RpsL","RplD","rpsL","rplD","RpsL","RplD","BSU_01100","BSU_01170","string-db","224308.BSU01170/224308.BSU01100","physical","txid224308"
"BSU_01100","BSU_25550","RpsL","RpsT","rpsL","BSU_25550","RpsL","RpsT","BSU_01100","BSU_25550","subtiwiki","224308.BSU01100/224308.BSU25550","physical","txid224308"
"BSU_01100","BSU_27940","RpsL","RpmA","rpsL","rpmA","RpsL","RpmA","BSU_01100","BSU_27940","string-db","224308.BSU27940/224308.BSU01100","physical","txid224308"
"BSU_01100","BSU_28580","RpsL","MutSB","rpsL","BSU_28580","RpsL","RqcU","BSU_01100","BSU_28580","string-db","224308.BSU28580/224308.BSU01100","physical","txid224308"
"BSU_01100","BSU_01300","RpsL","RpsH","rpsL","rpsH","RpsL","RpsH","BSU_01100","BSU_01300","subtiwiki","224308.BSU01100/224308.BSU01300","physical","txid224308"
"BSU_01100","BSU_01420","RpsL","RpsK","rpsL","rpsK","RpsL","RpsK","BSU_01100","BSU_01420","subtiwiki","224308.BSU01100/224308.BSU01420","physical","txid224308"
"BSU_01100","BSU_27600","RpsL","Rsh","rpsL","BSU_27600","RpsL","Rel","BSU_01100","BSU_27600","string-db","224308.BSU27600/224308.BSU01100","physical","txid224308"
"BSU_01100","BSU_01180","RpsL","RplW","rpsL","rplW","RpsL","RplW","BSU_01100","BSU_01180","string-db","224308.BSU01180/224308.BSU01100","physical","txid224308"
"BSU_01100","BSU_01230","RpsL","RplP","rpsL","rplP","RpsL","RplP","BSU_01100","BSU_01230","string-db","224308.BSU01230/224308.BSU01100","physical","txid224308"
"BSU_01100","BSU_41060","RpsL","RpmH","rpsL","rpmH","RpsL","RpmH","BSU_01100","BSU_41060","string-db","224308.BSU41060/224308.BSU01100","physical","txid224308"
"BSU_01100","BSU_01280","RpsL","RplE","rpsL","rplE","RpsL","RplE","BSU_01100","BSU_01280","string-db","224308.BSU01280/224308.BSU01100","physical","txid224308"
"BSU_01100","BSU_37070","RpsL","RpmEA","rpsL","rpmE","RpsL","RpmE","BSU_01100","BSU_37070","string-db","224308.BSU37070/224308.BSU01100","physical","txid224308"
"BSU_01100","BSU_01440","RpsL","RplQ","rpsL","rplQ","RpsL","RplQ","BSU_01100","BSU_01440","string-db","224308.BSU01440/224308.BSU01100","physical","txid224308"
"BSU_01100","BSU_01350","RpsL","RplO","rpsL","rplO","RpsL","RplO","BSU_01100","BSU_01350","string-db","224308.BSU01350/224308.BSU01100","physical","txid224308"
"BSU_01100","BSU_29660","RpsL","RpsD","rpsL","rpsD","RpsL","RpsD","BSU_01100","BSU_29660","subtiwiki","224308.BSU01100/224308.BSU29660","physical","txid224308"
"BSU_01100","BSU_01410","RpsL","RpsM","rpsL","rpsM","RpsL","RpsM","BSU_01100","BSU_01410","subtiwiki","224308.BSU01100/224308.BSU01410","physical","txid224308"
"BSU_01100","BSU_01270","RpsL","RplX","rpsL","rplX","RpsL","RplX","BSU_01100","BSU_01270","string-db","224308.BSU01270/224308.BSU01100","physical","txid224308"
"BSU_01100","BSU_15980","RpsL","Ffh","rpsL","ffh","RpsL","Ffh","BSU_01100","BSU_15980","string-db","224308.BSU15980/224308.BSU01100","physical","txid224308"
"BSU_01100","BSU_01240","RpsL","RpmC","rpsL","rpmC","RpsL","RpmC","BSU_01100","BSU_01240","string-db","224308.BSU01240/224308.BSU01100","physical","txid224308"
"BSU_01100","BSU_35310","RpsL","Hpf","rpsL","hpf","RpsL","Hpf","BSU_01100","BSU_35310","string-db","224308.BSU35310/224308.BSU01100","physical","txid224308"
"BSU_01100","BSU_24900","RpsL","RpmGA","rpsL","BSU_24900","RpsL","RpmGA","BSU_01100","BSU_24900","string-db","224308.BSU24900/224308.BSU01100","physical","txid224308"
"BSU_01100","BSU_16680","RpsL","RpsO","rpsL","rpsO","RpsL","RpsO","BSU_01100","BSU_16680","subtiwiki","224308.BSU01100/224308.BSU16680","physical","txid224308"
"BSU_01100","BSU_05610","RpsL","VmlR","rpsL","vmlR","RpsL","VmlR","BSU_01100","BSU_05610","string-db","224308.BSU05610/224308.BSU01100","physical","txid224308"
"BSU_01100","BSU_23880","RpsL","MifM","rpsL","mifM","RpsL","MifM","BSU_01100","BSU_23880","string-db","224308.BSU23880/224308.BSU01100","physical","txid224308"
"BSU_01100","BSU_01220","RpsL","RpsC","rpsL","rpsC","RpsL","RpsC","BSU_01100","BSU_01220","subtiwiki","224308.BSU01100/224308.BSU01220","physical","txid224308"
"BSU_01100","BSU_01210","RpsL","RplV","rpsL","rplV","RpsL","RplV","BSU_01100","BSU_01210","string-db","224308.BSU01210/224308.BSU01100","physical","txid224308"
"BSU_01100","BSU_28850","RpsL","RplT","rpsL","rplT","RpsL","RplT","BSU_01100","BSU_28850","string-db","224308.BSU28850/224308.BSU01100","physical","txid224308"
"BSU_01100","BSU_16040","RpsL","RplS","rpsL","rplS","RpsL","RplS","BSU_01100","BSU_16040","string-db","224308.BSU16040/224308.BSU01100","physical","txid224308"
"BSU_01100","BSU_01320","RpsL","RplR","rpsL","rplR","RpsL","RplR","BSU_01100","BSU_01320","string-db","224308.BSU01320/224308.BSU01100","physical","txid224308"
"BSU_01100","BSU_01400","RpsL","RpmJ","rpsL","rpmJ","RpsL","RpmJ","BSU_01100","BSU_01400","string-db","224308.BSU01400/224308.BSU01100","physical","txid224308"
"BSU_01100","BSU_01190","RpsL","RplB","rpsL","rplB","RpsL","RplB","BSU_01100","BSU_01190","string-db","224308.BSU01190/224308.BSU01100","physical","txid224308"
"BSU_01100","BSU_40910","RpsL","RpsF","rpsL","rpsF","RpsL","RpsF","BSU_01100","BSU_40910","subtiwiki","224308.BSU01100/224308.BSU40910","physical","txid224308"
"BSU_01100","BSU_25410","RpsL","RpsU","rpsL","BSU_25410","RpsL","RpsU","BSU_01100","BSU_25410","subtiwiki","224308.BSU01100/224308.BSU25410","physical","txid224308"
"BSU_01100","BSU_01500","RpsL","RpsI","rpsL","rpsI","RpsL","RpsI","BSU_01100","BSU_01500","subtiwiki","224308.BSU01100/224308.BSU01500","physical","txid224308"
"BSU_01100","BSU_15990","RpsL","RpsP","rpsL","rpsP","RpsL","RpsP","BSU_01100","BSU_15990","subtiwiki","224308.BSU01100/224308.BSU15990","physical","txid224308"
"BSU_01100","BSU_01160","RpsL","RplC","rpsL","rplC","RpsL","RplC","BSU_01100","BSU_01160","string-db","224308.BSU01160/224308.BSU01100","physical","txid224308"
"BSU_01100","BSU_40890","RpsL","RpsR","rpsL","rpsR","RpsL","RpsR","BSU_01100","BSU_40890","subtiwiki","224308.BSU01100/224308.BSU40890","physical","txid224308"
"BSU_01100","BSU_01290","RpsL","RpsNA","rpsL","rpsN","RpsL","RpsN","BSU_01100","BSU_01290","subtiwiki","224308.BSU01290/224308.BSU01100","physical","txid224308"
"BSU_01100","BSU_01150","RpsL","RpsJ","rpsL","rpsJ","RpsL","RpsJ","BSU_01100","BSU_01150","subtiwiki","224308.BSU01100/224308.BSU01150","physical","txid224308"
"BSU_01100","BSU_01310","RpsL","RplF","rpsL","rplF","RpsL","RplF","BSU_01100","BSU_01310","string-db","224308.BSU01310/224308.BSU01100","physical","txid224308"
"BSU_01100","BSU_01330","RpsL","RpsE","rpsL","rpsE","RpsL","RpsE","BSU_01100","BSU_01330","subtiwiki","224308.BSU01100/224308.BSU01330","physical","txid224308"
"BSU_01100","BSU_40500","RpsL","RplI","rpsL","BSU_40500","RpsL","RplI","BSU_01100","BSU_40500","string-db","224308.BSU40500/224308.BSU01100","physical","txid224308"
"BSU_01100","BSU_01110","RpsL","RpsG","rpsL","rpsG","RpsL","RpsG","BSU_01100","BSU_01110","subtiwiki","224308.BSU01100/224308.BSU01110","physical","txid224308"
"BSU_01100","BSU_01340","RpsL","RpmD","rpsL","rpmD","RpsL","RpmD","BSU_01100","BSU_01340","string-db","224308.BSU01340/224308.BSU01100","physical","txid224308"
"BSU_23880","BSU_41040","MifM","OxaAA","mifM","yidC1","MifM","YidC1","BSU_23880","BSU_41040","subtiwiki","224308.BSU23880/224308.BSU41040","physical","txid224308"
"BSU_23880","BSU_41060","MifM","RpmH","mifM","rpmH","MifM","RpmH","BSU_23880","BSU_41060","string-db","224308.BSU41060/224308.BSU23880","physical","txid224308"
"BSU_23880","BSU_27940","MifM","RpmA","mifM","rpmA","MifM","RpmA","BSU_23880","BSU_27940","string-db","224308.BSU27940/224308.BSU23880","physical","txid224308"
"BSU_23880","BSU_37070","MifM","RpmEA","mifM","rpmE","MifM","RpmE","BSU_23880","BSU_37070","string-db","224308.BSU37070/224308.BSU23880","physical","txid224308"
"BSU_23880","BSU_28850","MifM","RplT","mifM","rplT","MifM","RplT","BSU_23880","BSU_28850","string-db","224308.BSU28850/224308.BSU23880","physical","txid224308"
"BSU_23880","BSU_28860","MifM","RpmI","mifM","rpmI","MifM","RpmI","BSU_23880","BSU_28860","string-db","224308.BSU28860/224308.BSU23880","physical","txid224308"
"BSU_23880","BSU_25550","MifM","RpsT","mifM","BSU_25550","MifM","RpsT","BSU_23880","BSU_25550","string-db","224308.BSU25550/224308.BSU23880","physical","txid224308"
"BSU_23880","BSU_27960","MifM","RplU","mifM","rplU","MifM","RplU","BSU_23880","BSU_27960","string-db","224308.BSU27960/224308.BSU23880","physical","txid224308"
"BSU_23880","BSU_40500","MifM","RplI","mifM","BSU_40500","MifM","RplI","BSU_23880","BSU_40500","string-db","224308.BSU40500/224308.BSU23880","physical","txid224308"
"BSU_23880","BSU_24900","MifM","RpmGA","mifM","BSU_24900","MifM","RpmGA","BSU_23880","BSU_24900","string-db","224308.BSU24900/224308.BSU23880","physical","txid224308"
"BSU_23880","BSU_40890","MifM","RpsR","mifM","rpsR","MifM","RpsR","BSU_23880","BSU_40890","string-db","224308.BSU40890/224308.BSU23880","physical","txid224308"
"BSU_23880","BSU_29660","MifM","RpsD","mifM","rpsD","MifM","RpsD","BSU_23880","BSU_29660","string-db","224308.BSU29660/224308.BSU23880","physical","txid224308"
"BSU_23880","BSU_40910","MifM","RpsF","mifM","rpsF","MifM","RpsF","BSU_23880","BSU_40910","string-db","224308.BSU40910/224308.BSU23880","physical","txid224308"
"BSU_40910","BSU_41060","RpsF","RpmH","rpsF","rpmH","RpsF","RpmH","BSU_40910","BSU_41060","string-db","224308.BSU41060/224308.BSU40910","physical","txid224308"
"BSU_15990","BSU_40500","RpsP","RplI","rpsP","BSU_40500","RpsP","RplI","BSU_15990","BSU_40500","string-db","224308.BSU40500/224308.BSU15990","physical","txid224308"
"BSU_15990","BSU_06240","RpsP","BdhA","rpsP","bdhA","RpsP","BdhA","BSU_15990","BSU_06240","subtiwiki","224308.BSU15990/224308.BSU06240","physical","txid224308"
"BSU_15990","BSU_15970","RpsP","YlxM","rpsP","ylxM","RpsP","YlxM","BSU_15990","BSU_15970","subtiwiki","224308.BSU15990/224308.BSU15970","physical","txid224308"
"BSU_15990","BSU_28580","RpsP","MutSB","rpsP","BSU_28580","RpsP","RqcU","BSU_15990","BSU_28580","string-db","224308.BSU28580/224308.BSU15990","physical","txid224308"
"BSU_15990","BSU_28850","RpsP","RplT","rpsP","rplT","RpsP","RplT","BSU_15990","BSU_28850","string-db","224308.BSU28850/224308.BSU15990","physical","txid224308"
"BSU_15990","BSU_27940","RpsP","RpmA","rpsP","rpmA","RpsP","RpmA","BSU_15990","BSU_27940","string-db","224308.BSU27940/224308.BSU15990","physical","txid224308"
"BSU_15990","BSU_25550","RpsP","RpsT","rpsP","BSU_25550","RpsP","RpsT","BSU_15990","BSU_25550","subtiwiki","224308.BSU15990/224308.BSU25550","physical","txid224308"
"BSU_15990","BSU_23880","RpsP","MifM","rpsP","mifM","RpsP","MifM","BSU_15990","BSU_23880","string-db","224308.BSU23880/224308.BSU15990","physical","txid224308"
"BSU_15990","BSU_41060","RpsP","RpmH","rpsP","rpmH","RpsP","RpmH","BSU_15990","BSU_41060","string-db","224308.BSU41060/224308.BSU15990","physical","txid224308"
"BSU_15990","BSU_16490","RpsP","RpsB","rpsP","rpsB","RpsP","RpsB","BSU_15990","BSU_16490","subtiwiki","224308.BSU15990/224308.BSU16490","physical","txid224308"
"BSU_15990","BSU_16040","RpsP","RplS","rpsP","rplS","RpsP","RplS","BSU_15990","BSU_16040","string-db","224308.BSU16040/224308.BSU15990","physical","txid224308"
"BSU_15990","BSU_24900","RpsP","RpmGA","rpsP","BSU_24900","RpsP","RpmGA","BSU_15990","BSU_24900","string-db","224308.BSU24900/224308.BSU15990","physical","txid224308"
"BSU_15990","BSU_27960","RpsP","RplU","rpsP","rplU","RpsP","RplU","BSU_15990","BSU_27960","string-db","224308.BSU27960/224308.BSU15990","physical","txid224308"
"BSU_15990","BSU_27600","RpsP","Rsh","rpsP","BSU_27600","RpsP","Rel","BSU_15990","BSU_27600","string-db","224308.BSU27600/224308.BSU15990","physical","txid224308"
"BSU_15990","BSU_35310","RpsP","Hpf","rpsP","hpf","RpsP","Hpf","BSU_15990","BSU_35310","string-db","224308.BSU35310/224308.BSU15990","physical","txid224308"
"BSU_15990","BSU_28860","RpsP","RpmI","rpsP","rpmI","RpsP","RpmI","BSU_15990","BSU_28860","string-db","224308.BSU28860/224308.BSU15990","physical","txid224308"
"BSU_15990","BSU_29660","RpsP","RpsD","rpsP","rpsD","RpsP","RpsD","BSU_15990","BSU_29660","subtiwiki","224308.BSU15990/224308.BSU29660","physical","txid224308"
"BSU_15990","BSU_25410","RpsP","RpsU","rpsP","BSU_25410","RpsP","RpsU","BSU_15990","BSU_25410","subtiwiki","224308.BSU15990/224308.BSU25410","physical","txid224308"
"BSU_15990","BSU_40890","RpsP","RpsR","rpsP","rpsR","RpsP","RpsR","BSU_15990","BSU_40890","subtiwiki","224308.BSU15990/224308.BSU40890","physical","txid224308"
"BSU_15990","BSU_16680","RpsP","RpsO","rpsP","rpsO","RpsP","RpsO","BSU_15990","BSU_16680","subtiwiki","224308.BSU15990/224308.BSU16680","physical","txid224308"
"BSU_15990","BSU_37070","RpsP","RpmEA","rpsP","rpmE","RpsP","RpmE","BSU_15990","BSU_37070","string-db","224308.BSU37070/224308.BSU15990","physical","txid224308"
"BSU_15990","BSU_40910","RpsP","RpsF","rpsP","rpsF","RpsP","RpsF","BSU_15990","BSU_40910","subtiwiki","224308.BSU15990/224308.BSU40910","physical","txid224308"
"BSU_05610","BSU_15820","VmlR","RpmB","vmlR","rpmB","VmlR","RpmB","BSU_05610","BSU_15820","string-db","224308.BSU15820/224308.BSU05610","physical","txid224308"
"BSU_05610","BSU_25550","VmlR","RpsT","vmlR","BSU_25550","VmlR","RpsT","BSU_05610","BSU_25550","string-db","224308.BSU25550/224308.BSU05610","physical","txid224308"
"BSU_05610","BSU_27960","VmlR","RplU","vmlR","rplU","VmlR","RplU","BSU_05610","BSU_27960","string-db","224308.BSU27960/224308.BSU05610","physical","txid224308"
"BSU_05610","BSU_29660","VmlR","RpsD","vmlR","rpsD","VmlR","RpsD","BSU_05610","BSU_29660","string-db","224308.BSU29660/224308.BSU05610","physical","txid224308"
"BSU_05610","BSU_16490","VmlR","RpsB","vmlR","rpsB","VmlR","RpsB","BSU_05610","BSU_16490","string-db","224308.BSU16490/224308.BSU05610","physical","txid224308"
"BSU_05610","BSU_16040","VmlR","RplS","vmlR","rplS","VmlR","RplS","BSU_05610","BSU_16040","string-db","224308.BSU16040/224308.BSU05610","physical","txid224308"
"BSU_05610","BSU_40910","VmlR","RpsF","vmlR","rpsF","VmlR","RpsF","BSU_05610","BSU_40910","string-db","224308.BSU40910/224308.BSU05610","physical","txid224308"
"BSU_05610","BSU_28850","VmlR","RplT","vmlR","rplT","VmlR","RplT","BSU_05610","BSU_28850","string-db","224308.BSU28850/224308.BSU05610","physical","txid224308"
"BSU_05610","BSU_15080","VmlR","RpmF","vmlR","rpmF","VmlR","RpmF","BSU_05610","BSU_15080","string-db","224308.BSU15080/224308.BSU05610","physical","txid224308"
"BSU_05610","BSU_28860","VmlR","RpmI","vmlR","rpmI","VmlR","RpmI","BSU_05610","BSU_28860","string-db","224308.BSU28860/224308.BSU05610","physical","txid224308"
"BSU_05610","BSU_40890","VmlR","RpsR","vmlR","rpsR","VmlR","RpsR","BSU_05610","BSU_40890","string-db","224308.BSU40890/224308.BSU05610","physical","txid224308"
"BSU_05610","BSU_41060","VmlR","RpmH","vmlR","rpmH","VmlR","RpmH","BSU_05610","BSU_41060","string-db","224308.BSU41060/224308.BSU05610","physical","txid224308"
"BSU_05610","BSU_15990","VmlR","RpsP","vmlR","rpsP","VmlR","RpsP","BSU_05610","BSU_15990","string-db","224308.BSU15990/224308.BSU05610","physical","txid224308"
"BSU_05610","BSU_27940","VmlR","RpmA","vmlR","rpmA","VmlR","RpmA","BSU_05610","BSU_27940","string-db","224308.BSU27940/224308.BSU05610","physical","txid224308"
"BSU_05610","BSU_24900","VmlR","RpmGA","vmlR","BSU_24900","VmlR","RpmGA","BSU_05610","BSU_24900","string-db","224308.BSU24900/224308.BSU05610","physical","txid224308"
"BSU_05610","BSU_16680","VmlR","RpsO","vmlR","rpsO","VmlR","RpsO","BSU_05610","BSU_16680","string-db","224308.BSU16680/224308.BSU05610","physical","txid224308"
"BSU_05610","BSU_37070","VmlR","RpmEA","vmlR","rpmE","VmlR","RpmE","BSU_05610","BSU_37070","string-db","224308.BSU37070/224308.BSU05610","physical","txid224308"
"BSU_01050","BSU_29740","RplL","CcpA","rplL","ccpA","RplL","CcpA","BSU_01050","BSU_29740","string-db","224308.BSU29740/224308.BSU01050","physical","txid224308"
"BSU_01050","BSU_28190","RplL","YsxC","rplL","ysxC","RplL","YsxC","BSU_01050","BSU_28190","subtiwiki","224308.BSU28190/224308.BSU01050","physical","txid224308"
"BSU_01050","BSU_41060","RplL","RpmH","rplL","rpmH","RplL","RpmH","BSU_01050","BSU_41060","subtiwiki","224308.BSU01050/224308.BSU41060","physical","txid224308"
"BSU_01050","BSU_01280","RplL","RplE","rplL","rplE","RplL","RplE","BSU_01050","BSU_01280","subtiwiki","224308.BSU01050/224308.BSU01280","physical","txid224308"
"BSU_01050","BSU_01400","RplL","RpmJ","rplL","rpmJ","RplL","RpmJ","BSU_01050","BSU_01400","subtiwiki","224308.BSU01050/224308.BSU01400","physical","txid224308"
"BSU_01050","BSU_01210","RplL","RplV","rplL","rplV","RplL","RplV","BSU_01050","BSU_01210","subtiwiki","224308.BSU01050/224308.BSU01210","physical","txid224308"
"BSU_01050","BSU_01160","RplL","RplC","rplL","rplC","RplL","RplC","BSU_01050","BSU_01160","subtiwiki","224308.BSU01050/224308.BSU01160","physical","txid224308"
"BSU_01050","BSU_01020","RplL","RplK","rplL","rplK","RplL","RplK","BSU_01050","BSU_01020","subtiwiki","224308.BSU01050/224308.BSU01020","physical","txid224308"
"BSU_01050","BSU_09100","RplL","CspB","rplL","cspB","RplL","CspB","BSU_01050","BSU_09100","subtiwiki","224308.BSU01050/224308.BSU09100","physical","txid224308"
"BSU_11500","BSU_14540","SpxA","RnpZA","spx","rpoY","Spx","RpoY","BSU_11500","BSU_14540","string-db","224308.BSU14540/224308.BSU11500","physical","txid224308"
"BSU_11500","BSU_25200","SpxA","SigA","spx","sigA","Spx","SigA","BSU_11500","BSU_25200","subtiwiki","224308.BSU11500/224308.BSU25200","physical","txid224308"
"BSU_11500","BSU_11550","SpxA","YjbH","spx","spxH","Spx","SpxH","BSU_11500","BSU_11550","subtiwiki","224308.BSU11500/224308.BSU11550","physical","txid224308"
"BSU_11500","BSU_37160","SpxA","RpoE","spx","rpoE","Spx","RpoE","BSU_11500","BSU_37160","string-db","224308.BSU37160/224308.BSU11500","physical","txid224308"
"BSU_11500","BSU_15690","SpxA","RpoZ","spx","yloH","Spx","YloH","BSU_11500","BSU_15690","string-db","224308.BSU15690/224308.BSU11500","physical","txid224308"
"BSU_11500","BSU_34540","SpxA","ClpP","spx","clpP","Spx","ClpP","BSU_11500","BSU_34540","subtiwiki","224308.BSU11500/224308.BSU34540","physical","txid224308"
"BSU_24020","BSU_25200","BmrR","SigA","bmrR","sigA","BmrR","SigA","BSU_24020","BSU_25200","string-db","224308.BSU25200/224308.BSU24020","physical","txid224308"
"BSU_25200","BSU_37160","SigA","RpoE","sigA","rpoE","SigA","RpoE","BSU_25200","BSU_37160","string-db","224308.BSU37160/224308.BSU25200","physical","txid224308"
"BSU_25200","BSU_misc_RNA_32","SigA","BsrB","sigA","BSU_misc_RNA_32","SigA","BsrB","BSU_25200","BSU_misc_RNA_32","subtiwiki","224308.BSU25200/224308.BSUmiscRNA32","physical","txid224308"
"BSU_25200","BSU_misc_RNA_41","SigA","BsrA","sigA","BSU_misc_RNA_41","SigA","BsrA","BSU_25200","BSU_misc_RNA_41","subtiwiki","224308.BSU25200/224308.BSUmiscRNA41","physical","txid224308"
"BSU_25200","BSU_31680","SigA","ComA","sigA","comA","SigA","ComA","BSU_25200","BSU_31680","subtiwiki","224308.BSU25200/224308.BSU31680","physical","txid224308"
"BSU_06610","BSU_33450","PcrA","HelD","pcrA","BSU_33450","PcrA","HelD","BSU_06610","BSU_33450","string-db","224308.BSU33450/224308.BSU06610","physical","txid224308"
"BSU_06610","BSU_34360","PcrA","EpsB","pcrA","epsB","PcrA","EpsB","BSU_06610","BSU_34360","string-db","224308.BSU34360/224308.BSU06610","physical","txid224308"
"BSU_06610","BSU_10630","PcrA","AddA","pcrA","addA","PcrA","AddA","BSU_06610","BSU_10630","string-db","224308.BSU10630/224308.BSU06610","physical","txid224308"
"BSU_06610","BSU_10620","PcrA","AddB","pcrA","addB","PcrA","AddB","BSU_06610","BSU_10620","string-db","224308.BSU10620/224308.BSU06610","physical","txid224308"
"BSU_06610","BSU_37450","PcrA","YwhK","pcrA","BSU_37450","PcrA","YwhK","BSU_06610","BSU_37450","subtiwiki","224308.BSU37450/224308.BSU06610","physical","txid224308"
"BSU_06610","BSU_27740","PcrA","RuvA","pcrA","ruvA","PcrA","RuvA","BSU_06610","BSU_27740","string-db","224308.BSU27740/224308.BSU06610","physical","txid224308"
"BSU_06610","BSU_39940","PcrA","YxaL","pcrA","yxaL","PcrA","YxaL","BSU_06610","BSU_39940","subtiwiki","224308.BSU39940/224308.BSU06610","physical","txid224308"
"BSU_06610","BSU_35170","PcrA","UvrB","pcrA","uvrB","PcrA","UvrB","BSU_06610","BSU_35170","subtiwiki","224308.BSU06610/224308.BSU35170","physical","txid224308"
"BSU_06610","BSU_35160","PcrA","UvrA","pcrA","uvrA","PcrA","UvrA","BSU_06610","BSU_35160","string-db","224308.BSU35160/224308.BSU06610","physical","txid224308"
"BSU_06610","BSU_11820","PcrA","YjcD","pcrA","BSU_11820","PcrA","YjcD","BSU_06610","BSU_11820","string-db","224308.BSU11820/224308.BSU06610","physical","txid224308"
"BSU_27120","BSU_27130","SigV","RsiV","sigV","rsiV","SigV","RsiV","BSU_27120","BSU_27130","subtiwiki","224308.BSU27120/224308.BSU27130","physical","txid224308"
"BSU_06030","BSU_28030","GroEL","MreB","groEL","mreB","GroEL","MreB","BSU_06030","BSU_28030","string-db","224308.BSU28030/224308.BSU06030","physical","txid224308"
"BSU_06030","BSU_33610","GroEL","Rnr","groEL","rnr","GroEL","Rnr","BSU_06030","BSU_33610","string-db","224308.BSU33610/224308.BSU06030","physical","txid224308"
"BSU_06030","BSU_37080","GroEL","Rho","groEL","BSU_37080","GroEL","Rho","BSU_06030","BSU_37080","string-db","224308.BSU37080/224308.BSU06030","physical","txid224308"
"BSU_33450","BSU_37160","HelD","RpoE","BSU_33450","rpoE","HelD","RpoE","BSU_33450","BSU_37160","subtiwiki","224308.BSU33450/224308.BSU37160","physical","txid224308"
"BSU_15690","BSU_24020","RpoZ","BmrR","yloH","bmrR","YloH","BmrR","BSU_15690","BSU_24020","string-db","224308.BSU24020/224308.BSU15690","physical","txid224308"
"BSU_15690","BSU_28030","RpoZ","MreB","yloH","mreB","YloH","MreB","BSU_15690","BSU_28030","string-db","224308.BSU28030/224308.BSU15690","physical","txid224308"
"BSU_15690","BSU_25200","RpoZ","SigA","yloH","sigA","YloH","SigA","BSU_15690","BSU_25200","string-db","224308.BSU25200/224308.BSU15690","physical","txid224308"
"BSU_15690","BSU_33450","RpoZ","HelD","yloH","BSU_33450","YloH","HelD","BSU_15690","BSU_33450","string-db","224308.BSU33450/224308.BSU15690","physical","txid224308"
"BSU_15690","BSU_37160","RpoZ","RpoE","yloH","rpoE","YloH","RpoE","BSU_15690","BSU_37160","string-db","224308.BSU37160/224308.BSU15690","physical","txid224308"
"BSU_15690","BSU_23870","RpoZ","PolY1","yloH","BSU_23870","YloH","PolYA","BSU_15690","BSU_23870","subtiwiki","224308.BSU15690/224308.BSU23870","physical","txid224308"
"BSU_14540","BSU_25200","RnpZA","SigA","rpoY","sigA","RpoY","SigA","BSU_14540","BSU_25200","string-db","224308.BSU25200/224308.BSU14540","physical","txid224308"
"BSU_14540","BSU_33450","RnpZA","HelD","rpoY","BSU_33450","RpoY","HelD","BSU_14540","BSU_33450","string-db","224308.BSU33450/224308.BSU14540","physical","txid224308"
"BSU_14540","BSU_37160","RnpZA","RpoE","rpoY","rpoE","RpoY","RpoE","BSU_14540","BSU_37160","subtiwiki","224308.BSU14540/224308.BSU37160","physical","txid224308"
"BSU_14540","BSU_24020","RnpZA","BmrR","rpoY","bmrR","RpoY","BmrR","BSU_14540","BSU_24020","string-db","224308.BSU24020/224308.BSU14540","physical","txid224308"
"BSU_14540","BSU_15690","RnpZA","RpoZ","rpoY","yloH","RpoY","YloH","BSU_14540","BSU_15690","string-db","224308.BSU15690/224308.BSU14540","physical","txid224308"
"BSU_25470","BSU_35360","DnaK","Hag","dnaK","hag","DnaK","Hag","BSU_25470","BSU_35360","string-db","224308.BSU35360/224308.BSU25470","physical","txid224308"
"BSU_25470","BSU_33610","DnaK","Rnr","dnaK","rnr","DnaK","Rnr","BSU_25470","BSU_33610","string-db","224308.BSU33610/224308.BSU25470","physical","txid224308"
"BSU_25470","BSU_25480","DnaK","GrpE","dnaK","grpE","DnaK","GrpE","BSU_25470","BSU_25480","subtiwiki","224308.BSU25470/224308.BSU25480","physical","txid224308"
"BSU_25470","BSU_25490","DnaK","HrcA","dnaK","hrcA","DnaK","HrcA","BSU_25470","BSU_25490","string-db","224308.BSU25490/224308.BSU25470","physical","txid224308"
"BSU_25470","BSU_29740","DnaK","CcpA","dnaK","ccpA","DnaK","CcpA","BSU_25470","BSU_29740","string-db","224308.BSU29740/224308.BSU25470","physical","txid224308"
"BSU_25470","BSU_37080","DnaK","Rho","dnaK","BSU_37080","DnaK","Rho","BSU_25470","BSU_37080","string-db","224308.BSU37080/224308.BSU25470","physical","txid224308"
"BSU_25470","BSU_36250","DnaK","PtkA","dnaK","ptkA","DnaK","PtkA","BSU_25470","BSU_36250","subtiwiki","224308.BSU25470/224308.BSU36250","physical","txid224308"
"BSU_25470","BSU_36240","DnaK","YwqE","dnaK","ptpZ","DnaK","PtpZ","BSU_25470","BSU_36240","subtiwiki","224308.BSU25470/224308.BSU36240","physical","txid224308"
"BSU_25470","BSU_39820","DnaK","HtpG","dnaK","htpG","DnaK","HtpG","BSU_25470","BSU_39820","subtiwiki","224308.BSU25470/224308.BSU39820","physical","txid224308"
"BSU_25470","BSU_22960","DnaK","GudB","dnaK","gudB","DnaK","GudB","BSU_25470","BSU_22960","subtiwiki","224308.BSU25470/224308.BSU22960","physical","txid224308"
"BSU_04730","BSU_40440","SigB","DnaC","sigB","BSU_40440","SigB","DnaC","BSU_04730","BSU_40440","string-db","224308.BSU40440/224308.BSU04730","physical","txid224308"
"BSU_04730","BSU_34360","SigB","EpsB","sigB","epsB","SigB","EpsB","BSU_04730","BSU_34360","string-db","224308.BSU34360/224308.BSU04730","physical","txid224308"
"BSU_04730","BSU_25460","SigB","DnaJ","sigB","dnaJ","SigB","DnaJ","BSU_04730","BSU_25460","string-db","224308.BSU25460/224308.BSU04730","physical","txid224308"
"BSU_04730","BSU_15280","SigB","FtsA","sigB","ftsA","SigB","FtsA","BSU_04730","BSU_15280","string-db","224308.BSU15280/224308.BSU04730","physical","txid224308"
"BSU_13450","BSU_01080","SigI","RpoC","sigI","rpoC","SigI","RpoC","BSU_13450","BSU_01080","subtiwiki","224308.BSU13450/224308.BSU01080","physical","txid224308"
"BSU_13450","BSU_13460","SigI","RsgI","sigI","rsgI","SigI","RsgI","BSU_13450","BSU_13460","subtiwiki","224308.BSU13450/224308.BSU13460","physical","txid224308"
"BSU_08970","BSU_16940","PrkA","RecA","prkA","recA","PrkA","RecA","BSU_08970","BSU_16940","string-db","224308.BSU16940/224308.BSU08970","physical","txid224308"
"BSU_01430","BSU_24020","RpoA","BmrR","rpoA","bmrR","RpoA","BmrR","BSU_01430","BSU_24020","string-db","224308.BSU24020/224308.BSU01430","physical","txid224308"
"BSU_01430","BSU_25470","RpoA","DnaK","rpoA","dnaK","RpoA","DnaK","BSU_01430","BSU_25470","string-db","224308.BSU25470/224308.BSU01430","physical","txid224308"
"BSU_01430","BSU_14540","RpoA","RnpZA","rpoA","rpoY","RpoA","RpoY","BSU_01430","BSU_14540","subtiwiki","224308.BSU01430/224308.BSU14540","physical","txid224308"
"BSU_01430","BSU_16170","RpoA","CodY","rpoA","codY","RpoA","CodY","BSU_01430","BSU_16170","subtiwiki","224308.BSU01430/224308.BSU16170","physical","txid224308"
"BSU_01430","BSU_11500","RpoA","SpxA","rpoA","spx","RpoA","Spx","BSU_01430","BSU_11500","subtiwiki","224308.BSU11500/224308.BSU01430","physical","txid224308"
"BSU_01430","BSU_08970","RpoA","PrkA","rpoA","prkA","RpoA","PrkA","BSU_01430","BSU_08970","string-db","224308.BSU08970/224308.BSU01430","physical","txid224308"
"BSU_01430","BSU_29740","RpoA","CcpA","rpoA","ccpA","RpoA","CcpA","BSU_01430","BSU_29740","subtiwiki","224308.BSU01430/224308.BSU29740","physical","txid224308"
"BSU_01430","BSU_04730","RpoA","SigB","rpoA","sigB","RpoA","SigB","BSU_01430","BSU_04730","string-db","224308.BSU04730/224308.BSU01430","physical","txid224308"
"BSU_01430","BSU_06030","RpoA","GroEL","rpoA","groEL","RpoA","GroEL","BSU_01430","BSU_06030","string-db","224308.BSU06030/224308.BSU01430","physical","txid224308"
"BSU_01430","BSU_15690","RpoA","RpoZ","rpoA","yloH","RpoA","YloH","BSU_01430","BSU_15690","string-db","224308.BSU15690/224308.BSU01430","physical","txid224308"
"BSU_01430","BSU_25200","RpoA","SigA","rpoA","sigA","RpoA","SigA","BSU_01430","BSU_25200","subtiwiki","224308.BSU25200/224308.BSU01430","physical","txid224308"
"BSU_01430","BSU_33450","RpoA","HelD","rpoA","BSU_33450","RpoA","HelD","BSU_01430","BSU_33450","string-db","224308.BSU33450/224308.BSU01430","physical","txid224308"
"BSU_01430","BSU_37160","RpoA","RpoE","rpoA","rpoE","RpoA","RpoE","BSU_01430","BSU_37160","string-db","224308.BSU37160/224308.BSU01430","physical","txid224308"
"BSU_01430","BSU_31680","RpoA","ComA","rpoA","comA","RpoA","ComA","BSU_01430","BSU_31680","subtiwiki","224308.BSU01430/224308.BSU31680","physical","txid224308"
"BSU_01430","BSU_20870","RpoA","YopJ","rpoA","BSU_20870","RpoA","YopJ","BSU_01430","BSU_20870","subtiwiki","224308.BSU01430/224308.BSU20870","physical","txid224308"
"BSU_01080","BSU_01430","RpoC","RpoA","rpoC","rpoA","RpoC","RpoA","BSU_01080","BSU_01430","subtiwiki","224308.BSU01430/224308.BSU01080","physical","txid224308"
"BSU_01080","BSU_11500","RpoC","SpxA","rpoC","spx","RpoC","Spx","BSU_01080","BSU_11500","string-db","224308.BSU11500/224308.BSU01080","physical","txid224308"
"BSU_01080","BSU_37160","RpoC","RpoE","rpoC","rpoE","RpoC","RpoE","BSU_01080","BSU_37160","subtiwiki","224308.BSU37160/224308.BSU01080","physical","txid224308"
"BSU_01080","BSU_14540","RpoC","RnpZA","rpoC","rpoY","RpoC","RpoY","BSU_01080","BSU_14540","subtiwiki","224308.BSU14540/224308.BSU01080","physical","txid224308"
"BSU_01080","BSU_33222","RpoC","RsoA","rpoC","rsoA","RpoC","RsoA","BSU_01080","BSU_33222","subtiwiki","224308.BSU33222/224308.BSU01080","physical","txid224308"
"BSU_01080","BSU_15690","RpoC","RpoZ","rpoC","yloH","RpoC","YloH","BSU_01080","BSU_15690","subtiwiki","224308.BSU15690/224308.BSU01080","physical","txid224308"
"BSU_01080","BSU_24020","RpoC","BmrR","rpoC","bmrR","RpoC","BmrR","BSU_01080","BSU_24020","string-db","224308.BSU24020/224308.BSU01080","physical","txid224308"
"BSU_01080","BSU_33230","RpoC","SigO","rpoC","sigO","RpoC","SigO","BSU_01080","BSU_33230","string-db","224308.BSU33230/224308.BSU01080","physical","txid224308"
"BSU_01080","BSU_29740","RpoC","CcpA","rpoC","ccpA","RpoC","CcpA","BSU_01080","BSU_29740","string-db","224308.BSU29740/224308.BSU01080","physical","txid224308"
"BSU_01080","BSU_25210","RpoC","DnaG","rpoC","dnaG","RpoC","DnaG","BSU_01080","BSU_25210","string-db","224308.BSU25210/224308.BSU01080","physical","txid224308"
"BSU_01080","BSU_01130","RpoC","TufA","rpoC","tufA","RpoC","TufA","BSU_01080","BSU_01130","string-db","224308.BSU01130/224308.BSU01080","physical","txid224308"
"BSU_01080","BSU_25200","RpoC","SigA","rpoC","sigA","RpoC","SigA","BSU_01080","BSU_25200","subtiwiki","224308.BSU25200/224308.BSU01080","physical","txid224308"
"BSU_01080","BSU_04730","RpoC","SigB","rpoC","sigB","RpoC","SigB","BSU_01080","BSU_04730","subtiwiki","224308.BSU04730/224308.BSU01080","physical","txid224308"
"BSU_01080","BSU_33450","RpoC","HelD","rpoC","BSU_33450","RpoC","HelD","BSU_01080","BSU_33450","subtiwiki","224308.BSU33450/224308.BSU01080","physical","txid224308"
"BSU_01080","BSU_00980","RpoC","SigH","rpoC","sigH","RpoC","SigH","BSU_01080","BSU_00980","subtiwiki","224308.BSU01080/224308.BSU00980","physical","txid224308"
"BSU_01080","BSU_23450","RpoC","SigF","rpoC","sigF","RpoC","SigF","BSU_01080","BSU_23450","subtiwiki","224308.BSU01080/224308.BSU23450","physical","txid224308"
"BSU_01080","BSU_27120","RpoC","SigV","rpoC","sigV","RpoC","SigV","BSU_01080","BSU_27120","subtiwiki","224308.BSU01080/224308.BSU27120","physical","txid224308"
"BSU_01080","BSU_23100","RpoC","SigX","rpoC","sigX","RpoC","SigX","BSU_01080","BSU_23100","subtiwiki","224308.BSU01080/224308.BSU23100","physical","txid224308"
"BSU_01080","BSU_06610","RpoC","PcrA","rpoC","pcrA","RpoC","PcrA","BSU_01080","BSU_06610","subtiwiki","224308.BSU01080/224308.BSU06610","physical","txid224308"
"BSU_01080","BSU_00540","RpoC","Fin","rpoC","fin","RpoC","Fin","BSU_01080","BSU_00540","subtiwiki","224308.BSU01080/224308.BSU00540","physical","txid224308"
"BSU_01080","BSU_misc_RNA_32","RpoC","BsrB","rpoC","BSU_misc_RNA_32","RpoC","BsrB","BSU_01080","BSU_misc_RNA_32","subtiwiki","224308.BSU01080/224308.BSUmiscRNA32","physical","txid224308"
"BSU_01080","BSU_16210","RpoC","FliF","rpoC","fliF","RpoC","FliF","BSU_01080","BSU_16210","subtiwiki","224308.BSU01080/224308.BSU16210","physical","txid224308"
"BSU_33222","BSU_33230","RsoA","SigO","rsoA","sigO","RsoA","SigO","BSU_33222","BSU_33230","subtiwiki","224308.BSU33230/224308.BSU33222","physical","txid224308"
"BSU_25410","BSU_40910","RpsU","RpsF","BSU_25410","rpsF","RpsU","RpsF","BSU_25410","BSU_40910","string-db","224308.BSU40910/224308.BSU25410","physical","txid224308"
"BSU_25410","BSU_29660","RpsU","RpsD","BSU_25410","rpsD","RpsU","RpsD","BSU_25410","BSU_29660","subtiwiki","224308.BSU25410/224308.BSU29660","physical","txid224308"
"BSU_25410","BSU_28850","RpsU","RplT","BSU_25410","rplT","RpsU","RplT","BSU_25410","BSU_28850","string-db","224308.BSU28850/224308.BSU25410","physical","txid224308"
"BSU_25410","BSU_40500","RpsU","RplI","BSU_25410","BSU_40500","RpsU","RplI","BSU_25410","BSU_40500","string-db","224308.BSU40500/224308.BSU25410","physical","txid224308"
"BSU_25410","BSU_40890","RpsU","RpsR","BSU_25410","rpsR","RpsU","RpsR","BSU_25410","BSU_40890","subtiwiki","224308.BSU25410/224308.BSU40890","physical","txid224308"
"BSU_25410","BSU_25550","RpsU","RpsT","BSU_25410","BSU_25550","RpsU","RpsT","BSU_25410","BSU_25550","string-db","224308.BSU25550/224308.BSU25410","physical","txid224308"
"BSU_25410","BSU_41060","RpsU","RpmH","BSU_25410","rpmH","RpsU","RpmH","BSU_25410","BSU_41060","string-db","224308.BSU41060/224308.BSU25410","physical","txid224308"
"BSU_25410","BSU_28860","RpsU","RpmI","BSU_25410","rpmI","RpsU","RpmI","BSU_25410","BSU_28860","string-db","224308.BSU28860/224308.BSU25410","physical","txid224308"
"BSU_25410","BSU_37070","RpsU","RpmEA","BSU_25410","rpmE","RpsU","RpmE","BSU_25410","BSU_37070","string-db","224308.BSU37070/224308.BSU25410","physical","txid224308"
"BSU_25410","BSU_27940","RpsU","RpmA","BSU_25410","rpmA","RpsU","RpmA","BSU_25410","BSU_27940","string-db","224308.BSU27940/224308.BSU25410","physical","txid224308"
"BSU_25410","BSU_27960","RpsU","RplU","BSU_25410","rplU","RpsU","RplU","BSU_25410","BSU_27960","string-db","224308.BSU27960/224308.BSU25410","physical","txid224308"
"BSU_25410","BSU_28580","RpsU","MutSB","BSU_25410","BSU_28580","RpsU","RqcU","BSU_25410","BSU_28580","string-db","224308.BSU28580/224308.BSU25410","physical","txid224308"
"BSU_25410","BSU_28230","RpsU","Tig","BSU_25410","tig","RpsU","Tig","BSU_25410","BSU_28230","subtiwiki","224308.BSU25410/224308.BSU28230","physical","txid224308"
"BSU_28580","BSU_40910","MutSB","RpsF","BSU_28580","rpsF","RqcU","RpsF","BSU_28580","BSU_40910","string-db","224308.BSU40910/224308.BSU28580","physical","txid224308"
"BSU_28580","BSU_41060","MutSB","RpmH","BSU_28580","rpmH","RqcU","RpmH","BSU_28580","BSU_41060","string-db","224308.BSU41060/224308.BSU28580","physical","txid224308"
"BSU_28580","BSU_28850","MutSB","RplT","BSU_28580","rplT","RqcU","RplT","BSU_28580","BSU_28850","string-db","224308.BSU28850/224308.BSU28580","physical","txid224308"
"BSU_28580","BSU_40890","MutSB","RpsR","BSU_28580","rpsR","RqcU","RpsR","BSU_28580","BSU_40890","string-db","224308.BSU40890/224308.BSU28580","physical","txid224308"
"BSU_28580","BSU_37070","MutSB","RpmEA","BSU_28580","rpmE","RqcU","RpmE","BSU_28580","BSU_37070","string-db","224308.BSU37070/224308.BSU28580","physical","txid224308"
"BSU_28580","BSU_29660","MutSB","RpsD","BSU_28580","rpsD","RqcU","RpsD","BSU_28580","BSU_29660","string-db","224308.BSU29660/224308.BSU28580","physical","txid224308"
"BSU_28580","BSU_28860","MutSB","RpmI","BSU_28580","rpmI","RqcU","RpmI","BSU_28580","BSU_28860","string-db","224308.BSU28860/224308.BSU28580","physical","txid224308"
"BSU_28580","BSU_40500","MutSB","RplI","BSU_28580","BSU_40500","RqcU","RplI","BSU_28580","BSU_40500","subtiwiki","224308.BSU40500/224308.BSU28580","physical","txid224308"
"BSU_27600","BSU_40910","Rsh","RpsF","BSU_27600","rpsF","Rel","RpsF","BSU_27600","BSU_40910","string-db","224308.BSU40910/224308.BSU27600","physical","txid224308"
"BSU_27600","BSU_41060","Rsh","RpmH","BSU_27600","rpmH","Rel","RpmH","BSU_27600","BSU_41060","string-db","224308.BSU41060/224308.BSU27600","physical","txid224308"
"BSU_27600","BSU_37070","Rsh","RpmEA","BSU_27600","rpmE","Rel","RpmE","BSU_27600","BSU_37070","string-db","224308.BSU37070/224308.BSU27600","physical","txid224308"
"BSU_27600","BSU_40890","Rsh","RpsR","BSU_27600","rpsR","Rel","RpsR","BSU_27600","BSU_40890","string-db","224308.BSU40890/224308.BSU27600","physical","txid224308"
"BSU_27600","BSU_28850","Rsh","RplT","BSU_27600","rplT","Rel","RplT","BSU_27600","BSU_28850","string-db","224308.BSU28850/224308.BSU27600","physical","txid224308"
"BSU_27600","BSU_27940","Rsh","RpmA","BSU_27600","rpmA","Rel","RpmA","BSU_27600","BSU_27940","string-db","224308.BSU27940/224308.BSU27600","physical","txid224308"
"BSU_27600","BSU_38480","Rsh","RelQ","BSU_27600","sasA","Rel","RelQ","BSU_27600","BSU_38480","string-db","224308.BSU38480/224308.BSU27600","physical","txid224308"
"BSU_27600","BSU_29660","Rsh","RpsD","BSU_27600","rpsD","Rel","RpsD","BSU_27600","BSU_29660","string-db","224308.BSU29660/224308.BSU27600","physical","txid224308"
"BSU_27600","BSU_27960","Rsh","RplU","BSU_27600","rplU","Rel","RplU","BSU_27600","BSU_27960","string-db","224308.BSU27960/224308.BSU27600","physical","txid224308"
"BSU_27600","BSU_28860","Rsh","RpmI","BSU_27600","rpmI","Rel","RpmI","BSU_27600","BSU_28860","string-db","224308.BSU28860/224308.BSU27600","physical","txid224308"
"BSU_01120","BSU_40440","FusA","DnaC","fusA","BSU_40440","FusA","DnaC","BSU_01120","BSU_40440","string-db","224308.BSU40440/224308.BSU01120","physical","txid224308"
"BSU_01120","BSU_16520","FusA","Frr","fusA","frr","FusA","Frr","BSU_01120","BSU_16520","string-db","224308.BSU16520/224308.BSU01120","physical","txid224308"
"BSU_01120","BSU_19400","FusA","SodC","fusA","BSU_19400","FusA","SodC","BSU_01120","BSU_19400","string-db","224308.BSU19400/224308.BSU01120","physical","txid224308"
"BSU_01120","BSU_29740","FusA","CcpA","fusA","ccpA","FusA","CcpA","BSU_01120","BSU_29740","string-db","224308.BSU29740/224308.BSU01120","physical","txid224308"
"BSU_01120","BSU_08970","FusA","PrkA","fusA","prkA","FusA","PrkA","BSU_01120","BSU_08970","string-db","224308.BSU08970/224308.BSU01120","physical","txid224308"
"BSU_01120","BSU_15280","FusA","FtsA","fusA","ftsA","FusA","FtsA","BSU_01120","BSU_15280","string-db","224308.BSU15280/224308.BSU01120","physical","txid224308"
"BSU_01120","BSU_01050","FusA","RplL","fusA","rplL","FusA","RplL","BSU_01120","BSU_01050","subtiwiki","224308.BSU01120/224308.BSU01050","physical","txid224308"
"BSU_16520","BSU_01260","Frr","RplNA","frr","rplN","Frr","RplN","BSU_16520","BSU_01260","subtiwiki","224308.BSU16520/224308.BSU01260","physical","txid224308"
"BSU_16520","BSU_30310","Frr","YtwF","frr","BSU_30310","Frr","YtwF","BSU_16520","BSU_30310","subtiwiki","224308.BSU16520/224308.BSU30310","physical","txid224308"
"BSU_16520","BSU_27940","Frr","RpmA","frr","rpmA","Frr","RpmA","BSU_16520","BSU_27940","subtiwiki","224308.BSU16520/224308.BSU27940","physical","txid224308"
"BSU_16520","BSU_01020","Frr","RplK","frr","rplK","Frr","RplK","BSU_16520","BSU_01020","subtiwiki","224308.BSU16520/224308.BSU01020","physical","txid224308"
"BSU_16520","BSU_29740","Frr","CcpA","frr","ccpA","Frr","CcpA","BSU_16520","BSU_29740","string-db","224308.BSU29740/224308.BSU16520","physical","txid224308"
"BSU_16500","BSU_01320","Tsf","RplR","tsf","rplR","Tsf","RplR","BSU_16500","BSU_01320","subtiwiki","224308.BSU16500/224308.BSU01320","physical","txid224308"
"BSU_16500","BSU_29740","Tsf","CcpA","tsf","ccpA","Tsf","CcpA","BSU_16500","BSU_29740","string-db","224308.BSU29740/224308.BSU16500","physical","txid224308"
"BSU_28030","BSU_31490","MreB","PbpD","mreB","pbpD","MreB","PbpD","BSU_28030","BSU_31490","string-db","224308.BSU31490/224308.BSU28030","physical","txid224308"
"BSU_28030","BSU_37510","MreB","PbpG","mreB","pbpG","MreB","PbpG","BSU_28030","BSU_37510","string-db","224308.BSU37510/224308.BSU28030","physical","txid224308"
"BSU_28030","BSU_38120","MreB","RodA","mreB","rodA","MreB","RodA","BSU_28030","BSU_38120","subtiwiki","224308.BSU28030/224308.BSU38120","physical","txid224308"
"BSU_28030","BSU_14190","MreB","YkuR","mreB","BSU_14190","MreB","YkuR","BSU_28030","BSU_14190","subtiwiki","224308.BSU28030/224308.BSU14190","physical","txid224308"
"BSU_33600","BSU_33610","SmpB","Rnr","smpB","rnr","SmpB","Rnr","BSU_33600","BSU_33610","string-db","224308.BSU33610/224308.BSU33600","physical","txid224308"
"BSU_36410","BSU_28030","Mbl","MreB","mbl","mreB","Mbl","MreB","BSU_36410","BSU_28030","subtiwiki","224308.BSU36410/224308.BSU28030","physical","txid224308"
"BSU_16050","BSU_27940","RbgA","RpmA","BSU_16050","rpmA","RbgA","RpmA","BSU_16050","BSU_27940","string-db","224308.BSU27940/224308.BSU16050","physical","txid224308"
"BSU_16050","BSU_27960","RbgA","RplU","BSU_16050","rplU","RbgA","RplU","BSU_16050","BSU_27960","string-db","224308.BSU27960/224308.BSU16050","physical","txid224308"
"BSU_16050","BSU_28850","RbgA","RplT","BSU_16050","rplT","RbgA","RplT","BSU_16050","BSU_28850","string-db","224308.BSU28850/224308.BSU16050","physical","txid224308"
"BSU_16050","BSU_41060","RbgA","RpmH","BSU_16050","rpmH","RbgA","RpmH","BSU_16050","BSU_41060","string-db","224308.BSU41060/224308.BSU16050","physical","txid224308"
"BSU_16020","BSU_16030","RimM","TrmD","rimM","trmD","RimM","TrmD","BSU_16020","BSU_16030","string-db","224308.BSU16030/224308.BSU16020","physical","txid224308"
"BSU_13990","BSU_37130","KinA","Spo0F","kinA","spo0F","KinA","Spo0F","BSU_13990","BSU_37130","subtiwiki","224308.BSU37130/224308.BSU13990","physical","txid224308"
"BSU_13990","BSU_33630","KinA","SecG","kinA","secG","KinA","SecG","BSU_13990","BSU_33630","string-db","224308.BSU33630/224308.BSU13990","physical","txid224308"
"BSU_13990","BSU_24470","KinA","AroQ","kinA","BSU_24470","KinA","AroQ","BSU_13990","BSU_24470","string-db","224308.BSU24470/224308.BSU13990","physical","txid224308"
"BSU_13990","BSU_25690","KinA","Sda","kinA","sda","KinA","Sda","BSU_13990","BSU_25690","subtiwiki","224308.BSU13990/224308.BSU25690","physical","txid224308"
"BSU_01370","BSU_29740","Adk","CcpA","adk","ccpA","Adk","CcpA","BSU_01370","BSU_29740","string-db","224308.BSU29740/224308.BSU01370","physical","txid224308"
"BSU_16170","BSU_29740","CodY","CcpA","codY","ccpA","CodY","CcpA","BSU_16170","BSU_29740","subtiwiki","224308.BSU16170/224308.BSU29740","physical","txid224308"
"BSU_16170","BSU_22260","CodY","YppF","codY","BSU_22260","CodY","YppF","BSU_16170","BSU_22260","subtiwiki","224308.BSU16170/224308.BSU22260","physical","txid224308"
"BSU_01450","BSU_10370","EcfA","BioY","BSU_01450","panU","YbxA","YhfU","BSU_01450","BSU_10370","string-db","224308.BSU10370/224308.BSU01450","physical","txid224308"
"BSU_01450","BSU_32030","EcfA","BioYB","BSU_01450","yuiG","YbxA","YuiG","BSU_01450","BSU_32030","string-db","224308.BSU32030/224308.BSU01450","physical","txid224308"
"BSU_01450","BSU_27460","EcfA","GlnP","BSU_01450","glnP","YbxA","GlnP","BSU_01450","BSU_27460","string-db","224308.BSU27460/224308.BSU01450","physical","txid224308"
"BSU_01450","BSU_39490","EcfA","YxeN","BSU_01450","yxeN","YbxA","YxeN","BSU_01450","BSU_39490","string-db","224308.BSU39490/224308.BSU01450","physical","txid224308"
"BSU_01450","BSU_13220","EcfA","ThiW","BSU_01450","thiW","YbxA","ThiW","BSU_01450","BSU_13220","string-db","224308.BSU13220/224308.BSU01450","physical","txid224308"
"BSU_01450","BSU_33810","EcfA","OpuCC","BSU_01450","opuCC","YbxA","OpuCC","BSU_01450","BSU_33810","string-db","224308.BSU33810/224308.BSU01450","physical","txid224308"
"BSU_01450","BSU_40150","EcfA","YydI","BSU_01450","epeA","YbxA","EpeA","BSU_01450","BSU_40150","string-db","224308.BSU40150/224308.BSU01450","physical","txid224308"
"BSU_01450","BSU_08330","EcfA","YfiN","BSU_01450","lnrN","YbxA","LnrN","BSU_01450","BSU_08330","string-db","224308.BSU08330/224308.BSU01450","physical","txid224308"
"BSU_01450","BSU_01470","EcfA","EcfT","BSU_01450","BSU_01470","YbxA","YbaF","BSU_01450","BSU_01470","subtiwiki","224308.BSU01470/224308.BSU01450","physical","txid224308"
"BSU_01450","BSU_02870","EcfA","ZnuB","BSU_01450","znuB","YbxA","ZnuB","BSU_01450","BSU_02870","string-db","224308.BSU02870/224308.BSU01450","physical","txid224308"
"BSU_01450","BSU_02990","EcfA","OpuAB","BSU_01450","opuAB","YbxA","OpuAB","BSU_01450","BSU_02990","string-db","224308.BSU02990/224308.BSU01450","physical","txid224308"
"BSU_01450","BSU_30760","EcfA","MntB","BSU_01450","mntB","YbxA","MntB","BSU_01450","BSU_30760","string-db","224308.BSU30760/224308.BSU01450","physical","txid224308"
"BSU_01450","BSU_30740","EcfA","MntD","BSU_01450","mntD","YbxA","MntD","BSU_01450","BSU_30740","string-db","224308.BSU30740/224308.BSU01450","physical","txid224308"
"BSU_01450","BSU_03370","EcfA","YckA","BSU_01450","BSU_03370","YbxA","YckA","BSU_01450","BSU_03370","string-db","224308.BSU03370/224308.BSU01450","physical","txid224308"
"BSU_01450","BSU_32550","EcfA","YurJ","BSU_01450","frlP","YbxA","FrlP","BSU_01450","BSU_32550","string-db","224308.BSU32550/224308.BSU01450","physical","txid224308"
"BSU_01450","BSU_38810","EcfA","MsmX","BSU_01450","msmX","YbxA","MsmX","BSU_01450","BSU_38810","string-db","224308.BSU38810/224308.BSU01450","physical","txid224308"
"BSU_01450","BSU_13210","EcfA","ThiX","BSU_01450","thiX","YbxA","ThiX","BSU_01450","BSU_13210","string-db","224308.BSU13210/224308.BSU01450","physical","txid224308"
"BSU_01450","BSU_01460","EcfA","EcfAB","BSU_01450","BSU_01460","YbxA","YbaE","BSU_01450","BSU_01460","subtiwiki","224308.BSU01460/224308.BSU01450","physical","txid224308"
"BSU_01450","BSU_23970","EcfA","ArtQ","BSU_01450","artQ","YbxA","ArtQ","BSU_01450","BSU_23970","string-db","224308.BSU23970/224308.BSU01450","physical","txid224308"
"BSU_01450","BSU_27450","EcfA","GlnM","BSU_01450","glnM","YbxA","GlnM","BSU_01450","BSU_27450","string-db","224308.BSU27450/224308.BSU01450","physical","txid224308"
"BSU_01450","BSU_33710","EcfA","OpuBC","BSU_01450","opuBC","YbxA","OpuBC","BSU_01450","BSU_33710","string-db","224308.BSU33710/224308.BSU01450","physical","txid224308"
"BSU_01450","BSU_02860","EcfA","ZnuC","BSU_01450","znuC","YbxA","ZnuC","BSU_01450","BSU_02860","string-db","224308.BSU02860/224308.BSU01450","physical","txid224308"
"BSU_01450","BSU_35710","EcfA","TagG","BSU_01450","tagG","YbxA","TagG","BSU_01450","BSU_35710","string-db","224308.BSU35710/224308.BSU01450","physical","txid224308"
"BSU_01450","BSU_30750","EcfA","MntC","BSU_01450","mntC","YbxA","MntC","BSU_01450","BSU_30750","string-db","224308.BSU30750/224308.BSU01450","physical","txid224308"
"BSU_01450","BSU_11430","EcfA","OppA","BSU_01450","oppA","YbxA","OppA","BSU_01450","BSU_11430","string-db","224308.BSU11430/224308.BSU01450","physical","txid224308"
"BSU_01450","BSU_03000","EcfA","OpuAC","BSU_01450","opuAC","YbxA","OpuAC","BSU_01450","BSU_03000","string-db","224308.BSU03000/224308.BSU01450","physical","txid224308"
"BSU_01450","BSU_34150","EcfA","GanP","BSU_01450","ganP","YbxA","GanP","BSU_01450","BSU_34150","string-db","224308.BSU34150/224308.BSU01450","physical","txid224308"
"BSU_01450","BSU_15340","EcfA","YlmA","BSU_01450","ylmA","YbxA","YlmA","BSU_01450","BSU_15340","string-db","224308.BSU15340/224308.BSU01450","physical","txid224308"
"BSU_01450","BSU_34160","EcfA","CycB","BSU_01450","ganS","YbxA","GanS","BSU_01450","BSU_34160","string-db","224308.BSU34160/224308.BSU01450","physical","txid224308"
"BSU_01450","BSU_08320","EcfA","YfiM","BSU_01450","lnrM","YbxA","LnrM","BSU_01450","BSU_08320","string-db","224308.BSU08320/224308.BSU01450","physical","txid224308"
"BSU_01450","BSU_29350","EcfA","TcyM","BSU_01450","tcyM","YbxA","TcyM","BSU_01450","BSU_29350","string-db","224308.BSU29350/224308.BSU01450","physical","txid224308"
"BSU_01450","BSU_34080","EcfA","YvfS","BSU_01450","BSU_34080","YbxA","YvfS","BSU_01450","BSU_34080","string-db","224308.BSU34080/224308.BSU01450","physical","txid224308"
"BSU_01450","BSU_34610","EcfA","MdxE","BSU_01450","mdxE","YbxA","MdxE","BSU_01450","BSU_34610","string-db","224308.BSU34610/224308.BSU01450","physical","txid224308"
"BSU_01450","BSU_34600","EcfA","MdxF","BSU_01450","mdxF","YbxA","MdxF","BSU_01450","BSU_34600","string-db","224308.BSU34600/224308.BSU01450","physical","txid224308"
"BSU_01450","BSU_12960","EcfA","DppE","BSU_01450","dppE","YbxA","DppE","BSU_01450","BSU_12960","string-db","224308.BSU12960/224308.BSU01450","physical","txid224308"
"BSU_01450","BSU_03600","EcfA","TcyB","BSU_01450","BSU_03600","YbxA","TcyB","BSU_01450","BSU_03600","string-db","224308.BSU03600/224308.BSU01450","physical","txid224308"
"BSU_01450","BSU_29360","EcfA","TcyL","BSU_01450","tcyL","YbxA","TcyL","BSU_01450","BSU_29360","string-db","224308.BSU29360/224308.BSU01450","physical","txid224308"
"BSU_02870","BSU_40150","ZnuB","YydI","znuB","epeA","ZnuB","EpeA","BSU_02870","BSU_40150","string-db","224308.BSU40150/224308.BSU02870","physical","txid224308"
"BSU_02870","BSU_27460","ZnuB","GlnP","znuB","glnP","ZnuB","GlnP","BSU_02870","BSU_27460","string-db","224308.BSU27460/224308.BSU02870","physical","txid224308"
"BSU_02870","BSU_26830","ZnuB","YrpE","znuB","zinT","ZnuB","YrpE","BSU_02870","BSU_26830","string-db","224308.BSU26830/224308.BSU02870","physical","txid224308"
"BSU_02870","BSU_30750","ZnuB","MntC","znuB","mntC","ZnuB","MntC","BSU_02870","BSU_30750","string-db","224308.BSU30750/224308.BSU02870","physical","txid224308"
"BSU_02870","BSU_34080","ZnuB","YvfS","znuB","BSU_34080","ZnuB","YvfS","BSU_02870","BSU_34080","string-db","224308.BSU34080/224308.BSU02870","physical","txid224308"
"BSU_02870","BSU_12960","ZnuB","DppE","znuB","dppE","ZnuB","DppE","BSU_02870","BSU_12960","string-db","224308.BSU12960/224308.BSU02870","physical","txid224308"
"BSU_02870","BSU_15340","ZnuB","YlmA","znuB","ylmA","ZnuB","YlmA","BSU_02870","BSU_15340","string-db","224308.BSU15340/224308.BSU02870","physical","txid224308"
"BSU_02870","BSU_39490","ZnuB","YxeN","znuB","yxeN","ZnuB","YxeN","BSU_02870","BSU_39490","string-db","224308.BSU39490/224308.BSU02870","physical","txid224308"
"BSU_02870","BSU_08320","ZnuB","YfiM","znuB","lnrM","ZnuB","LnrM","BSU_02870","BSU_08320","string-db","224308.BSU08320/224308.BSU02870","physical","txid224308"
"BSU_02870","BSU_35710","ZnuB","TagG","znuB","tagG","ZnuB","TagG","BSU_02870","BSU_35710","string-db","224308.BSU35710/224308.BSU02870","physical","txid224308"
"BSU_02870","BSU_03600","ZnuB","TcyB","znuB","BSU_03600","ZnuB","TcyB","BSU_02870","BSU_03600","string-db","224308.BSU03600/224308.BSU02870","physical","txid224308"
"BSU_02870","BSU_34610","ZnuB","MdxE","znuB","mdxE","ZnuB","MdxE","BSU_02870","BSU_34610","string-db","224308.BSU34610/224308.BSU02870","physical","txid224308"
"BSU_02870","BSU_32550","ZnuB","YurJ","znuB","frlP","ZnuB","FrlP","BSU_02870","BSU_32550","string-db","224308.BSU32550/224308.BSU02870","physical","txid224308"
"BSU_02870","BSU_34600","ZnuB","MdxF","znuB","mdxF","ZnuB","MdxF","BSU_02870","BSU_34600","string-db","224308.BSU34600/224308.BSU02870","physical","txid224308"
"BSU_02870","BSU_03370","ZnuB","YckA","znuB","BSU_03370","ZnuB","YckA","BSU_02870","BSU_03370","string-db","224308.BSU03370/224308.BSU02870","physical","txid224308"
"BSU_02870","BSU_13220","ZnuB","ThiW","znuB","thiW","ZnuB","ThiW","BSU_02870","BSU_13220","string-db","224308.BSU13220/224308.BSU02870","physical","txid224308"
"BSU_02870","BSU_08330","ZnuB","YfiN","znuB","lnrN","ZnuB","LnrN","BSU_02870","BSU_08330","string-db","224308.BSU08330/224308.BSU02870","physical","txid224308"
"BSU_02870","BSU_34160","ZnuB","CycB","znuB","ganS","ZnuB","GanS","BSU_02870","BSU_34160","string-db","224308.BSU34160/224308.BSU02870","physical","txid224308"
"BSU_02870","BSU_34150","ZnuB","GanP","znuB","ganP","ZnuB","GanP","BSU_02870","BSU_34150","string-db","224308.BSU34150/224308.BSU02870","physical","txid224308"
"BSU_02870","BSU_33810","ZnuB","OpuCC","znuB","opuCC","ZnuB","OpuCC","BSU_02870","BSU_33810","string-db","224308.BSU33810/224308.BSU02870","physical","txid224308"
"BSU_02870","BSU_29360","ZnuB","TcyL","znuB","tcyL","ZnuB","TcyL","BSU_02870","BSU_29360","string-db","224308.BSU29360/224308.BSU02870","physical","txid224308"
"BSU_02870","BSU_27450","ZnuB","GlnM","znuB","glnM","ZnuB","GlnM","BSU_02870","BSU_27450","string-db","224308.BSU27450/224308.BSU02870","physical","txid224308"
"BSU_02870","BSU_02990","ZnuB","OpuAB","znuB","opuAB","ZnuB","OpuAB","BSU_02870","BSU_02990","string-db","224308.BSU02990/224308.BSU02870","physical","txid224308"
"BSU_02870","BSU_38810","ZnuB","MsmX","znuB","msmX","ZnuB","MsmX","BSU_02870","BSU_38810","string-db","224308.BSU38810/224308.BSU02870","physical","txid224308"
"BSU_02870","BSU_03000","ZnuB","OpuAC","znuB","opuAC","ZnuB","OpuAC","BSU_02870","BSU_03000","string-db","224308.BSU03000/224308.BSU02870","physical","txid224308"
"BSU_02870","BSU_11430","ZnuB","OppA","znuB","oppA","ZnuB","OppA","BSU_02870","BSU_11430","string-db","224308.BSU11430/224308.BSU02870","physical","txid224308"
"BSU_02870","BSU_33710","ZnuB","OpuBC","znuB","opuBC","ZnuB","OpuBC","BSU_02870","BSU_33710","string-db","224308.BSU33710/224308.BSU02870","physical","txid224308"
"BSU_02870","BSU_29350","ZnuB","TcyM","znuB","tcyM","ZnuB","TcyM","BSU_02870","BSU_29350","string-db","224308.BSU29350/224308.BSU02870","physical","txid224308"
"BSU_02870","BSU_30740","ZnuB","MntD","znuB","mntD","ZnuB","MntD","BSU_02870","BSU_30740","string-db","224308.BSU30740/224308.BSU02870","physical","txid224308"
"BSU_02870","BSU_23970","ZnuB","ArtQ","znuB","artQ","ZnuB","ArtQ","BSU_02870","BSU_23970","string-db","224308.BSU23970/224308.BSU02870","physical","txid224308"
"BSU_02870","BSU_30760","ZnuB","MntB","znuB","mntB","ZnuB","MntB","BSU_02870","BSU_30760","string-db","224308.BSU30760/224308.BSU02870","physical","txid224308"
"BSU_40150","BSU_40160","YydI","EpeP","epeA","epeP","EpeA","EpeP","BSU_40150","BSU_40160","subtiwiki","224308.BSU40150/224308.BSU40160","physical","txid224308"
"BSU_40150","BSU_09300","YydI","GlpD","epeA","glpD","EpeA","GlpD","BSU_40150","BSU_09300","subtiwiki","224308.BSU40150/224308.BSU09300","physical","txid224308"
"BSU_27460","BSU_29350","GlnP","TcyM","glnP","tcyM","GlnP","TcyM","BSU_27460","BSU_29350","string-db","224308.BSU29350/224308.BSU27460","physical","txid224308"
"BSU_27460","BSU_33710","GlnP","OpuBC","glnP","opuBC","GlnP","OpuBC","BSU_27460","BSU_33710","string-db","224308.BSU33710/224308.BSU27460","physical","txid224308"
"BSU_27460","BSU_38810","GlnP","MsmX","glnP","msmX","GlnP","MsmX","BSU_27460","BSU_38810","string-db","224308.BSU38810/224308.BSU27460","physical","txid224308"
"BSU_27460","BSU_35710","GlnP","TagG","glnP","tagG","GlnP","TagG","BSU_27460","BSU_35710","string-db","224308.BSU35710/224308.BSU27460","physical","txid224308"
"BSU_27460","BSU_40150","GlnP","YydI","glnP","epeA","GlnP","EpeA","BSU_27460","BSU_40150","string-db","224308.BSU40150/224308.BSU27460","physical","txid224308"
"BSU_27460","BSU_34080","GlnP","YvfS","glnP","BSU_34080","GlnP","YvfS","BSU_27460","BSU_34080","string-db","224308.BSU34080/224308.BSU27460","physical","txid224308"
"BSU_27460","BSU_33810","GlnP","OpuCC","glnP","opuCC","GlnP","OpuCC","BSU_27460","BSU_33810","string-db","224308.BSU33810/224308.BSU27460","physical","txid224308"
"BSU_27460","BSU_30740","GlnP","MntD","glnP","mntD","GlnP","MntD","BSU_27460","BSU_30740","string-db","224308.BSU30740/224308.BSU27460","physical","txid224308"
"BSU_27460","BSU_30760","GlnP","MntB","glnP","mntB","GlnP","MntB","BSU_27460","BSU_30760","string-db","224308.BSU30760/224308.BSU27460","physical","txid224308"
"BSU_27460","BSU_32550","GlnP","YurJ","glnP","frlP","GlnP","FrlP","BSU_27460","BSU_32550","string-db","224308.BSU32550/224308.BSU27460","physical","txid224308"
"BSU_27460","BSU_34610","GlnP","MdxE","glnP","mdxE","GlnP","MdxE","BSU_27460","BSU_34610","string-db","224308.BSU34610/224308.BSU27460","physical","txid224308"
"BSU_27460","BSU_39490","GlnP","YxeN","glnP","yxeN","GlnP","YxeN","BSU_27460","BSU_39490","string-db","224308.BSU39490/224308.BSU27460","physical","txid224308"
"BSU_27460","BSU_29360","GlnP","TcyL","glnP","tcyL","GlnP","TcyL","BSU_27460","BSU_29360","string-db","224308.BSU29360/224308.BSU27460","physical","txid224308"
"BSU_27460","BSU_34150","GlnP","GanP","glnP","ganP","GlnP","GanP","BSU_27460","BSU_34150","string-db","224308.BSU34150/224308.BSU27460","physical","txid224308"
"BSU_27460","BSU_34160","GlnP","CycB","glnP","ganS","GlnP","GanS","BSU_27460","BSU_34160","string-db","224308.BSU34160/224308.BSU27460","physical","txid224308"
"BSU_27460","BSU_34600","GlnP","MdxF","glnP","mdxF","GlnP","MdxF","BSU_27460","BSU_34600","string-db","224308.BSU34600/224308.BSU27460","physical","txid224308"
"BSU_27460","BSU_30750","GlnP","MntC","glnP","mntC","GlnP","MntC","BSU_27460","BSU_30750","string-db","224308.BSU30750/224308.BSU27460","physical","txid224308"
"BSU_13220","BSU_30750","ThiW","MntC","thiW","mntC","ThiW","MntC","BSU_13220","BSU_30750","string-db","224308.BSU30750/224308.BSU13220","physical","txid224308"
"BSU_13220","BSU_23970","ThiW","ArtQ","thiW","artQ","ThiW","ArtQ","BSU_13220","BSU_23970","string-db","224308.BSU23970/224308.BSU13220","physical","txid224308"
"BSU_13220","BSU_29350","ThiW","TcyM","thiW","tcyM","ThiW","TcyM","BSU_13220","BSU_29350","string-db","224308.BSU29350/224308.BSU13220","physical","txid224308"
"BSU_13220","BSU_27450","ThiW","GlnM","thiW","glnM","ThiW","GlnM","BSU_13220","BSU_27450","string-db","224308.BSU27450/224308.BSU13220","physical","txid224308"
"BSU_13220","BSU_13230","ThiW","ThiV","thiW","thiV","ThiW","ThiV","BSU_13220","BSU_13230","subtiwiki","224308.BSU13230/224308.BSU13220","physical","txid224308"
"BSU_13220","BSU_33810","ThiW","OpuCC","thiW","opuCC","ThiW","OpuCC","BSU_13220","BSU_33810","string-db","224308.BSU33810/224308.BSU13220","physical","txid224308"
"BSU_13220","BSU_27460","ThiW","GlnP","thiW","glnP","ThiW","GlnP","BSU_13220","BSU_27460","string-db","224308.BSU27460/224308.BSU13220","physical","txid224308"
"BSU_13220","BSU_33710","ThiW","OpuBC","thiW","opuBC","ThiW","OpuBC","BSU_13220","BSU_33710","string-db","224308.BSU33710/224308.BSU13220","physical","txid224308"
"BSU_13220","BSU_38810","ThiW","MsmX","thiW","msmX","ThiW","MsmX","BSU_13220","BSU_38810","string-db","224308.BSU38810/224308.BSU13220","physical","txid224308"
"BSU_13220","BSU_30740","ThiW","MntD","thiW","mntD","ThiW","MntD","BSU_13220","BSU_30740","string-db","224308.BSU30740/224308.BSU13220","physical","txid224308"
"BSU_13220","BSU_13240","ThiW","ThiU","thiW","thiU","ThiW","ThiU","BSU_13220","BSU_13240","subtiwiki","224308.BSU13240/224308.BSU13220","physical","txid224308"
"BSU_13220","BSU_34080","ThiW","YvfS","thiW","BSU_34080","ThiW","YvfS","BSU_13220","BSU_34080","string-db","224308.BSU34080/224308.BSU13220","physical","txid224308"
"BSU_13220","BSU_35710","ThiW","TagG","thiW","tagG","ThiW","TagG","BSU_13220","BSU_35710","string-db","224308.BSU35710/224308.BSU13220","physical","txid224308"
"BSU_13220","BSU_30760","ThiW","MntB","thiW","mntB","ThiW","MntB","BSU_13220","BSU_30760","string-db","224308.BSU30760/224308.BSU13220","physical","txid224308"
"BSU_13220","BSU_29360","ThiW","TcyL","thiW","tcyL","ThiW","TcyL","BSU_13220","BSU_29360","string-db","224308.BSU29360/224308.BSU13220","physical","txid224308"
"BSU_13220","BSU_34150","ThiW","GanP","thiW","ganP","ThiW","GanP","BSU_13220","BSU_34150","string-db","224308.BSU34150/224308.BSU13220","physical","txid224308"
"BSU_13220","BSU_39490","ThiW","YxeN","thiW","yxeN","ThiW","YxeN","BSU_13220","BSU_39490","string-db","224308.BSU39490/224308.BSU13220","physical","txid224308"
"BSU_13220","BSU_40150","ThiW","YydI","thiW","epeA","ThiW","EpeA","BSU_13220","BSU_40150","string-db","224308.BSU40150/224308.BSU13220","physical","txid224308"
"BSU_13220","BSU_34600","ThiW","MdxF","thiW","mdxF","ThiW","MdxF","BSU_13220","BSU_34600","string-db","224308.BSU34600/224308.BSU13220","physical","txid224308"
"BSU_13220","BSU_34610","ThiW","MdxE","thiW","mdxE","ThiW","MdxE","BSU_13220","BSU_34610","string-db","224308.BSU34610/224308.BSU13220","physical","txid224308"
"BSU_13220","BSU_15340","ThiW","YlmA","thiW","ylmA","ThiW","YlmA","BSU_13220","BSU_15340","string-db","224308.BSU15340/224308.BSU13220","physical","txid224308"
"BSU_13220","BSU_34160","ThiW","CycB","thiW","ganS","ThiW","GanS","BSU_13220","BSU_34160","string-db","224308.BSU34160/224308.BSU13220","physical","txid224308"
"BSU_13220","BSU_32550","ThiW","YurJ","thiW","frlP","ThiW","FrlP","BSU_13220","BSU_32550","string-db","224308.BSU32550/224308.BSU13220","physical","txid224308"
"BSU_30760","BSU_32550","MntB","YurJ","mntB","frlP","MntB","FrlP","BSU_30760","BSU_32550","string-db","224308.BSU32550/224308.BSU30760","physical","txid224308"
"BSU_30760","BSU_39490","MntB","YxeN","mntB","yxeN","MntB","YxeN","BSU_30760","BSU_39490","string-db","224308.BSU39490/224308.BSU30760","physical","txid224308"
"BSU_30760","BSU_30770","MntB","MntA","mntB","mntA","MntB","MntA","BSU_30760","BSU_30770","subtiwiki","224308.BSU30770/224308.BSU30760","physical","txid224308"
"BSU_30760","BSU_40150","MntB","YydI","mntB","epeA","MntB","EpeA","BSU_30760","BSU_40150","string-db","224308.BSU40150/224308.BSU30760","physical","txid224308"
"BSU_30760","BSU_34080","MntB","YvfS","mntB","BSU_34080","MntB","YvfS","BSU_30760","BSU_34080","string-db","224308.BSU34080/224308.BSU30760","physical","txid224308"
"BSU_30760","BSU_33810","MntB","OpuCC","mntB","opuCC","MntB","OpuCC","BSU_30760","BSU_33810","string-db","224308.BSU33810/224308.BSU30760","physical","txid224308"
"BSU_30760","BSU_34600","MntB","MdxF","mntB","mdxF","MntB","MdxF","BSU_30760","BSU_34600","string-db","224308.BSU34600/224308.BSU30760","physical","txid224308"
"BSU_30760","BSU_34160","MntB","CycB","mntB","ganS","MntB","GanS","BSU_30760","BSU_34160","string-db","224308.BSU34160/224308.BSU30760","physical","txid224308"
"BSU_30760","BSU_38810","MntB","MsmX","mntB","msmX","MntB","MsmX","BSU_30760","BSU_38810","string-db","224308.BSU38810/224308.BSU30760","physical","txid224308"
"BSU_30760","BSU_33710","MntB","OpuBC","mntB","opuBC","MntB","OpuBC","BSU_30760","BSU_33710","string-db","224308.BSU33710/224308.BSU30760","physical","txid224308"
"BSU_30760","BSU_34150","MntB","GanP","mntB","ganP","MntB","GanP","BSU_30760","BSU_34150","string-db","224308.BSU34150/224308.BSU30760","physical","txid224308"
"BSU_30760","BSU_35710","MntB","TagG","mntB","tagG","MntB","TagG","BSU_30760","BSU_35710","string-db","224308.BSU35710/224308.BSU30760","physical","txid224308"
"BSU_30760","BSU_34610","MntB","MdxE","mntB","mdxE","MntB","MdxE","BSU_30760","BSU_34610","string-db","224308.BSU34610/224308.BSU30760","physical","txid224308"
"BSU_39490","BSU_39500","YxeN","YxeM","yxeN","yxeM","YxeN","YxeM","BSU_39490","BSU_39500","subtiwiki","224308.BSU39500/224308.BSU39490","physical","txid224308"
"BSU_39490","BSU_40150","YxeN","YydI","yxeN","epeA","YxeN","EpeA","BSU_39490","BSU_40150","string-db","224308.BSU40150/224308.BSU39490","physical","txid224308"
"BSU_33810","BSU_34150","OpuCC","GanP","opuCC","ganP","OpuCC","GanP","BSU_33810","BSU_34150","string-db","224308.BSU34150/224308.BSU33810","physical","txid224308"
"BSU_33810","BSU_40150","OpuCC","YydI","opuCC","epeA","OpuCC","EpeA","BSU_33810","BSU_40150","string-db","224308.BSU40150/224308.BSU33810","physical","txid224308"
"BSU_33810","BSU_39490","OpuCC","YxeN","opuCC","yxeN","OpuCC","YxeN","BSU_33810","BSU_39490","string-db","224308.BSU39490/224308.BSU33810","physical","txid224308"
"BSU_33810","BSU_34600","OpuCC","MdxF","opuCC","mdxF","OpuCC","MdxF","BSU_33810","BSU_34600","string-db","224308.BSU34600/224308.BSU33810","physical","txid224308"
"BSU_33810","BSU_38810","OpuCC","MsmX","opuCC","msmX","OpuCC","MsmX","BSU_33810","BSU_38810","string-db","224308.BSU38810/224308.BSU33810","physical","txid224308"
"BSU_33810","BSU_34080","OpuCC","YvfS","opuCC","BSU_34080","OpuCC","YvfS","BSU_33810","BSU_34080","string-db","224308.BSU34080/224308.BSU33810","physical","txid224308"
"BSU_33810","BSU_35710","OpuCC","TagG","opuCC","tagG","OpuCC","TagG","BSU_33810","BSU_35710","string-db","224308.BSU35710/224308.BSU33810","physical","txid224308"
"BSU_33810","BSU_33830","OpuCC","OpuCA","opuCC","opuCA","OpuCC","OpuCA","BSU_33810","BSU_33830","subtiwiki","224308.BSU33830/224308.BSU33810","physical","txid224308"
"BSU_33810","BSU_33820","OpuCC","OpuCB","opuCC","opuCB","OpuCC","OpuCB","BSU_33810","BSU_33820","subtiwiki","224308.BSU33820/224308.BSU33810","physical","txid224308"
"BSU_33810","BSU_34610","OpuCC","MdxE","opuCC","mdxE","OpuCC","MdxE","BSU_33810","BSU_34610","string-db","224308.BSU34610/224308.BSU33810","physical","txid224308"
"BSU_33810","BSU_34160","OpuCC","CycB","opuCC","ganS","OpuCC","GanS","BSU_33810","BSU_34160","string-db","224308.BSU34160/224308.BSU33810","physical","txid224308"
"BSU_01470","BSU_10010","EcfT","TrpP","BSU_01470","trpP","YbaF","TrpP","BSU_01470","BSU_10010","subtiwiki","224308.BSU01470/224308.BSU10010","physical","txid224308"
"BSU_01470","BSU_30990","EcfT","ThiT","BSU_01470","thiT","YbaF","ThiT","BSU_01470","BSU_30990","subtiwiki","224308.BSU01470/224308.BSU30990","physical","txid224308"
"BSU_01470","BSU_10370","EcfT","BioY","BSU_01470","panU","YbaF","YhfU","BSU_01470","BSU_10370","subtiwiki","224308.BSU10370/224308.BSU01470","physical","txid224308"
"BSU_01470","BSU_32030","EcfT","BioYB","BSU_01470","yuiG","YbaF","YuiG","BSU_01470","BSU_32030","subtiwiki","224308.BSU01470/224308.BSU32030","physical","txid224308"
"BSU_01470","BSU_13210","EcfT","ThiX","BSU_01470","thiX","YbaF","ThiX","BSU_01470","BSU_13210","string-db","224308.BSU13210/224308.BSU01470","physical","txid224308"
"BSU_30740","BSU_30750","MntD","MntC","mntD","mntC","MntD","MntC","BSU_30740","BSU_30750","subtiwiki","224308.BSU30750/224308.BSU30740","physical","txid224308"
"BSU_30740","BSU_35710","MntD","TagG","mntD","tagG","MntD","TagG","BSU_30740","BSU_35710","string-db","224308.BSU35710/224308.BSU30740","physical","txid224308"
"BSU_30740","BSU_34150","MntD","GanP","mntD","ganP","MntD","GanP","BSU_30740","BSU_34150","string-db","224308.BSU34150/224308.BSU30740","physical","txid224308"
"BSU_30740","BSU_32550","MntD","YurJ","mntD","frlP","MntD","FrlP","BSU_30740","BSU_32550","string-db","224308.BSU32550/224308.BSU30740","physical","txid224308"
"BSU_30740","BSU_33810","MntD","OpuCC","mntD","opuCC","MntD","OpuCC","BSU_30740","BSU_33810","string-db","224308.BSU33810/224308.BSU30740","physical","txid224308"
"BSU_30740","BSU_34610","MntD","MdxE","mntD","mdxE","MntD","MdxE","BSU_30740","BSU_34610","string-db","224308.BSU34610/224308.BSU30740","physical","txid224308"
"BSU_30740","BSU_40150","MntD","YydI","mntD","epeA","MntD","EpeA","BSU_30740","BSU_40150","string-db","224308.BSU40150/224308.BSU30740","physical","txid224308"
"BSU_30740","BSU_34080","MntD","YvfS","mntD","BSU_34080","MntD","YvfS","BSU_30740","BSU_34080","string-db","224308.BSU34080/224308.BSU30740","physical","txid224308"
"BSU_30740","BSU_38810","MntD","MsmX","mntD","msmX","MntD","MsmX","BSU_30740","BSU_38810","string-db","224308.BSU38810/224308.BSU30740","physical","txid224308"
"BSU_30740","BSU_33710","MntD","OpuBC","mntD","opuBC","MntD","OpuBC","BSU_30740","BSU_33710","string-db","224308.BSU33710/224308.BSU30740","physical","txid224308"
"BSU_30740","BSU_30760","MntD","MntB","mntD","mntB","MntD","MntB","BSU_30740","BSU_30760","subtiwiki","224308.BSU30760/224308.BSU30740","physical","txid224308"
"BSU_30740","BSU_39490","MntD","YxeN","mntD","yxeN","MntD","YxeN","BSU_30740","BSU_39490","string-db","224308.BSU39490/224308.BSU30740","physical","txid224308"
"BSU_30740","BSU_34600","MntD","MdxF","mntD","mdxF","MntD","MdxF","BSU_30740","BSU_34600","string-db","224308.BSU34600/224308.BSU30740","physical","txid224308"
"BSU_30740","BSU_30770","MntD","MntA","mntD","mntA","MntD","MntA","BSU_30740","BSU_30770","subtiwiki","224308.BSU30770/224308.BSU30740","physical","txid224308"
"BSU_30740","BSU_34160","MntD","CycB","mntD","ganS","MntD","GanS","BSU_30740","BSU_34160","string-db","224308.BSU34160/224308.BSU30740","physical","txid224308"
"BSU_08330","BSU_30740","YfiN","MntD","lnrN","mntD","LnrN","MntD","BSU_08330","BSU_30740","string-db","224308.BSU30740/224308.BSU08330","physical","txid224308"
"BSU_08330","BSU_33810","YfiN","OpuCC","lnrN","opuCC","LnrN","OpuCC","BSU_08330","BSU_33810","string-db","224308.BSU33810/224308.BSU08330","physical","txid224308"
"BSU_08330","BSU_34150","YfiN","GanP","lnrN","ganP","LnrN","GanP","BSU_08330","BSU_34150","string-db","224308.BSU34150/224308.BSU08330","physical","txid224308"
"BSU_08330","BSU_39490","YfiN","YxeN","lnrN","yxeN","LnrN","YxeN","BSU_08330","BSU_39490","string-db","224308.BSU39490/224308.BSU08330","physical","txid224308"
"BSU_08330","BSU_32550","YfiN","YurJ","lnrN","frlP","LnrN","FrlP","BSU_08330","BSU_32550","string-db","224308.BSU32550/224308.BSU08330","physical","txid224308"
"BSU_08330","BSU_27450","YfiN","GlnM","lnrN","glnM","LnrN","GlnM","BSU_08330","BSU_27450","string-db","224308.BSU27450/224308.BSU08330","physical","txid224308"
"BSU_08330","BSU_34600","YfiN","MdxF","lnrN","mdxF","LnrN","MdxF","BSU_08330","BSU_34600","string-db","224308.BSU34600/224308.BSU08330","physical","txid224308"
"BSU_08330","BSU_23970","YfiN","ArtQ","lnrN","artQ","LnrN","ArtQ","BSU_08330","BSU_23970","string-db","224308.BSU23970/224308.BSU08330","physical","txid224308"
"BSU_08330","BSU_30760","YfiN","MntB","lnrN","mntB","LnrN","MntB","BSU_08330","BSU_30760","string-db","224308.BSU30760/224308.BSU08330","physical","txid224308"
"BSU_08330","BSU_35710","YfiN","TagG","lnrN","tagG","LnrN","TagG","BSU_08330","BSU_35710","string-db","224308.BSU35710/224308.BSU08330","physical","txid224308"
"BSU_08330","BSU_40150","YfiN","YydI","lnrN","epeA","LnrN","EpeA","BSU_08330","BSU_40150","string-db","224308.BSU40150/224308.BSU08330","physical","txid224308"
"BSU_08330","BSU_15340","YfiN","YlmA","lnrN","ylmA","LnrN","YlmA","BSU_08330","BSU_15340","string-db","224308.BSU15340/224308.BSU08330","physical","txid224308"
"BSU_08330","BSU_30750","YfiN","MntC","lnrN","mntC","LnrN","MntC","BSU_08330","BSU_30750","string-db","224308.BSU30750/224308.BSU08330","physical","txid224308"
"BSU_08330","BSU_29360","YfiN","TcyL","lnrN","tcyL","LnrN","TcyL","BSU_08330","BSU_29360","string-db","224308.BSU29360/224308.BSU08330","physical","txid224308"
"BSU_08330","BSU_34610","YfiN","MdxE","lnrN","mdxE","LnrN","MdxE","BSU_08330","BSU_34610","string-db","224308.BSU34610/224308.BSU08330","physical","txid224308"
"BSU_08330","BSU_12960","YfiN","DppE","lnrN","dppE","LnrN","DppE","BSU_08330","BSU_12960","string-db","224308.BSU12960/224308.BSU08330","physical","txid224308"
"BSU_08330","BSU_11430","YfiN","OppA","lnrN","oppA","LnrN","OppA","BSU_08330","BSU_11430","string-db","224308.BSU11430/224308.BSU08330","physical","txid224308"
"BSU_08330","BSU_29350","YfiN","TcyM","lnrN","tcyM","LnrN","TcyM","BSU_08330","BSU_29350","string-db","224308.BSU29350/224308.BSU08330","physical","txid224308"
"BSU_08330","BSU_13220","YfiN","ThiW","lnrN","thiW","LnrN","ThiW","BSU_08330","BSU_13220","string-db","224308.BSU13220/224308.BSU08330","physical","txid224308"
"BSU_08330","BSU_33710","YfiN","OpuBC","lnrN","opuBC","LnrN","OpuBC","BSU_08330","BSU_33710","string-db","224308.BSU33710/224308.BSU08330","physical","txid224308"
"BSU_08330","BSU_27460","YfiN","GlnP","lnrN","glnP","LnrN","GlnP","BSU_08330","BSU_27460","string-db","224308.BSU27460/224308.BSU08330","physical","txid224308"
"BSU_08330","BSU_34080","YfiN","YvfS","lnrN","BSU_34080","LnrN","YvfS","BSU_08330","BSU_34080","string-db","224308.BSU34080/224308.BSU08330","physical","txid224308"
"BSU_08330","BSU_34160","YfiN","CycB","lnrN","ganS","LnrN","GanS","BSU_08330","BSU_34160","string-db","224308.BSU34160/224308.BSU08330","physical","txid224308"
"BSU_08330","BSU_38810","YfiN","MsmX","lnrN","msmX","LnrN","MsmX","BSU_08330","BSU_38810","string-db","224308.BSU38810/224308.BSU08330","physical","txid224308"
"BSU_08330","BSU_23450","YfiN","SigF","lnrN","sigF","LnrN","SigF","BSU_08330","BSU_23450","subtiwiki","224308.BSU08330/224308.BSU23450","physical","txid224308"
"BSU_02990","BSU_27460","OpuAB","GlnP","opuAB","glnP","OpuAB","GlnP","BSU_02990","BSU_27460","string-db","224308.BSU27460/224308.BSU02990","physical","txid224308"
"BSU_02990","BSU_27450","OpuAB","GlnM","opuAB","glnM","OpuAB","GlnM","BSU_02990","BSU_27450","string-db","224308.BSU27450/224308.BSU02990","physical","txid224308"
"BSU_02990","BSU_03370","OpuAB","YckA","opuAB","BSU_03370","OpuAB","YckA","BSU_02990","BSU_03370","string-db","224308.BSU03370/224308.BSU02990","physical","txid224308"
"BSU_02990","BSU_32550","OpuAB","YurJ","opuAB","frlP","OpuAB","FrlP","BSU_02990","BSU_32550","string-db","224308.BSU32550/224308.BSU02990","physical","txid224308"
"BSU_02990","BSU_33810","OpuAB","OpuCC","opuAB","opuCC","OpuAB","OpuCC","BSU_02990","BSU_33810","string-db","224308.BSU33810/224308.BSU02990","physical","txid224308"
"BSU_02990","BSU_30740","OpuAB","MntD","opuAB","mntD","OpuAB","MntD","BSU_02990","BSU_30740","string-db","224308.BSU30740/224308.BSU02990","physical","txid224308"
"BSU_02990","BSU_39490","OpuAB","YxeN","opuAB","yxeN","OpuAB","YxeN","BSU_02990","BSU_39490","string-db","224308.BSU39490/224308.BSU02990","physical","txid224308"
"BSU_02990","BSU_08330","OpuAB","YfiN","opuAB","lnrN","OpuAB","LnrN","BSU_02990","BSU_08330","string-db","224308.BSU08330/224308.BSU02990","physical","txid224308"
"BSU_02990","BSU_13220","OpuAB","ThiW","opuAB","thiW","OpuAB","ThiW","BSU_02990","BSU_13220","string-db","224308.BSU13220/224308.BSU02990","physical","txid224308"
"BSU_02990","BSU_34150","OpuAB","GanP","opuAB","ganP","OpuAB","GanP","BSU_02990","BSU_34150","string-db","224308.BSU34150/224308.BSU02990","physical","txid224308"
"BSU_02990","BSU_08320","OpuAB","YfiM","opuAB","lnrM","OpuAB","LnrM","BSU_02990","BSU_08320","string-db","224308.BSU08320/224308.BSU02990","physical","txid224308"
"BSU_02990","BSU_40150","OpuAB","YydI","opuAB","epeA","OpuAB","EpeA","BSU_02990","BSU_40150","string-db","224308.BSU40150/224308.BSU02990","physical","txid224308"
"BSU_02990","BSU_03000","OpuAB","OpuAC","opuAB","opuAC","OpuAB","OpuAC","BSU_02990","BSU_03000","subtiwiki","224308.BSU03000/224308.BSU02990","physical","txid224308"
"BSU_02990","BSU_30760","OpuAB","MntB","opuAB","mntB","OpuAB","MntB","BSU_02990","BSU_30760","string-db","224308.BSU30760/224308.BSU02990","physical","txid224308"
"BSU_02990","BSU_12960","OpuAB","DppE","opuAB","dppE","OpuAB","DppE","BSU_02990","BSU_12960","string-db","224308.BSU12960/224308.BSU02990","physical","txid224308"
"BSU_02990","BSU_34610","OpuAB","MdxE","opuAB","mdxE","OpuAB","MdxE","BSU_02990","BSU_34610","string-db","224308.BSU34610/224308.BSU02990","physical","txid224308"
"BSU_02990","BSU_23970","OpuAB","ArtQ","opuAB","artQ","OpuAB","ArtQ","BSU_02990","BSU_23970","string-db","224308.BSU23970/224308.BSU02990","physical","txid224308"
"BSU_02990","BSU_38810","OpuAB","MsmX","opuAB","msmX","OpuAB","MsmX","BSU_02990","BSU_38810","string-db","224308.BSU38810/224308.BSU02990","physical","txid224308"
"BSU_02990","BSU_35710","OpuAB","TagG","opuAB","tagG","OpuAB","TagG","BSU_02990","BSU_35710","string-db","224308.BSU35710/224308.BSU02990","physical","txid224308"
"BSU_02990","BSU_03600","OpuAB","TcyB","opuAB","BSU_03600","OpuAB","TcyB","BSU_02990","BSU_03600","string-db","224308.BSU03600/224308.BSU02990","physical","txid224308"
"BSU_02990","BSU_34600","OpuAB","MdxF","opuAB","mdxF","OpuAB","MdxF","BSU_02990","BSU_34600","string-db","224308.BSU34600/224308.BSU02990","physical","txid224308"
"BSU_02990","BSU_29350","OpuAB","TcyM","opuAB","tcyM","OpuAB","TcyM","BSU_02990","BSU_29350","string-db","224308.BSU29350/224308.BSU02990","physical","txid224308"
"BSU_02990","BSU_33710","OpuAB","OpuBC","opuAB","opuBC","OpuAB","OpuBC","BSU_02990","BSU_33710","string-db","224308.BSU33710/224308.BSU02990","physical","txid224308"
"BSU_02990","BSU_29360","OpuAB","TcyL","opuAB","tcyL","OpuAB","TcyL","BSU_02990","BSU_29360","string-db","224308.BSU29360/224308.BSU02990","physical","txid224308"
"BSU_02990","BSU_34080","OpuAB","YvfS","opuAB","BSU_34080","OpuAB","YvfS","BSU_02990","BSU_34080","string-db","224308.BSU34080/224308.BSU02990","physical","txid224308"
"BSU_02990","BSU_30750","OpuAB","MntC","opuAB","mntC","OpuAB","MntC","BSU_02990","BSU_30750","string-db","224308.BSU30750/224308.BSU02990","physical","txid224308"
"BSU_02990","BSU_11430","OpuAB","OppA","opuAB","oppA","OpuAB","OppA","BSU_02990","BSU_11430","string-db","224308.BSU11430/224308.BSU02990","physical","txid224308"
"BSU_02990","BSU_15340","OpuAB","YlmA","opuAB","ylmA","OpuAB","YlmA","BSU_02990","BSU_15340","string-db","224308.BSU15340/224308.BSU02990","physical","txid224308"
"BSU_02990","BSU_34160","OpuAB","CycB","opuAB","ganS","OpuAB","GanS","BSU_02990","BSU_34160","string-db","224308.BSU34160/224308.BSU02990","physical","txid224308"
"BSU_03370","BSU_12960","YckA","DppE","BSU_03370","dppE","YckA","DppE","BSU_03370","BSU_12960","string-db","224308.BSU12960/224308.BSU03370","physical","txid224308"
"BSU_03370","BSU_35710","YckA","TagG","BSU_03370","tagG","YckA","TagG","BSU_03370","BSU_35710","string-db","224308.BSU35710/224308.BSU03370","physical","txid224308"
"BSU_03370","BSU_23970","YckA","ArtQ","BSU_03370","artQ","YckA","ArtQ","BSU_03370","BSU_23970","string-db","224308.BSU23970/224308.BSU03370","physical","txid224308"
"BSU_03370","BSU_03600","YckA","TcyB","BSU_03370","BSU_03600","YckA","TcyB","BSU_03370","BSU_03600","string-db","224308.BSU03600/224308.BSU03370","physical","txid224308"
"BSU_03370","BSU_15340","YckA","YlmA","BSU_03370","ylmA","YckA","YlmA","BSU_03370","BSU_15340","string-db","224308.BSU15340/224308.BSU03370","physical","txid224308"
"BSU_03370","BSU_34600","YckA","MdxF","BSU_03370","mdxF","YckA","MdxF","BSU_03370","BSU_34600","string-db","224308.BSU34600/224308.BSU03370","physical","txid224308"
"BSU_03370","BSU_38810","YckA","MsmX","BSU_03370","msmX","YckA","MsmX","BSU_03370","BSU_38810","string-db","224308.BSU38810/224308.BSU03370","physical","txid224308"
"BSU_03370","BSU_34610","YckA","MdxE","BSU_03370","mdxE","YckA","MdxE","BSU_03370","BSU_34610","string-db","224308.BSU34610/224308.BSU03370","physical","txid224308"
"BSU_03370","BSU_03610","YckA","TcyA","BSU_03370","BSU_03610","YckA","TcyA","BSU_03370","BSU_03610","string-db","224308.BSU03610/224308.BSU03370","physical","txid224308"
"BSU_03370","BSU_29350","YckA","TcyM","BSU_03370","tcyM","YckA","TcyM","BSU_03370","BSU_29350","string-db","224308.BSU29350/224308.BSU03370","physical","txid224308"
"BSU_03370","BSU_11430","YckA","OppA","BSU_03370","oppA","YckA","OppA","BSU_03370","BSU_11430","string-db","224308.BSU11430/224308.BSU03370","physical","txid224308"
"BSU_03370","BSU_34160","YckA","CycB","BSU_03370","ganS","YckA","GanS","BSU_03370","BSU_34160","string-db","224308.BSU34160/224308.BSU03370","physical","txid224308"
"BSU_03370","BSU_30750","YckA","MntC","BSU_03370","mntC","YckA","MntC","BSU_03370","BSU_30750","string-db","224308.BSU30750/224308.BSU03370","physical","txid224308"
"BSU_03370","BSU_34080","YckA","YvfS","BSU_03370","BSU_34080","YckA","YvfS","BSU_03370","BSU_34080","string-db","224308.BSU34080/224308.BSU03370","physical","txid224308"
"BSU_03370","BSU_29360","YckA","TcyL","BSU_03370","tcyL","YckA","TcyL","BSU_03370","BSU_29360","string-db","224308.BSU29360/224308.BSU03370","physical","txid224308"
"BSU_03370","BSU_34150","YckA","GanP","BSU_03370","ganP","YckA","GanP","BSU_03370","BSU_34150","string-db","224308.BSU34150/224308.BSU03370","physical","txid224308"
"BSU_03370","BSU_03590","YckA","TcyC","BSU_03370","BSU_03590","YckA","TcyC","BSU_03370","BSU_03590","string-db","224308.BSU03590/224308.BSU03370","physical","txid224308"
"BSU_03370","BSU_30740","YckA","MntD","BSU_03370","mntD","YckA","MntD","BSU_03370","BSU_30740","string-db","224308.BSU30740/224308.BSU03370","physical","txid224308"
"BSU_03370","BSU_08320","YckA","YfiM","BSU_03370","lnrM","YckA","LnrM","BSU_03370","BSU_08320","string-db","224308.BSU08320/224308.BSU03370","physical","txid224308"
"BSU_03370","BSU_39490","YckA","YxeN","BSU_03370","yxeN","YckA","YxeN","BSU_03370","BSU_39490","string-db","224308.BSU39490/224308.BSU03370","physical","txid224308"
"BSU_03370","BSU_27460","YckA","GlnP","BSU_03370","glnP","YckA","GlnP","BSU_03370","BSU_27460","string-db","224308.BSU27460/224308.BSU03370","physical","txid224308"
"BSU_03370","BSU_30760","YckA","MntB","BSU_03370","mntB","YckA","MntB","BSU_03370","BSU_30760","string-db","224308.BSU30760/224308.BSU03370","physical","txid224308"
"BSU_03370","BSU_33810","YckA","OpuCC","BSU_03370","opuCC","YckA","OpuCC","BSU_03370","BSU_33810","string-db","224308.BSU33810/224308.BSU03370","physical","txid224308"
"BSU_03370","BSU_32550","YckA","YurJ","BSU_03370","frlP","YckA","FrlP","BSU_03370","BSU_32550","string-db","224308.BSU32550/224308.BSU03370","physical","txid224308"
"BSU_03370","BSU_13220","YckA","ThiW","BSU_03370","thiW","YckA","ThiW","BSU_03370","BSU_13220","string-db","224308.BSU13220/224308.BSU03370","physical","txid224308"
"BSU_03370","BSU_27450","YckA","GlnM","BSU_03370","glnM","YckA","GlnM","BSU_03370","BSU_27450","string-db","224308.BSU27450/224308.BSU03370","physical","txid224308"
"BSU_03370","BSU_08330","YckA","YfiN","BSU_03370","lnrN","YckA","LnrN","BSU_03370","BSU_08330","string-db","224308.BSU08330/224308.BSU03370","physical","txid224308"
"BSU_03370","BSU_40150","YckA","YydI","BSU_03370","epeA","YckA","EpeA","BSU_03370","BSU_40150","string-db","224308.BSU40150/224308.BSU03370","physical","txid224308"
"BSU_03370","BSU_33710","YckA","OpuBC","BSU_03370","opuBC","YckA","OpuBC","BSU_03370","BSU_33710","string-db","224308.BSU33710/224308.BSU03370","physical","txid224308"
"BSU_03370","BSU_03380","YckA","YckB","BSU_03370","BSU_03380","YckA","YckB","BSU_03370","BSU_03380","subtiwiki","224308.BSU03370/224308.BSU03380","physical","txid224308"
"BSU_10370","BSU_23050","BioY","FmnP","panU","ribU","YhfU","RibU","BSU_10370","BSU_23050","string-db","224308.BSU23050/224308.BSU10370","physical","txid224308"
"BSU_10370","BSU_32030","BioY","BioYB","panU","yuiG","YhfU","YuiG","BSU_10370","BSU_32030","string-db","224308.BSU32030/224308.BSU10370","physical","txid224308"
"BSU_10370","BSU_13210","BioY","ThiX","panU","thiX","YhfU","ThiX","BSU_10370","BSU_13210","string-db","224308.BSU13210/224308.BSU10370","physical","txid224308"
"BSU_10370","BSU_30990","BioY","ThiT","panU","thiT","YhfU","ThiT","BSU_10370","BSU_30990","string-db","224308.BSU30990/224308.BSU10370","physical","txid224308"
"BSU_32550","BSU_32590","YurJ","FrlN","frlP","frlN","FrlP","FrlN","BSU_32550","BSU_32590","subtiwiki","224308.BSU32550/224308.BSU32590","physical","txid224308"
"BSU_32550","BSU_34600","YurJ","MdxF","frlP","mdxF","FrlP","MdxF","BSU_32550","BSU_34600","string-db","224308.BSU34600/224308.BSU32550","physical","txid224308"
"BSU_32550","BSU_34080","YurJ","YvfS","frlP","BSU_34080","FrlP","YvfS","BSU_32550","BSU_34080","string-db","224308.BSU34080/224308.BSU32550","physical","txid224308"
"BSU_32550","BSU_33710","YurJ","OpuBC","frlP","opuBC","FrlP","OpuBC","BSU_32550","BSU_33710","string-db","224308.BSU33710/224308.BSU32550","physical","txid224308"
"BSU_32550","BSU_39490","YurJ","YxeN","frlP","yxeN","FrlP","YxeN","BSU_32550","BSU_39490","string-db","224308.BSU39490/224308.BSU32550","physical","txid224308"
"BSU_32550","BSU_34150","YurJ","GanP","frlP","ganP","FrlP","GanP","BSU_32550","BSU_34150","subtiwiki","224308.BSU32550/224308.BSU34150","physical","txid224308"
"BSU_32550","BSU_40150","YurJ","YydI","frlP","epeA","FrlP","EpeA","BSU_32550","BSU_40150","string-db","224308.BSU40150/224308.BSU32550","physical","txid224308"
"BSU_32550","BSU_34610","YurJ","MdxE","frlP","mdxE","FrlP","MdxE","BSU_32550","BSU_34610","string-db","224308.BSU34610/224308.BSU32550","physical","txid224308"
"BSU_32550","BSU_34160","YurJ","CycB","frlP","ganS","FrlP","GanS","BSU_32550","BSU_34160","string-db","224308.BSU34160/224308.BSU32550","physical","txid224308"
"BSU_32550","BSU_33810","YurJ","OpuCC","frlP","opuCC","FrlP","OpuCC","BSU_32550","BSU_33810","string-db","224308.BSU33810/224308.BSU32550","physical","txid224308"
"BSU_32550","BSU_38810","YurJ","MsmX","frlP","msmX","FrlP","MsmX","BSU_32550","BSU_38810","string-db","224308.BSU38810/224308.BSU32550","physical","txid224308"
"BSU_32550","BSU_34140","YurJ","GanQ","frlP","ganQ","FrlP","GanQ","BSU_32550","BSU_34140","subtiwiki","224308.BSU32550/224308.BSU34140","physical","txid224308"
"BSU_32550","BSU_32580","YurJ","FrlM","frlP","frlM","FrlP","FrlM","BSU_32550","BSU_32580","subtiwiki","224308.BSU32580/224308.BSU32550","physical","txid224308"
"BSU_32550","BSU_32600","YurJ","FrlO","frlP","frlO","FrlP","FrlO","BSU_32550","BSU_32600","subtiwiki","224308.BSU32550/224308.BSU32600","physical","txid224308"
"BSU_32550","BSU_35710","YurJ","TagG","frlP","tagG","FrlP","TagG","BSU_32550","BSU_35710","string-db","224308.BSU35710/224308.BSU32550","physical","txid224308"
"BSU_32550","BSU_34590","YurJ","MdxG","frlP","mdxG","FrlP","MdxG","BSU_32550","BSU_34590","string-db","224308.BSU34590/224308.BSU32550","physical","txid224308"
"BSU_27450","BSU_30760","GlnM","MntB","glnM","mntB","GlnM","MntB","BSU_27450","BSU_30760","string-db","224308.BSU30760/224308.BSU27450","physical","txid224308"
"BSU_27450","BSU_29350","GlnM","TcyM","glnM","tcyM","GlnM","TcyM","BSU_27450","BSU_29350","string-db","224308.BSU29350/224308.BSU27450","physical","txid224308"
"BSU_27450","BSU_38810","GlnM","MsmX","glnM","msmX","GlnM","MsmX","BSU_27450","BSU_38810","string-db","224308.BSU38810/224308.BSU27450","physical","txid224308"
"BSU_27450","BSU_35710","GlnM","TagG","glnM","tagG","GlnM","TagG","BSU_27450","BSU_35710","string-db","224308.BSU35710/224308.BSU27450","physical","txid224308"
"BSU_27450","BSU_39490","GlnM","YxeN","glnM","yxeN","GlnM","YxeN","BSU_27450","BSU_39490","string-db","224308.BSU39490/224308.BSU27450","physical","txid224308"
"BSU_27450","BSU_34150","GlnM","GanP","glnM","ganP","GlnM","GanP","BSU_27450","BSU_34150","string-db","224308.BSU34150/224308.BSU27450","physical","txid224308"
"BSU_27450","BSU_33810","GlnM","OpuCC","glnM","opuCC","GlnM","OpuCC","BSU_27450","BSU_33810","string-db","224308.BSU33810/224308.BSU27450","physical","txid224308"
"BSU_27450","BSU_30750","GlnM","MntC","glnM","mntC","GlnM","MntC","BSU_27450","BSU_30750","string-db","224308.BSU30750/224308.BSU27450","physical","txid224308"
"BSU_27450","BSU_34080","GlnM","YvfS","glnM","BSU_34080","GlnM","YvfS","BSU_27450","BSU_34080","string-db","224308.BSU34080/224308.BSU27450","physical","txid224308"
"BSU_27450","BSU_27460","GlnM","GlnP","glnM","glnP","GlnM","GlnP","BSU_27450","BSU_27460","subtiwiki","224308.BSU27450/224308.BSU27460","physical","txid224308"
"BSU_27450","BSU_34160","GlnM","CycB","glnM","ganS","GlnM","GanS","BSU_27450","BSU_34160","string-db","224308.BSU34160/224308.BSU27450","physical","txid224308"
"BSU_27450","BSU_32550","GlnM","YurJ","glnM","frlP","GlnM","FrlP","BSU_27450","BSU_32550","string-db","224308.BSU32550/224308.BSU27450","physical","txid224308"
"BSU_27450","BSU_34610","GlnM","MdxE","glnM","mdxE","GlnM","MdxE","BSU_27450","BSU_34610","string-db","224308.BSU34610/224308.BSU27450","physical","txid224308"
"BSU_27450","BSU_29360","GlnM","TcyL","glnM","tcyL","GlnM","TcyL","BSU_27450","BSU_29360","string-db","224308.BSU29360/224308.BSU27450","physical","txid224308"
"BSU_27450","BSU_40150","GlnM","YydI","glnM","epeA","GlnM","EpeA","BSU_27450","BSU_40150","string-db","224308.BSU40150/224308.BSU27450","physical","txid224308"
"BSU_27450","BSU_33710","GlnM","OpuBC","glnM","opuBC","GlnM","OpuBC","BSU_27450","BSU_33710","string-db","224308.BSU33710/224308.BSU27450","physical","txid224308"
"BSU_27450","BSU_34600","GlnM","MdxF","glnM","mdxF","GlnM","MdxF","BSU_27450","BSU_34600","string-db","224308.BSU34600/224308.BSU27450","physical","txid224308"
"BSU_27450","BSU_30740","GlnM","MntD","glnM","mntD","GlnM","MntD","BSU_27450","BSU_30740","string-db","224308.BSU30740/224308.BSU27450","physical","txid224308"
"BSU_34150","BSU_34600","GanP","MdxF","ganP","mdxF","GanP","MdxF","BSU_34150","BSU_34600","string-db","224308.BSU34600/224308.BSU34150","physical","txid224308"
"BSU_34150","BSU_34160","GanP","CycB","ganP","ganS","GanP","GanS","BSU_34150","BSU_34160","subtiwiki","224308.BSU34150/224308.BSU34160","physical","txid224308"
"BSU_34150","BSU_39490","GanP","YxeN","ganP","yxeN","GanP","YxeN","BSU_34150","BSU_39490","string-db","224308.BSU39490/224308.BSU34150","physical","txid224308"
"BSU_34150","BSU_38810","GanP","MsmX","ganP","msmX","GanP","MsmX","BSU_34150","BSU_38810","subtiwiki","224308.BSU34150/224308.BSU38810","physical","txid224308"
"BSU_34150","BSU_34590","GanP","MdxG","ganP","mdxG","GanP","MdxG","BSU_34150","BSU_34590","string-db","224308.BSU34590/224308.BSU34150","physical","txid224308"
"BSU_34150","BSU_40150","GanP","YydI","ganP","epeA","GanP","EpeA","BSU_34150","BSU_40150","string-db","224308.BSU40150/224308.BSU34150","physical","txid224308"
"BSU_34150","BSU_35710","GanP","TagG","ganP","tagG","GanP","TagG","BSU_34150","BSU_35710","string-db","224308.BSU35710/224308.BSU34150","physical","txid224308"
"BSU_34150","BSU_34610","GanP","MdxE","ganP","mdxE","GanP","MdxE","BSU_34150","BSU_34610","string-db","224308.BSU34610/224308.BSU34150","physical","txid224308"
"BSU_08320","BSU_34080","YfiM","YvfS","lnrM","BSU_34080","LnrM","YvfS","BSU_08320","BSU_34080","string-db","224308.BSU34080/224308.BSU08320","physical","txid224308"
"BSU_08320","BSU_23970","YfiM","ArtQ","lnrM","artQ","LnrM","ArtQ","BSU_08320","BSU_23970","string-db","224308.BSU23970/224308.BSU08320","physical","txid224308"
"BSU_08320","BSU_29360","YfiM","TcyL","lnrM","tcyL","LnrM","TcyL","BSU_08320","BSU_29360","string-db","224308.BSU29360/224308.BSU08320","physical","txid224308"
"BSU_08320","BSU_34160","YfiM","CycB","lnrM","ganS","LnrM","GanS","BSU_08320","BSU_34160","string-db","224308.BSU34160/224308.BSU08320","physical","txid224308"
"BSU_08320","BSU_34600","YfiM","MdxF","lnrM","mdxF","LnrM","MdxF","BSU_08320","BSU_34600","string-db","224308.BSU34600/224308.BSU08320","physical","txid224308"
"BSU_08320","BSU_13220","YfiM","ThiW","lnrM","thiW","LnrM","ThiW","BSU_08320","BSU_13220","string-db","224308.BSU13220/224308.BSU08320","physical","txid224308"
"BSU_08320","BSU_12960","YfiM","DppE","lnrM","dppE","LnrM","DppE","BSU_08320","BSU_12960","string-db","224308.BSU12960/224308.BSU08320","physical","txid224308"
"BSU_08320","BSU_40150","YfiM","YydI","lnrM","epeA","LnrM","EpeA","BSU_08320","BSU_40150","string-db","224308.BSU40150/224308.BSU08320","physical","txid224308"
"BSU_08320","BSU_11430","YfiM","OppA","lnrM","oppA","LnrM","OppA","BSU_08320","BSU_11430","string-db","224308.BSU11430/224308.BSU08320","physical","txid224308"
"BSU_08320","BSU_33710","YfiM","OpuBC","lnrM","opuBC","LnrM","OpuBC","BSU_08320","BSU_33710","string-db","224308.BSU33710/224308.BSU08320","physical","txid224308"
"BSU_08320","BSU_30760","YfiM","MntB","lnrM","mntB","LnrM","MntB","BSU_08320","BSU_30760","string-db","224308.BSU30760/224308.BSU08320","physical","txid224308"
"BSU_08320","BSU_30750","YfiM","MntC","lnrM","mntC","LnrM","MntC","BSU_08320","BSU_30750","string-db","224308.BSU30750/224308.BSU08320","physical","txid224308"
"BSU_08320","BSU_08330","YfiM","YfiN","lnrM","lnrN","LnrM","LnrN","BSU_08320","BSU_08330","subtiwiki","224308.BSU08320/224308.BSU08330","physical","txid224308"
"BSU_08320","BSU_35710","YfiM","TagG","lnrM","tagG","LnrM","TagG","BSU_08320","BSU_35710","string-db","224308.BSU35710/224308.BSU08320","physical","txid224308"
"BSU_08320","BSU_27450","YfiM","GlnM","lnrM","glnM","LnrM","GlnM","BSU_08320","BSU_27450","string-db","224308.BSU27450/224308.BSU08320","physical","txid224308"
"BSU_08320","BSU_32550","YfiM","YurJ","lnrM","frlP","LnrM","FrlP","BSU_08320","BSU_32550","string-db","224308.BSU32550/224308.BSU08320","physical","txid224308"
"BSU_08320","BSU_38810","YfiM","MsmX","lnrM","msmX","LnrM","MsmX","BSU_08320","BSU_38810","string-db","224308.BSU38810/224308.BSU08320","physical","txid224308"
"BSU_08320","BSU_34610","YfiM","MdxE","lnrM","mdxE","LnrM","MdxE","BSU_08320","BSU_34610","string-db","224308.BSU34610/224308.BSU08320","physical","txid224308"
"BSU_08320","BSU_33810","YfiM","OpuCC","lnrM","opuCC","LnrM","OpuCC","BSU_08320","BSU_33810","string-db","224308.BSU33810/224308.BSU08320","physical","txid224308"
"BSU_08320","BSU_27460","YfiM","GlnP","lnrM","glnP","LnrM","GlnP","BSU_08320","BSU_27460","string-db","224308.BSU27460/224308.BSU08320","physical","txid224308"
"BSU_08320","BSU_34150","YfiM","GanP","lnrM","ganP","LnrM","GanP","BSU_08320","BSU_34150","string-db","224308.BSU34150/224308.BSU08320","physical","txid224308"
"BSU_08320","BSU_29350","YfiM","TcyM","lnrM","tcyM","LnrM","TcyM","BSU_08320","BSU_29350","string-db","224308.BSU29350/224308.BSU08320","physical","txid224308"
"BSU_08320","BSU_15340","YfiM","YlmA","lnrM","ylmA","LnrM","YlmA","BSU_08320","BSU_15340","string-db","224308.BSU15340/224308.BSU08320","physical","txid224308"
"BSU_08320","BSU_30740","YfiM","MntD","lnrM","mntD","LnrM","MntD","BSU_08320","BSU_30740","string-db","224308.BSU30740/224308.BSU08320","physical","txid224308"
"BSU_08320","BSU_39490","YfiM","YxeN","lnrM","yxeN","LnrM","YxeN","BSU_08320","BSU_39490","string-db","224308.BSU39490/224308.BSU08320","physical","txid224308"
"BSU_08320","BSU_08310","YfiM","LnrL","lnrM","lnrL","LnrM","LnrL","BSU_08320","BSU_08310","subtiwiki","224308.BSU08320/224308.BSU08310","physical","txid224308"
"BSU_34160","BSU_34600","CycB","MdxF","ganS","mdxF","GanS","MdxF","BSU_34160","BSU_34600","string-db","224308.BSU34600/224308.BSU34160","physical","txid224308"
"BSU_34160","BSU_34610","CycB","MdxE","ganS","mdxE","GanS","MdxE","BSU_34160","BSU_34610","string-db","224308.BSU34610/224308.BSU34160","physical","txid224308"
"BSU_34160","BSU_40150","CycB","YydI","ganS","epeA","GanS","EpeA","BSU_34160","BSU_40150","string-db","224308.BSU40150/224308.BSU34160","physical","txid224308"
"BSU_34160","BSU_39490","CycB","YxeN","ganS","yxeN","GanS","YxeN","BSU_34160","BSU_39490","string-db","224308.BSU39490/224308.BSU34160","physical","txid224308"
"BSU_34160","BSU_34590","CycB","MdxG","ganS","mdxG","GanS","MdxG","BSU_34160","BSU_34590","string-db","224308.BSU34590/224308.BSU34160","physical","txid224308"
"BSU_34160","BSU_35710","CycB","TagG","ganS","tagG","GanS","TagG","BSU_34160","BSU_35710","string-db","224308.BSU35710/224308.BSU34160","physical","txid224308"
"BSU_34160","BSU_38810","CycB","MsmX","ganS","msmX","GanS","MsmX","BSU_34160","BSU_38810","string-db","224308.BSU38810/224308.BSU34160","physical","txid224308"
"BSU_38810","BSU_39490","MsmX","YxeN","msmX","yxeN","MsmX","YxeN","BSU_38810","BSU_39490","string-db","224308.BSU39490/224308.BSU38810","physical","txid224308"
"BSU_38810","BSU_40150","MsmX","YydI","msmX","epeA","MsmX","EpeA","BSU_38810","BSU_40150","string-db","224308.BSU40150/224308.BSU38810","physical","txid224308"
"BSU_34080","BSU_38810","YvfS","MsmX","BSU_34080","msmX","YvfS","MsmX","BSU_34080","BSU_38810","string-db","224308.BSU38810/224308.BSU34080","physical","txid224308"
"BSU_34080","BSU_34600","YvfS","MdxF","BSU_34080","mdxF","YvfS","MdxF","BSU_34080","BSU_34600","string-db","224308.BSU34600/224308.BSU34080","physical","txid224308"
"BSU_34080","BSU_34610","YvfS","MdxE","BSU_34080","mdxE","YvfS","MdxE","BSU_34080","BSU_34610","string-db","224308.BSU34610/224308.BSU34080","physical","txid224308"
"BSU_34080","BSU_39490","YvfS","YxeN","BSU_34080","yxeN","YvfS","YxeN","BSU_34080","BSU_39490","string-db","224308.BSU39490/224308.BSU34080","physical","txid224308"
"BSU_34080","BSU_34150","YvfS","GanP","BSU_34080","ganP","YvfS","GanP","BSU_34080","BSU_34150","string-db","224308.BSU34150/224308.BSU34080","physical","txid224308"
"BSU_34080","BSU_40150","YvfS","YydI","BSU_34080","epeA","YvfS","EpeA","BSU_34080","BSU_40150","string-db","224308.BSU40150/224308.BSU34080","physical","txid224308"
"BSU_34080","BSU_34160","YvfS","CycB","BSU_34080","ganS","YvfS","GanS","BSU_34080","BSU_34160","string-db","224308.BSU34160/224308.BSU34080","physical","txid224308"
"BSU_34080","BSU_35710","YvfS","TagG","BSU_34080","tagG","YvfS","TagG","BSU_34080","BSU_35710","string-db","224308.BSU35710/224308.BSU34080","physical","txid224308"
"BSU_34080","BSU_34090","YvfS","YvfR","BSU_34080","BSU_34090","YvfS","YvfR","BSU_34080","BSU_34090","subtiwiki","224308.BSU34080/224308.BSU34090","physical","txid224308"
"BSU_11430","BSU_11470","OppA","OppF","oppA","oppF","OppA","OppF","BSU_11430","BSU_11470","subtiwiki","224308.BSU11430/224308.BSU11470","physical","txid224308"
"BSU_11430","BSU_13220","OppA","ThiW","oppA","thiW","OppA","ThiW","BSU_11430","BSU_13220","string-db","224308.BSU13220/224308.BSU11430","physical","txid224308"
"BSU_11430","BSU_27460","OppA","GlnP","oppA","glnP","OppA","GlnP","BSU_11430","BSU_27460","string-db","224308.BSU27460/224308.BSU11430","physical","txid224308"
"BSU_11430","BSU_33810","OppA","OpuCC","oppA","opuCC","OppA","OpuCC","BSU_11430","BSU_33810","string-db","224308.BSU33810/224308.BSU11430","physical","txid224308"
"BSU_11430","BSU_11450","OppA","OppC","oppA","oppC","OppA","OppC","BSU_11430","BSU_11450","subtiwiki","224308.BSU11430/224308.BSU11450","physical","txid224308"
"BSU_11430","BSU_34610","OppA","MdxE","oppA","mdxE","OppA","MdxE","BSU_11430","BSU_34610","string-db","224308.BSU34610/224308.BSU11430","physical","txid224308"
"BSU_11430","BSU_29350","OppA","TcyM","oppA","tcyM","OppA","TcyM","BSU_11430","BSU_29350","string-db","224308.BSU29350/224308.BSU11430","physical","txid224308"
"BSU_11430","BSU_12960","OppA","DppE","oppA","dppE","OppA","DppE","BSU_11430","BSU_12960","string-db","224308.BSU12960/224308.BSU11430","physical","txid224308"
"BSU_11430","BSU_40150","OppA","YydI","oppA","epeA","OppA","EpeA","BSU_11430","BSU_40150","string-db","224308.BSU40150/224308.BSU11430","physical","txid224308"
"BSU_11430","BSU_11460","OppA","OppD","oppA","oppD","OppA","OppD","BSU_11430","BSU_11460","subtiwiki","224308.BSU11460/224308.BSU11430","physical","txid224308"
"BSU_11430","BSU_15340","OppA","YlmA","oppA","ylmA","OppA","YlmA","BSU_11430","BSU_15340","string-db","224308.BSU15340/224308.BSU11430","physical","txid224308"
"BSU_11430","BSU_29360","OppA","TcyL","oppA","tcyL","OppA","TcyL","BSU_11430","BSU_29360","string-db","224308.BSU29360/224308.BSU11430","physical","txid224308"
"BSU_11430","BSU_34150","OppA","GanP","oppA","ganP","OppA","GanP","BSU_11430","BSU_34150","string-db","224308.BSU34150/224308.BSU11430","physical","txid224308"
"BSU_11430","BSU_33710","OppA","OpuBC","oppA","opuBC","OppA","OpuBC","BSU_11430","BSU_33710","string-db","224308.BSU33710/224308.BSU11430","physical","txid224308"
"BSU_11430","BSU_38810","OppA","MsmX","oppA","msmX","OppA","MsmX","BSU_11430","BSU_38810","string-db","224308.BSU38810/224308.BSU11430","physical","txid224308"
"BSU_11430","BSU_27450","OppA","GlnM","oppA","glnM","OppA","GlnM","BSU_11430","BSU_27450","string-db","224308.BSU27450/224308.BSU11430","physical","txid224308"
"BSU_11430","BSU_23970","OppA","ArtQ","oppA","artQ","OppA","ArtQ","BSU_11430","BSU_23970","string-db","224308.BSU23970/224308.BSU11430","physical","txid224308"
"BSU_11430","BSU_34160","OppA","CycB","oppA","ganS","OppA","GanS","BSU_11430","BSU_34160","string-db","224308.BSU34160/224308.BSU11430","physical","txid224308"
"BSU_11430","BSU_30750","OppA","MntC","oppA","mntC","OppA","MntC","BSU_11430","BSU_30750","string-db","224308.BSU30750/224308.BSU11430","physical","txid224308"
"BSU_11430","BSU_11440","OppA","OppB","oppA","oppB","OppA","OppB","BSU_11430","BSU_11440","subtiwiki","224308.BSU11430/224308.BSU11440","physical","txid224308"
"BSU_11430","BSU_35710","OppA","TagG","oppA","tagG","OppA","TagG","BSU_11430","BSU_35710","string-db","224308.BSU35710/224308.BSU11430","physical","txid224308"
"BSU_11430","BSU_12930","OppA","DppB","oppA","dppB","OppA","DppB","BSU_11430","BSU_12930","string-db","224308.BSU12930/224308.BSU11430","physical","txid224308"
"BSU_11430","BSU_39490","OppA","YxeN","oppA","yxeN","OppA","YxeN","BSU_11430","BSU_39490","string-db","224308.BSU39490/224308.BSU11430","physical","txid224308"
"BSU_11430","BSU_30740","OppA","MntD","oppA","mntD","OppA","MntD","BSU_11430","BSU_30740","string-db","224308.BSU30740/224308.BSU11430","physical","txid224308"
"BSU_11430","BSU_12940","OppA","DppC","oppA","dppC","OppA","DppC","BSU_11430","BSU_12940","string-db","224308.BSU12940/224308.BSU11430","physical","txid224308"
"BSU_11430","BSU_30760","OppA","MntB","oppA","mntB","OppA","MntB","BSU_11430","BSU_30760","string-db","224308.BSU30760/224308.BSU11430","physical","txid224308"
"BSU_11430","BSU_32550","OppA","YurJ","oppA","frlP","OppA","FrlP","BSU_11430","BSU_32550","string-db","224308.BSU32550/224308.BSU11430","physical","txid224308"
"BSU_11430","BSU_34080","OppA","YvfS","oppA","BSU_34080","OppA","YvfS","BSU_11430","BSU_34080","string-db","224308.BSU34080/224308.BSU11430","physical","txid224308"
"BSU_11430","BSU_34600","OppA","MdxF","oppA","mdxF","OppA","MdxF","BSU_11430","BSU_34600","string-db","224308.BSU34600/224308.BSU11430","physical","txid224308"
"BSU_11430","BSU_31010","OppA","FloT","oppA","floT","OppA","FloT","BSU_11430","BSU_31010","subtiwiki","224308.BSU11430/224308.BSU31010","physical","txid224308"
"BSU_11430","BSU_38170","OppA","QoxA","oppA","qoxA","OppA","QoxA","BSU_11430","BSU_38170","subtiwiki","224308.BSU11430/224308.BSU38170","physical","txid224308"
"BSU_02860","BSU_08320","ZnuC","YfiM","znuC","lnrM","ZnuC","LnrM","BSU_02860","BSU_08320","string-db","224308.BSU08320/224308.BSU02860","physical","txid224308"
"BSU_02860","BSU_35710","ZnuC","TagG","znuC","tagG","ZnuC","TagG","BSU_02860","BSU_35710","string-db","224308.BSU35710/224308.BSU02860","physical","txid224308"
"BSU_02860","BSU_30750","ZnuC","MntC","znuC","mntC","ZnuC","MntC","BSU_02860","BSU_30750","string-db","224308.BSU30750/224308.BSU02860","physical","txid224308"
"BSU_02860","BSU_34600","ZnuC","MdxF","znuC","mdxF","ZnuC","MdxF","BSU_02860","BSU_34600","string-db","224308.BSU34600/224308.BSU02860","physical","txid224308"
"BSU_02860","BSU_26830","ZnuC","YrpE","znuC","zinT","ZnuC","YrpE","BSU_02860","BSU_26830","string-db","224308.BSU26830/224308.BSU02860","physical","txid224308"
"BSU_02860","BSU_03370","ZnuC","YckA","znuC","BSU_03370","ZnuC","YckA","BSU_02860","BSU_03370","string-db","224308.BSU03370/224308.BSU02860","physical","txid224308"
"BSU_02860","BSU_29350","ZnuC","TcyM","znuC","tcyM","ZnuC","TcyM","BSU_02860","BSU_29350","string-db","224308.BSU29350/224308.BSU02860","physical","txid224308"
"BSU_02860","BSU_33710","ZnuC","OpuBC","znuC","opuBC","ZnuC","OpuBC","BSU_02860","BSU_33710","string-db","224308.BSU33710/224308.BSU02860","physical","txid224308"
"BSU_02860","BSU_30740","ZnuC","MntD","znuC","mntD","ZnuC","MntD","BSU_02860","BSU_30740","string-db","224308.BSU30740/224308.BSU02860","physical","txid224308"
"BSU_02860","BSU_30760","ZnuC","MntB","znuC","mntB","ZnuC","MntB","BSU_02860","BSU_30760","string-db","224308.BSU30760/224308.BSU02860","physical","txid224308"
"BSU_02860","BSU_02870","ZnuC","ZnuB","znuC","znuB","ZnuC","ZnuB","BSU_02860","BSU_02870","string-db","224308.BSU02870/224308.BSU02860","physical","txid224308"
"BSU_02860","BSU_34150","ZnuC","GanP","znuC","ganP","ZnuC","GanP","BSU_02860","BSU_34150","string-db","224308.BSU34150/224308.BSU02860","physical","txid224308"
"BSU_02860","BSU_34610","ZnuC","MdxE","znuC","mdxE","ZnuC","MdxE","BSU_02860","BSU_34610","string-db","224308.BSU34610/224308.BSU02860","physical","txid224308"
"BSU_02860","BSU_02990","ZnuC","OpuAB","znuC","opuAB","ZnuC","OpuAB","BSU_02860","BSU_02990","string-db","224308.BSU02990/224308.BSU02860","physical","txid224308"
"BSU_02860","BSU_27450","ZnuC","GlnM","znuC","glnM","ZnuC","GlnM","BSU_02860","BSU_27450","string-db","224308.BSU27450/224308.BSU02860","physical","txid224308"
"BSU_02860","BSU_03000","ZnuC","OpuAC","znuC","opuAC","ZnuC","OpuAC","BSU_02860","BSU_03000","string-db","224308.BSU03000/224308.BSU02860","physical","txid224308"
"BSU_02860","BSU_11430","ZnuC","OppA","znuC","oppA","ZnuC","OppA","BSU_02860","BSU_11430","string-db","224308.BSU11430/224308.BSU02860","physical","txid224308"
"BSU_02860","BSU_03600","ZnuC","TcyB","znuC","BSU_03600","ZnuC","TcyB","BSU_02860","BSU_03600","string-db","224308.BSU03600/224308.BSU02860","physical","txid224308"
"BSU_02860","BSU_23970","ZnuC","ArtQ","znuC","artQ","ZnuC","ArtQ","BSU_02860","BSU_23970","string-db","224308.BSU23970/224308.BSU02860","physical","txid224308"
"BSU_02860","BSU_13220","ZnuC","ThiW","znuC","thiW","ZnuC","ThiW","BSU_02860","BSU_13220","string-db","224308.BSU13220/224308.BSU02860","physical","txid224308"
"BSU_02860","BSU_34160","ZnuC","CycB","znuC","ganS","ZnuC","GanS","BSU_02860","BSU_34160","string-db","224308.BSU34160/224308.BSU02860","physical","txid224308"
"BSU_02860","BSU_39490","ZnuC","YxeN","znuC","yxeN","ZnuC","YxeN","BSU_02860","BSU_39490","string-db","224308.BSU39490/224308.BSU02860","physical","txid224308"
"BSU_02860","BSU_38810","ZnuC","MsmX","znuC","msmX","ZnuC","MsmX","BSU_02860","BSU_38810","string-db","224308.BSU38810/224308.BSU02860","physical","txid224308"
"BSU_02860","BSU_08330","ZnuC","YfiN","znuC","lnrN","ZnuC","LnrN","BSU_02860","BSU_08330","string-db","224308.BSU08330/224308.BSU02860","physical","txid224308"
"BSU_02860","BSU_40150","ZnuC","YydI","znuC","epeA","ZnuC","EpeA","BSU_02860","BSU_40150","string-db","224308.BSU40150/224308.BSU02860","physical","txid224308"
"BSU_02860","BSU_29360","ZnuC","TcyL","znuC","tcyL","ZnuC","TcyL","BSU_02860","BSU_29360","string-db","224308.BSU29360/224308.BSU02860","physical","txid224308"
"BSU_02860","BSU_33810","ZnuC","OpuCC","znuC","opuCC","ZnuC","OpuCC","BSU_02860","BSU_33810","string-db","224308.BSU33810/224308.BSU02860","physical","txid224308"
"BSU_02860","BSU_34080","ZnuC","YvfS","znuC","BSU_34080","ZnuC","YvfS","BSU_02860","BSU_34080","string-db","224308.BSU34080/224308.BSU02860","physical","txid224308"
"BSU_02860","BSU_15340","ZnuC","YlmA","znuC","ylmA","ZnuC","YlmA","BSU_02860","BSU_15340","string-db","224308.BSU15340/224308.BSU02860","physical","txid224308"
"BSU_02860","BSU_27460","ZnuC","GlnP","znuC","glnP","ZnuC","GlnP","BSU_02860","BSU_27460","string-db","224308.BSU27460/224308.BSU02860","physical","txid224308"
"BSU_02860","BSU_12960","ZnuC","DppE","znuC","dppE","ZnuC","DppE","BSU_02860","BSU_12960","string-db","224308.BSU12960/224308.BSU02860","physical","txid224308"
"BSU_02860","BSU_32550","ZnuC","YurJ","znuC","frlP","ZnuC","FrlP","BSU_02860","BSU_32550","string-db","224308.BSU32550/224308.BSU02860","physical","txid224308"
"BSU_03000","BSU_30740","OpuAC","MntD","opuAC","mntD","OpuAC","MntD","BSU_03000","BSU_30740","string-db","224308.BSU30740/224308.BSU03000","physical","txid224308"
"BSU_03000","BSU_33810","OpuAC","OpuCC","opuAC","opuCC","OpuAC","OpuCC","BSU_03000","BSU_33810","string-db","224308.BSU33810/224308.BSU03000","physical","txid224308"
"BSU_03000","BSU_34080","OpuAC","YvfS","opuAC","BSU_34080","OpuAC","YvfS","BSU_03000","BSU_34080","string-db","224308.BSU34080/224308.BSU03000","physical","txid224308"
"BSU_03000","BSU_29350","OpuAC","TcyM","opuAC","tcyM","OpuAC","TcyM","BSU_03000","BSU_29350","string-db","224308.BSU29350/224308.BSU03000","physical","txid224308"
"BSU_03000","BSU_08330","OpuAC","YfiN","opuAC","lnrN","OpuAC","LnrN","BSU_03000","BSU_08330","string-db","224308.BSU08330/224308.BSU03000","physical","txid224308"
"BSU_03000","BSU_12960","OpuAC","DppE","opuAC","dppE","OpuAC","DppE","BSU_03000","BSU_12960","string-db","224308.BSU12960/224308.BSU03000","physical","txid224308"
"BSU_03000","BSU_13220","OpuAC","ThiW","opuAC","thiW","OpuAC","ThiW","BSU_03000","BSU_13220","string-db","224308.BSU13220/224308.BSU03000","physical","txid224308"
"BSU_03000","BSU_08320","OpuAC","YfiM","opuAC","lnrM","OpuAC","LnrM","BSU_03000","BSU_08320","string-db","224308.BSU08320/224308.BSU03000","physical","txid224308"
"BSU_03000","BSU_32550","OpuAC","YurJ","opuAC","frlP","OpuAC","FrlP","BSU_03000","BSU_32550","string-db","224308.BSU32550/224308.BSU03000","physical","txid224308"
"BSU_03000","BSU_30760","OpuAC","MntB","opuAC","mntB","OpuAC","MntB","BSU_03000","BSU_30760","string-db","224308.BSU30760/224308.BSU03000","physical","txid224308"
"BSU_03000","BSU_34600","OpuAC","MdxF","opuAC","mdxF","OpuAC","MdxF","BSU_03000","BSU_34600","string-db","224308.BSU34600/224308.BSU03000","physical","txid224308"
"BSU_03000","BSU_03600","OpuAC","TcyB","opuAC","BSU_03600","OpuAC","TcyB","BSU_03000","BSU_03600","string-db","224308.BSU03600/224308.BSU03000","physical","txid224308"
"BSU_03000","BSU_35710","OpuAC","TagG","opuAC","tagG","OpuAC","TagG","BSU_03000","BSU_35710","string-db","224308.BSU35710/224308.BSU03000","physical","txid224308"
"BSU_03000","BSU_33710","OpuAC","OpuBC","opuAC","opuBC","OpuAC","OpuBC","BSU_03000","BSU_33710","string-db","224308.BSU33710/224308.BSU03000","physical","txid224308"
"BSU_03000","BSU_27450","OpuAC","GlnM","opuAC","glnM","OpuAC","GlnM","BSU_03000","BSU_27450","string-db","224308.BSU27450/224308.BSU03000","physical","txid224308"
"BSU_03000","BSU_29360","OpuAC","TcyL","opuAC","tcyL","OpuAC","TcyL","BSU_03000","BSU_29360","string-db","224308.BSU29360/224308.BSU03000","physical","txid224308"
"BSU_03000","BSU_27460","OpuAC","GlnP","opuAC","glnP","OpuAC","GlnP","BSU_03000","BSU_27460","string-db","224308.BSU27460/224308.BSU03000","physical","txid224308"
"BSU_03000","BSU_11430","OpuAC","OppA","opuAC","oppA","OpuAC","OppA","BSU_03000","BSU_11430","string-db","224308.BSU11430/224308.BSU03000","physical","txid224308"
"BSU_03000","BSU_38810","OpuAC","MsmX","opuAC","msmX","OpuAC","MsmX","BSU_03000","BSU_38810","string-db","224308.BSU38810/224308.BSU03000","physical","txid224308"
"BSU_03000","BSU_39490","OpuAC","YxeN","opuAC","yxeN","OpuAC","YxeN","BSU_03000","BSU_39490","string-db","224308.BSU39490/224308.BSU03000","physical","txid224308"
"BSU_03000","BSU_34610","OpuAC","MdxE","opuAC","mdxE","OpuAC","MdxE","BSU_03000","BSU_34610","string-db","224308.BSU34610/224308.BSU03000","physical","txid224308"
"BSU_03000","BSU_23970","OpuAC","ArtQ","opuAC","artQ","OpuAC","ArtQ","BSU_03000","BSU_23970","string-db","224308.BSU23970/224308.BSU03000","physical","txid224308"
"BSU_03000","BSU_34150","OpuAC","GanP","opuAC","ganP","OpuAC","GanP","BSU_03000","BSU_34150","string-db","224308.BSU34150/224308.BSU03000","physical","txid224308"
"BSU_03000","BSU_40150","OpuAC","YydI","opuAC","epeA","OpuAC","EpeA","BSU_03000","BSU_40150","string-db","224308.BSU40150/224308.BSU03000","physical","txid224308"
"BSU_03000","BSU_30750","OpuAC","MntC","opuAC","mntC","OpuAC","MntC","BSU_03000","BSU_30750","string-db","224308.BSU30750/224308.BSU03000","physical","txid224308"
"BSU_03000","BSU_34160","OpuAC","CycB","opuAC","ganS","OpuAC","GanS","BSU_03000","BSU_34160","string-db","224308.BSU34160/224308.BSU03000","physical","txid224308"
"BSU_03000","BSU_03370","OpuAC","YckA","opuAC","BSU_03370","OpuAC","YckA","BSU_03000","BSU_03370","string-db","224308.BSU03370/224308.BSU03000","physical","txid224308"
"BSU_03000","BSU_15340","OpuAC","YlmA","opuAC","ylmA","OpuAC","YlmA","BSU_03000","BSU_15340","string-db","224308.BSU15340/224308.BSU03000","physical","txid224308"
"BSU_01460","BSU_33710","EcfAB","OpuBC","BSU_01460","opuBC","YbaE","OpuBC","BSU_01460","BSU_33710","string-db","224308.BSU33710/224308.BSU01460","physical","txid224308"
"BSU_01460","BSU_32030","EcfAB","BioYB","BSU_01460","yuiG","YbaE","YuiG","BSU_01460","BSU_32030","string-db","224308.BSU32030/224308.BSU01460","physical","txid224308"
"BSU_01460","BSU_39490","EcfAB","YxeN","BSU_01460","yxeN","YbaE","YxeN","BSU_01460","BSU_39490","string-db","224308.BSU39490/224308.BSU01460","physical","txid224308"
"BSU_01460","BSU_12960","EcfAB","DppE","BSU_01460","dppE","YbaE","DppE","BSU_01460","BSU_12960","string-db","224308.BSU12960/224308.BSU01460","physical","txid224308"
"BSU_01460","BSU_02870","EcfAB","ZnuB","BSU_01460","znuB","YbaE","ZnuB","BSU_01460","BSU_02870","string-db","224308.BSU02870/224308.BSU01460","physical","txid224308"
"BSU_01460","BSU_03600","EcfAB","TcyB","BSU_01460","BSU_03600","YbaE","TcyB","BSU_01460","BSU_03600","string-db","224308.BSU03600/224308.BSU01460","physical","txid224308"
"BSU_01460","BSU_08320","EcfAB","YfiM","BSU_01460","lnrM","YbaE","LnrM","BSU_01460","BSU_08320","string-db","224308.BSU08320/224308.BSU01460","physical","txid224308"
"BSU_01460","BSU_03000","EcfAB","OpuAC","BSU_01460","opuAC","YbaE","OpuAC","BSU_01460","BSU_03000","string-db","224308.BSU03000/224308.BSU01460","physical","txid224308"
"BSU_01460","BSU_29350","EcfAB","TcyM","BSU_01460","tcyM","YbaE","TcyM","BSU_01460","BSU_29350","string-db","224308.BSU29350/224308.BSU01460","physical","txid224308"
"BSU_01460","BSU_13220","EcfAB","ThiW","BSU_01460","thiW","YbaE","ThiW","BSU_01460","BSU_13220","string-db","224308.BSU13220/224308.BSU01460","physical","txid224308"
"BSU_01460","BSU_11430","EcfAB","OppA","BSU_01460","oppA","YbaE","OppA","BSU_01460","BSU_11430","string-db","224308.BSU11430/224308.BSU01460","physical","txid224308"
"BSU_01460","BSU_15340","EcfAB","YlmA","BSU_01460","ylmA","YbaE","YlmA","BSU_01460","BSU_15340","string-db","224308.BSU15340/224308.BSU01460","physical","txid224308"
"BSU_01460","BSU_35710","EcfAB","TagG","BSU_01460","tagG","YbaE","TagG","BSU_01460","BSU_35710","string-db","224308.BSU35710/224308.BSU01460","physical","txid224308"
"BSU_01460","BSU_32550","EcfAB","YurJ","BSU_01460","frlP","YbaE","FrlP","BSU_01460","BSU_32550","string-db","224308.BSU32550/224308.BSU01460","physical","txid224308"
"BSU_01460","BSU_34160","EcfAB","CycB","BSU_01460","ganS","YbaE","GanS","BSU_01460","BSU_34160","string-db","224308.BSU34160/224308.BSU01460","physical","txid224308"
"BSU_01460","BSU_27460","EcfAB","GlnP","BSU_01460","glnP","YbaE","GlnP","BSU_01460","BSU_27460","string-db","224308.BSU27460/224308.BSU01460","physical","txid224308"
"BSU_01460","BSU_27450","EcfAB","GlnM","BSU_01460","glnM","YbaE","GlnM","BSU_01460","BSU_27450","string-db","224308.BSU27450/224308.BSU01460","physical","txid224308"
"BSU_01460","BSU_30760","EcfAB","MntB","BSU_01460","mntB","YbaE","MntB","BSU_01460","BSU_30760","string-db","224308.BSU30760/224308.BSU01460","physical","txid224308"
"BSU_01460","BSU_02860","EcfAB","ZnuC","BSU_01460","znuC","YbaE","ZnuC","BSU_01460","BSU_02860","string-db","224308.BSU02860/224308.BSU01460","physical","txid224308"
"BSU_01460","BSU_30750","EcfAB","MntC","BSU_01460","mntC","YbaE","MntC","BSU_01460","BSU_30750","string-db","224308.BSU30750/224308.BSU01460","physical","txid224308"
"BSU_01460","BSU_34610","EcfAB","MdxE","BSU_01460","mdxE","YbaE","MdxE","BSU_01460","BSU_34610","string-db","224308.BSU34610/224308.BSU01460","physical","txid224308"
"BSU_01460","BSU_40150","EcfAB","YydI","BSU_01460","epeA","YbaE","EpeA","BSU_01460","BSU_40150","string-db","224308.BSU40150/224308.BSU01460","physical","txid224308"
"BSU_01460","BSU_33810","EcfAB","OpuCC","BSU_01460","opuCC","YbaE","OpuCC","BSU_01460","BSU_33810","string-db","224308.BSU33810/224308.BSU01460","physical","txid224308"
"BSU_01460","BSU_13210","EcfAB","ThiX","BSU_01460","thiX","YbaE","ThiX","BSU_01460","BSU_13210","string-db","224308.BSU13210/224308.BSU01460","physical","txid224308"
"BSU_01460","BSU_03370","EcfAB","YckA","BSU_01460","BSU_03370","YbaE","YckA","BSU_01460","BSU_03370","string-db","224308.BSU03370/224308.BSU01460","physical","txid224308"
"BSU_01460","BSU_10370","EcfAB","BioY","BSU_01460","panU","YbaE","YhfU","BSU_01460","BSU_10370","string-db","224308.BSU10370/224308.BSU01460","physical","txid224308"
"BSU_01460","BSU_34600","EcfAB","MdxF","BSU_01460","mdxF","YbaE","MdxF","BSU_01460","BSU_34600","string-db","224308.BSU34600/224308.BSU01460","physical","txid224308"
"BSU_01460","BSU_23970","EcfAB","ArtQ","BSU_01460","artQ","YbaE","ArtQ","BSU_01460","BSU_23970","string-db","224308.BSU23970/224308.BSU01460","physical","txid224308"
"BSU_01460","BSU_08330","EcfAB","YfiN","BSU_01460","lnrN","YbaE","LnrN","BSU_01460","BSU_08330","string-db","224308.BSU08330/224308.BSU01460","physical","txid224308"
"BSU_01460","BSU_29360","EcfAB","TcyL","BSU_01460","tcyL","YbaE","TcyL","BSU_01460","BSU_29360","string-db","224308.BSU29360/224308.BSU01460","physical","txid224308"
"BSU_01460","BSU_38810","EcfAB","MsmX","BSU_01460","msmX","YbaE","MsmX","BSU_01460","BSU_38810","string-db","224308.BSU38810/224308.BSU01460","physical","txid224308"
"BSU_01460","BSU_30740","EcfAB","MntD","BSU_01460","mntD","YbaE","MntD","BSU_01460","BSU_30740","string-db","224308.BSU30740/224308.BSU01460","physical","txid224308"
"BSU_01460","BSU_01470","EcfAB","EcfT","BSU_01460","BSU_01470","YbaE","YbaF","BSU_01460","BSU_01470","subtiwiki","224308.BSU01460/224308.BSU01470","physical","txid224308"
"BSU_01460","BSU_34150","EcfAB","GanP","BSU_01460","ganP","YbaE","GanP","BSU_01460","BSU_34150","string-db","224308.BSU34150/224308.BSU01460","physical","txid224308"
"BSU_01460","BSU_34080","EcfAB","YvfS","BSU_01460","BSU_34080","YbaE","YvfS","BSU_01460","BSU_34080","string-db","224308.BSU34080/224308.BSU01460","physical","txid224308"
"BSU_01460","BSU_02990","EcfAB","OpuAB","BSU_01460","opuAB","YbaE","OpuAB","BSU_01460","BSU_02990","string-db","224308.BSU02990/224308.BSU01460","physical","txid224308"
"BSU_13210","BSU_13220","ThiX","ThiW","thiX","thiW","ThiX","ThiW","BSU_13210","BSU_13220","subtiwiki","224308.BSU13210/224308.BSU13220","physical","txid224308"
"BSU_13210","BSU_13240","ThiX","ThiU","thiX","thiU","ThiX","ThiU","BSU_13210","BSU_13240","subtiwiki","224308.BSU13210/224308.BSU13240","physical","txid224308"
"BSU_13210","BSU_13230","ThiX","ThiV","thiX","thiV","ThiX","ThiV","BSU_13210","BSU_13230","subtiwiki","224308.BSU13210/224308.BSU13230","physical","txid224308"
"BSU_13210","BSU_32030","ThiX","BioYB","thiX","yuiG","ThiX","YuiG","BSU_13210","BSU_32030","string-db","224308.BSU32030/224308.BSU13210","physical","txid224308"
"BSU_34600","BSU_35710","MdxF","TagG","mdxF","tagG","MdxF","TagG","BSU_34600","BSU_35710","string-db","224308.BSU35710/224308.BSU34600","physical","txid224308"
"BSU_34600","BSU_40150","MdxF","YydI","mdxF","epeA","MdxF","EpeA","BSU_34600","BSU_40150","string-db","224308.BSU40150/224308.BSU34600","physical","txid224308"
"BSU_34600","BSU_38810","MdxF","MsmX","mdxF","msmX","MdxF","MsmX","BSU_34600","BSU_38810","subtiwiki","224308.BSU38810/224308.BSU34600","physical","txid224308"
"BSU_34600","BSU_34610","MdxF","MdxE","mdxF","mdxE","MdxF","MdxE","BSU_34600","BSU_34610","subtiwiki","224308.BSU34610/224308.BSU34600","physical","txid224308"
"BSU_34600","BSU_39490","MdxF","YxeN","mdxF","yxeN","MdxF","YxeN","BSU_34600","BSU_39490","string-db","224308.BSU39490/224308.BSU34600","physical","txid224308"
"BSU_35710","BSU_38810","TagG","MsmX","tagG","msmX","TagG","MsmX","BSU_35710","BSU_38810","string-db","224308.BSU38810/224308.BSU35710","physical","txid224308"
"BSU_35710","BSU_40150","TagG","YydI","tagG","epeA","TagG","EpeA","BSU_35710","BSU_40150","string-db","224308.BSU40150/224308.BSU35710","physical","txid224308"
"BSU_35710","BSU_39490","TagG","YxeN","tagG","yxeN","TagG","YxeN","BSU_35710","BSU_39490","string-db","224308.BSU39490/224308.BSU35710","physical","txid224308"
"BSU_03600","BSU_15340","TcyB","YlmA","BSU_03600","ylmA","TcyB","YlmA","BSU_03600","BSU_15340","string-db","224308.BSU15340/224308.BSU03600","physical","txid224308"
"BSU_03600","BSU_30740","TcyB","MntD","BSU_03600","mntD","TcyB","MntD","BSU_03600","BSU_30740","string-db","224308.BSU30740/224308.BSU03600","physical","txid224308"
"BSU_03600","BSU_33810","TcyB","OpuCC","BSU_03600","opuCC","TcyB","OpuCC","BSU_03600","BSU_33810","string-db","224308.BSU33810/224308.BSU03600","physical","txid224308"
"BSU_03600","BSU_23970","TcyB","ArtQ","BSU_03600","artQ","TcyB","ArtQ","BSU_03600","BSU_23970","string-db","224308.BSU23970/224308.BSU03600","physical","txid224308"
"BSU_03600","BSU_08320","TcyB","YfiM","BSU_03600","lnrM","TcyB","LnrM","BSU_03600","BSU_08320","string-db","224308.BSU08320/224308.BSU03600","physical","txid224308"
"BSU_03600","BSU_11430","TcyB","OppA","BSU_03600","oppA","TcyB","OppA","BSU_03600","BSU_11430","string-db","224308.BSU11430/224308.BSU03600","physical","txid224308"
"BSU_03600","BSU_34080","TcyB","YvfS","BSU_03600","BSU_34080","TcyB","YvfS","BSU_03600","BSU_34080","string-db","224308.BSU34080/224308.BSU03600","physical","txid224308"
"BSU_03600","BSU_30760","TcyB","MntB","BSU_03600","mntB","TcyB","MntB","BSU_03600","BSU_30760","string-db","224308.BSU30760/224308.BSU03600","physical","txid224308"
"BSU_03600","BSU_34610","TcyB","MdxE","BSU_03600","mdxE","TcyB","MdxE","BSU_03600","BSU_34610","string-db","224308.BSU34610/224308.BSU03600","physical","txid224308"
"BSU_03600","BSU_08330","TcyB","YfiN","BSU_03600","lnrN","TcyB","LnrN","BSU_03600","BSU_08330","string-db","224308.BSU08330/224308.BSU03600","physical","txid224308"
"BSU_03600","BSU_38810","TcyB","MsmX","BSU_03600","msmX","TcyB","MsmX","BSU_03600","BSU_38810","string-db","224308.BSU38810/224308.BSU03600","physical","txid224308"
"BSU_03600","BSU_33710","TcyB","OpuBC","BSU_03600","opuBC","TcyB","OpuBC","BSU_03600","BSU_33710","string-db","224308.BSU33710/224308.BSU03600","physical","txid224308"
"BSU_03600","BSU_35710","TcyB","TagG","BSU_03600","tagG","TcyB","TagG","BSU_03600","BSU_35710","string-db","224308.BSU35710/224308.BSU03600","physical","txid224308"
"BSU_03600","BSU_30750","TcyB","MntC","BSU_03600","mntC","TcyB","MntC","BSU_03600","BSU_30750","string-db","224308.BSU30750/224308.BSU03600","physical","txid224308"
"BSU_03600","BSU_29360","TcyB","TcyL","BSU_03600","tcyL","TcyB","TcyL","BSU_03600","BSU_29360","string-db","224308.BSU29360/224308.BSU03600","physical","txid224308"
"BSU_03600","BSU_40150","TcyB","YydI","BSU_03600","epeA","TcyB","EpeA","BSU_03600","BSU_40150","string-db","224308.BSU40150/224308.BSU03600","physical","txid224308"
"BSU_03600","BSU_34150","TcyB","GanP","BSU_03600","ganP","TcyB","GanP","BSU_03600","BSU_34150","string-db","224308.BSU34150/224308.BSU03600","physical","txid224308"
"BSU_03600","BSU_39490","TcyB","YxeN","BSU_03600","yxeN","TcyB","YxeN","BSU_03600","BSU_39490","string-db","224308.BSU39490/224308.BSU03600","physical","txid224308"
"BSU_03600","BSU_34160","TcyB","CycB","BSU_03600","ganS","TcyB","GanS","BSU_03600","BSU_34160","string-db","224308.BSU34160/224308.BSU03600","physical","txid224308"
"BSU_03600","BSU_27460","TcyB","GlnP","BSU_03600","glnP","TcyB","GlnP","BSU_03600","BSU_27460","string-db","224308.BSU27460/224308.BSU03600","physical","txid224308"
"BSU_03600","BSU_27450","TcyB","GlnM","BSU_03600","glnM","TcyB","GlnM","BSU_03600","BSU_27450","string-db","224308.BSU27450/224308.BSU03600","physical","txid224308"
"BSU_03600","BSU_12960","TcyB","DppE","BSU_03600","dppE","TcyB","DppE","BSU_03600","BSU_12960","string-db","224308.BSU12960/224308.BSU03600","physical","txid224308"
"BSU_03600","BSU_34600","TcyB","MdxF","BSU_03600","mdxF","TcyB","MdxF","BSU_03600","BSU_34600","string-db","224308.BSU34600/224308.BSU03600","physical","txid224308"
"BSU_03600","BSU_29350","TcyB","TcyM","BSU_03600","tcyM","TcyB","TcyM","BSU_03600","BSU_29350","string-db","224308.BSU29350/224308.BSU03600","physical","txid224308"
"BSU_03600","BSU_03610","TcyB","TcyA","BSU_03600","BSU_03610","TcyB","TcyA","BSU_03600","BSU_03610","subtiwiki","224308.BSU03610/224308.BSU03600","physical","txid224308"
"BSU_03600","BSU_32550","TcyB","YurJ","BSU_03600","frlP","TcyB","FrlP","BSU_03600","BSU_32550","string-db","224308.BSU32550/224308.BSU03600","physical","txid224308"
"BSU_03600","BSU_13220","TcyB","ThiW","BSU_03600","thiW","TcyB","ThiW","BSU_03600","BSU_13220","string-db","224308.BSU13220/224308.BSU03600","physical","txid224308"
"BSU_30750","BSU_40150","MntC","YydI","mntC","epeA","MntC","EpeA","BSU_30750","BSU_40150","string-db","224308.BSU40150/224308.BSU30750","physical","txid224308"
"BSU_30750","BSU_38810","MntC","MsmX","mntC","msmX","MntC","MsmX","BSU_30750","BSU_38810","string-db","224308.BSU38810/224308.BSU30750","physical","txid224308"
"BSU_30750","BSU_33810","MntC","OpuCC","mntC","opuCC","MntC","OpuCC","BSU_30750","BSU_33810","string-db","224308.BSU33810/224308.BSU30750","physical","txid224308"
"BSU_30750","BSU_34600","MntC","MdxF","mntC","mdxF","MntC","MdxF","BSU_30750","BSU_34600","string-db","224308.BSU34600/224308.BSU30750","physical","txid224308"
"BSU_30750","BSU_30760","MntC","MntB","mntC","mntB","MntC","MntB","BSU_30750","BSU_30760","subtiwiki","224308.BSU30750/224308.BSU30760","physical","txid224308"
"BSU_30750","BSU_32550","MntC","YurJ","mntC","frlP","MntC","FrlP","BSU_30750","BSU_32550","string-db","224308.BSU32550/224308.BSU30750","physical","txid224308"
"BSU_30750","BSU_34610","MntC","MdxE","mntC","mdxE","MntC","MdxE","BSU_30750","BSU_34610","string-db","224308.BSU34610/224308.BSU30750","physical","txid224308"
"BSU_30750","BSU_33710","MntC","OpuBC","mntC","opuBC","MntC","OpuBC","BSU_30750","BSU_33710","string-db","224308.BSU33710/224308.BSU30750","physical","txid224308"
"BSU_30750","BSU_39490","MntC","YxeN","mntC","yxeN","MntC","YxeN","BSU_30750","BSU_39490","string-db","224308.BSU39490/224308.BSU30750","physical","txid224308"
"BSU_30750","BSU_34150","MntC","GanP","mntC","ganP","MntC","GanP","BSU_30750","BSU_34150","string-db","224308.BSU34150/224308.BSU30750","physical","txid224308"
"BSU_30750","BSU_35710","MntC","TagG","mntC","tagG","MntC","TagG","BSU_30750","BSU_35710","string-db","224308.BSU35710/224308.BSU30750","physical","txid224308"
"BSU_30750","BSU_34080","MntC","YvfS","mntC","BSU_34080","MntC","YvfS","BSU_30750","BSU_34080","string-db","224308.BSU34080/224308.BSU30750","physical","txid224308"
"BSU_30750","BSU_34160","MntC","CycB","mntC","ganS","MntC","GanS","BSU_30750","BSU_34160","string-db","224308.BSU34160/224308.BSU30750","physical","txid224308"
"BSU_30750","BSU_30770","MntC","MntA","mntC","mntA","MntC","MntA","BSU_30750","BSU_30770","subtiwiki","224308.BSU30750/224308.BSU30770","physical","txid224308"
"BSU_29350","BSU_34600","TcyM","MdxF","tcyM","mdxF","TcyM","MdxF","BSU_29350","BSU_34600","string-db","224308.BSU34600/224308.BSU29350","physical","txid224308"
"BSU_29350","BSU_34150","TcyM","GanP","tcyM","ganP","TcyM","GanP","BSU_29350","BSU_34150","string-db","224308.BSU34150/224308.BSU29350","physical","txid224308"
"BSU_29350","BSU_30760","TcyM","MntB","tcyM","mntB","TcyM","MntB","BSU_29350","BSU_30760","string-db","224308.BSU30760/224308.BSU29350","physical","txid224308"
"BSU_29350","BSU_30740","TcyM","MntD","tcyM","mntD","TcyM","MntD","BSU_29350","BSU_30740","string-db","224308.BSU30740/224308.BSU29350","physical","txid224308"
"BSU_29350","BSU_33710","TcyM","OpuBC","tcyM","opuBC","TcyM","OpuBC","BSU_29350","BSU_33710","string-db","224308.BSU33710/224308.BSU29350","physical","txid224308"
"BSU_29350","BSU_32550","TcyM","YurJ","tcyM","frlP","TcyM","FrlP","BSU_29350","BSU_32550","string-db","224308.BSU32550/224308.BSU29350","physical","txid224308"
"BSU_29350","BSU_34080","TcyM","YvfS","tcyM","BSU_34080","TcyM","YvfS","BSU_29350","BSU_34080","string-db","224308.BSU34080/224308.BSU29350","physical","txid224308"
"BSU_29350","BSU_34160","TcyM","CycB","tcyM","ganS","TcyM","GanS","BSU_29350","BSU_34160","string-db","224308.BSU34160/224308.BSU29350","physical","txid224308"
"BSU_29350","BSU_35710","TcyM","TagG","tcyM","tagG","TcyM","TagG","BSU_29350","BSU_35710","string-db","224308.BSU35710/224308.BSU29350","physical","txid224308"
"BSU_29350","BSU_29360","TcyM","TcyL","tcyM","tcyL","TcyM","TcyL","BSU_29350","BSU_29360","subtiwiki","224308.BSU29360/224308.BSU29350","physical","txid224308"
"BSU_29350","BSU_30750","TcyM","MntC","tcyM","mntC","TcyM","MntC","BSU_29350","BSU_30750","string-db","224308.BSU30750/224308.BSU29350","physical","txid224308"
"BSU_29350","BSU_34610","TcyM","MdxE","tcyM","mdxE","TcyM","MdxE","BSU_29350","BSU_34610","string-db","224308.BSU34610/224308.BSU29350","physical","txid224308"
"BSU_29350","BSU_40150","TcyM","YydI","tcyM","epeA","TcyM","EpeA","BSU_29350","BSU_40150","string-db","224308.BSU40150/224308.BSU29350","physical","txid224308"
"BSU_29350","BSU_38810","TcyM","MsmX","tcyM","msmX","TcyM","MsmX","BSU_29350","BSU_38810","string-db","224308.BSU38810/224308.BSU29350","physical","txid224308"
"BSU_29350","BSU_29380","TcyM","TcyJ","tcyM","tcyJ","TcyM","TcyJ","BSU_29350","BSU_29380","subtiwiki","224308.BSU29380/224308.BSU29350","physical","txid224308"
"BSU_29350","BSU_39490","TcyM","YxeN","tcyM","yxeN","TcyM","YxeN","BSU_29350","BSU_39490","string-db","224308.BSU39490/224308.BSU29350","physical","txid224308"
"BSU_29350","BSU_33810","TcyM","OpuCC","tcyM","opuCC","TcyM","OpuCC","BSU_29350","BSU_33810","string-db","224308.BSU33810/224308.BSU29350","physical","txid224308"
"BSU_29350","BSU_29370","TcyM","TcyK","tcyM","tcyK","TcyM","TcyK","BSU_29350","BSU_29370","subtiwiki","224308.BSU29370/224308.BSU29350","physical","txid224308"
"BSU_12960","BSU_30760","DppE","MntB","dppE","mntB","DppE","MntB","BSU_12960","BSU_30760","string-db","224308.BSU30760/224308.BSU12960","physical","txid224308"
"BSU_12960","BSU_15340","DppE","YlmA","dppE","ylmA","DppE","YlmA","BSU_12960","BSU_15340","string-db","224308.BSU15340/224308.BSU12960","physical","txid224308"
"BSU_12960","BSU_33810","DppE","OpuCC","dppE","opuCC","DppE","OpuCC","BSU_12960","BSU_33810","string-db","224308.BSU33810/224308.BSU12960","physical","txid224308"
"BSU_12960","BSU_39490","DppE","YxeN","dppE","yxeN","DppE","YxeN","BSU_12960","BSU_39490","string-db","224308.BSU39490/224308.BSU12960","physical","txid224308"
"BSU_12960","BSU_13220","DppE","ThiW","dppE","thiW","DppE","ThiW","BSU_12960","BSU_13220","string-db","224308.BSU13220/224308.BSU12960","physical","txid224308"
"BSU_12960","BSU_40150","DppE","YydI","dppE","epeA","DppE","EpeA","BSU_12960","BSU_40150","string-db","224308.BSU40150/224308.BSU12960","physical","txid224308"
"BSU_12960","BSU_32550","DppE","YurJ","dppE","frlP","DppE","FrlP","BSU_12960","BSU_32550","string-db","224308.BSU32550/224308.BSU12960","physical","txid224308"
"BSU_12960","BSU_34610","DppE","MdxE","dppE","mdxE","DppE","MdxE","BSU_12960","BSU_34610","string-db","224308.BSU34610/224308.BSU12960","physical","txid224308"
"BSU_12960","BSU_29360","DppE","TcyL","dppE","tcyL","DppE","TcyL","BSU_12960","BSU_29360","string-db","224308.BSU29360/224308.BSU12960","physical","txid224308"
"BSU_12960","BSU_33710","DppE","OpuBC","dppE","opuBC","DppE","OpuBC","BSU_12960","BSU_33710","string-db","224308.BSU33710/224308.BSU12960","physical","txid224308"
"BSU_12960","BSU_30740","DppE","MntD","dppE","mntD","DppE","MntD","BSU_12960","BSU_30740","string-db","224308.BSU30740/224308.BSU12960","physical","txid224308"
"BSU_12960","BSU_27460","DppE","GlnP","dppE","glnP","DppE","GlnP","BSU_12960","BSU_27460","string-db","224308.BSU27460/224308.BSU12960","physical","txid224308"
"BSU_12960","BSU_27450","DppE","GlnM","dppE","glnM","DppE","GlnM","BSU_12960","BSU_27450","string-db","224308.BSU27450/224308.BSU12960","physical","txid224308"
"BSU_12960","BSU_34150","DppE","GanP","dppE","ganP","DppE","GanP","BSU_12960","BSU_34150","string-db","224308.BSU34150/224308.BSU12960","physical","txid224308"
"BSU_12960","BSU_38810","DppE","MsmX","dppE","msmX","DppE","MsmX","BSU_12960","BSU_38810","string-db","224308.BSU38810/224308.BSU12960","physical","txid224308"
"BSU_12960","BSU_34080","DppE","YvfS","dppE","BSU_34080","DppE","YvfS","BSU_12960","BSU_34080","string-db","224308.BSU34080/224308.BSU12960","physical","txid224308"
"BSU_12960","BSU_29350","DppE","TcyM","dppE","tcyM","DppE","TcyM","BSU_12960","BSU_29350","string-db","224308.BSU29350/224308.BSU12960","physical","txid224308"
"BSU_12960","BSU_35710","DppE","TagG","dppE","tagG","DppE","TagG","BSU_12960","BSU_35710","string-db","224308.BSU35710/224308.BSU12960","physical","txid224308"
"BSU_12960","BSU_34600","DppE","MdxF","dppE","mdxF","DppE","MdxF","BSU_12960","BSU_34600","string-db","224308.BSU34600/224308.BSU12960","physical","txid224308"
"BSU_12960","BSU_23970","DppE","ArtQ","dppE","artQ","DppE","ArtQ","BSU_12960","BSU_23970","string-db","224308.BSU23970/224308.BSU12960","physical","txid224308"
"BSU_12960","BSU_34160","DppE","CycB","dppE","ganS","DppE","GanS","BSU_12960","BSU_34160","string-db","224308.BSU34160/224308.BSU12960","physical","txid224308"
"BSU_12960","BSU_30750","DppE","MntC","dppE","mntC","DppE","MntC","BSU_12960","BSU_30750","string-db","224308.BSU30750/224308.BSU12960","physical","txid224308"
"BSU_12960","BSU_13000","DppE","YkfD","dppE","ykfD","DppE","YkfD","BSU_12960","BSU_13000","subtiwiki","224308.BSU12960/224308.BSU13000","physical","txid224308"
"BSU_34610","BSU_35710","MdxE","TagG","mdxE","tagG","MdxE","TagG","BSU_34610","BSU_35710","string-db","224308.BSU35710/224308.BSU34610","physical","txid224308"
"BSU_34610","BSU_40150","MdxE","YydI","mdxE","epeA","MdxE","EpeA","BSU_34610","BSU_40150","string-db","224308.BSU40150/224308.BSU34610","physical","txid224308"
"BSU_34610","BSU_38810","MdxE","MsmX","mdxE","msmX","MdxE","MsmX","BSU_34610","BSU_38810","string-db","224308.BSU38810/224308.BSU34610","physical","txid224308"
"BSU_34610","BSU_39490","MdxE","YxeN","mdxE","yxeN","MdxE","YxeN","BSU_34610","BSU_39490","string-db","224308.BSU39490/224308.BSU34610","physical","txid224308"
"BSU_15340","BSU_27460","YlmA","GlnP","ylmA","glnP","YlmA","GlnP","BSU_15340","BSU_27460","string-db","224308.BSU27460/224308.BSU15340","physical","txid224308"
"BSU_15340","BSU_38810","YlmA","MsmX","ylmA","msmX","YlmA","MsmX","BSU_15340","BSU_38810","string-db","224308.BSU38810/224308.BSU15340","physical","txid224308"
"BSU_15340","BSU_23970","YlmA","ArtQ","ylmA","artQ","YlmA","ArtQ","BSU_15340","BSU_23970","string-db","224308.BSU23970/224308.BSU15340","physical","txid224308"
"BSU_15340","BSU_30740","YlmA","MntD","ylmA","mntD","YlmA","MntD","BSU_15340","BSU_30740","string-db","224308.BSU30740/224308.BSU15340","physical","txid224308"
"BSU_15340","BSU_34080","YlmA","YvfS","ylmA","BSU_34080","YlmA","YvfS","BSU_15340","BSU_34080","string-db","224308.BSU34080/224308.BSU15340","physical","txid224308"
"BSU_15340","BSU_34610","YlmA","MdxE","ylmA","mdxE","YlmA","MdxE","BSU_15340","BSU_34610","string-db","224308.BSU34610/224308.BSU15340","physical","txid224308"
"BSU_15340","BSU_29360","YlmA","TcyL","ylmA","tcyL","YlmA","TcyL","BSU_15340","BSU_29360","string-db","224308.BSU29360/224308.BSU15340","physical","txid224308"
"BSU_15340","BSU_29350","YlmA","TcyM","ylmA","tcyM","YlmA","TcyM","BSU_15340","BSU_29350","string-db","224308.BSU29350/224308.BSU15340","physical","txid224308"
"BSU_15340","BSU_30760","YlmA","MntB","ylmA","mntB","YlmA","MntB","BSU_15340","BSU_30760","string-db","224308.BSU30760/224308.BSU15340","physical","txid224308"
"BSU_15340","BSU_34150","YlmA","GanP","ylmA","ganP","YlmA","GanP","BSU_15340","BSU_34150","string-db","224308.BSU34150/224308.BSU15340","physical","txid224308"
"BSU_15340","BSU_34160","YlmA","CycB","ylmA","ganS","YlmA","GanS","BSU_15340","BSU_34160","string-db","224308.BSU34160/224308.BSU15340","physical","txid224308"
"BSU_15340","BSU_30750","YlmA","MntC","ylmA","mntC","YlmA","MntC","BSU_15340","BSU_30750","string-db","224308.BSU30750/224308.BSU15340","physical","txid224308"
"BSU_15340","BSU_27450","YlmA","GlnM","ylmA","glnM","YlmA","GlnM","BSU_15340","BSU_27450","string-db","224308.BSU27450/224308.BSU15340","physical","txid224308"
"BSU_15340","BSU_32550","YlmA","YurJ","ylmA","frlP","YlmA","FrlP","BSU_15340","BSU_32550","string-db","224308.BSU32550/224308.BSU15340","physical","txid224308"
"BSU_15340","BSU_33710","YlmA","OpuBC","ylmA","opuBC","YlmA","OpuBC","BSU_15340","BSU_33710","string-db","224308.BSU33710/224308.BSU15340","physical","txid224308"
"BSU_15340","BSU_33810","YlmA","OpuCC","ylmA","opuCC","YlmA","OpuCC","BSU_15340","BSU_33810","string-db","224308.BSU33810/224308.BSU15340","physical","txid224308"
"BSU_15340","BSU_35710","YlmA","TagG","ylmA","tagG","YlmA","TagG","BSU_15340","BSU_35710","string-db","224308.BSU35710/224308.BSU15340","physical","txid224308"
"BSU_15340","BSU_39490","YlmA","YxeN","ylmA","yxeN","YlmA","YxeN","BSU_15340","BSU_39490","string-db","224308.BSU39490/224308.BSU15340","physical","txid224308"
"BSU_15340","BSU_40150","YlmA","YydI","ylmA","epeA","YlmA","EpeA","BSU_15340","BSU_40150","string-db","224308.BSU40150/224308.BSU15340","physical","txid224308"
"BSU_15340","BSU_34600","YlmA","MdxF","ylmA","mdxF","YlmA","MdxF","BSU_15340","BSU_34600","string-db","224308.BSU34600/224308.BSU15340","physical","txid224308"
"BSU_23970","BSU_27460","ArtQ","GlnP","artQ","glnP","ArtQ","GlnP","BSU_23970","BSU_27460","string-db","224308.BSU27460/224308.BSU23970","physical","txid224308"
"BSU_23970","BSU_34160","ArtQ","CycB","artQ","ganS","ArtQ","GanS","BSU_23970","BSU_34160","string-db","224308.BSU34160/224308.BSU23970","physical","txid224308"
"BSU_23970","BSU_34610","ArtQ","MdxE","artQ","mdxE","ArtQ","MdxE","BSU_23970","BSU_34610","string-db","224308.BSU34610/224308.BSU23970","physical","txid224308"
"BSU_23970","BSU_39490","ArtQ","YxeN","artQ","yxeN","ArtQ","YxeN","BSU_23970","BSU_39490","string-db","224308.BSU39490/224308.BSU23970","physical","txid224308"
"BSU_23970","BSU_34080","ArtQ","YvfS","artQ","BSU_34080","ArtQ","YvfS","BSU_23970","BSU_34080","string-db","224308.BSU34080/224308.BSU23970","physical","txid224308"
"BSU_23970","BSU_29350","ArtQ","TcyM","artQ","tcyM","ArtQ","TcyM","BSU_23970","BSU_29350","string-db","224308.BSU29350/224308.BSU23970","physical","txid224308"
"BSU_23970","BSU_23980","ArtQ","ArtP","artQ","artP","ArtQ","ArtP","BSU_23970","BSU_23980","subtiwiki","224308.BSU23970/224308.BSU23980","physical","txid224308"
"BSU_23970","BSU_30750","ArtQ","MntC","artQ","mntC","ArtQ","MntC","BSU_23970","BSU_30750","string-db","224308.BSU30750/224308.BSU23970","physical","txid224308"
"BSU_23970","BSU_35710","ArtQ","TagG","artQ","tagG","ArtQ","TagG","BSU_23970","BSU_35710","string-db","224308.BSU35710/224308.BSU23970","physical","txid224308"
"BSU_23970","BSU_27450","ArtQ","GlnM","artQ","glnM","ArtQ","GlnM","BSU_23970","BSU_27450","string-db","224308.BSU27450/224308.BSU23970","physical","txid224308"
"BSU_23970","BSU_34150","ArtQ","GanP","artQ","ganP","ArtQ","GanP","BSU_23970","BSU_34150","string-db","224308.BSU34150/224308.BSU23970","physical","txid224308"
"BSU_23970","BSU_32550","ArtQ","YurJ","artQ","frlP","ArtQ","FrlP","BSU_23970","BSU_32550","string-db","224308.BSU32550/224308.BSU23970","physical","txid224308"
"BSU_23970","BSU_33710","ArtQ","OpuBC","artQ","opuBC","ArtQ","OpuBC","BSU_23970","BSU_33710","string-db","224308.BSU33710/224308.BSU23970","physical","txid224308"
"BSU_23970","BSU_33810","ArtQ","OpuCC","artQ","opuCC","ArtQ","OpuCC","BSU_23970","BSU_33810","string-db","224308.BSU33810/224308.BSU23970","physical","txid224308"
"BSU_23970","BSU_30740","ArtQ","MntD","artQ","mntD","ArtQ","MntD","BSU_23970","BSU_30740","string-db","224308.BSU30740/224308.BSU23970","physical","txid224308"
"BSU_23970","BSU_29360","ArtQ","TcyL","artQ","tcyL","ArtQ","TcyL","BSU_23970","BSU_29360","string-db","224308.BSU29360/224308.BSU23970","physical","txid224308"
"BSU_23970","BSU_40150","ArtQ","YydI","artQ","epeA","ArtQ","EpeA","BSU_23970","BSU_40150","string-db","224308.BSU40150/224308.BSU23970","physical","txid224308"
"BSU_23970","BSU_38810","ArtQ","MsmX","artQ","msmX","ArtQ","MsmX","BSU_23970","BSU_38810","string-db","224308.BSU38810/224308.BSU23970","physical","txid224308"
"BSU_23970","BSU_30760","ArtQ","MntB","artQ","mntB","ArtQ","MntB","BSU_23970","BSU_30760","string-db","224308.BSU30760/224308.BSU23970","physical","txid224308"
"BSU_23970","BSU_34600","ArtQ","MdxF","artQ","mdxF","ArtQ","MdxF","BSU_23970","BSU_34600","string-db","224308.BSU34600/224308.BSU23970","physical","txid224308"
"BSU_33710","BSU_39490","OpuBC","YxeN","opuBC","yxeN","OpuBC","YxeN","BSU_33710","BSU_39490","string-db","224308.BSU39490/224308.BSU33710","physical","txid224308"
"BSU_33710","BSU_38810","OpuBC","MsmX","opuBC","msmX","OpuBC","MsmX","BSU_33710","BSU_38810","string-db","224308.BSU38810/224308.BSU33710","physical","txid224308"
"BSU_33710","BSU_34600","OpuBC","MdxF","opuBC","mdxF","OpuBC","MdxF","BSU_33710","BSU_34600","string-db","224308.BSU34600/224308.BSU33710","physical","txid224308"
"BSU_33710","BSU_34610","OpuBC","MdxE","opuBC","mdxE","OpuBC","MdxE","BSU_33710","BSU_34610","string-db","224308.BSU34610/224308.BSU33710","physical","txid224308"
"BSU_33710","BSU_33810","OpuBC","OpuCC","opuBC","opuCC","OpuBC","OpuCC","BSU_33710","BSU_33810","string-db","224308.BSU33810/224308.BSU33710","physical","txid224308"
"BSU_33710","BSU_33800","OpuBC","OpuCD","opuBC","opuCD","OpuBC","OpuCD","BSU_33710","BSU_33800","string-db","224308.BSU33800/224308.BSU33710","physical","txid224308"
"BSU_33710","BSU_33720","OpuBC","OpuBB","opuBC","opuBB","OpuBC","OpuBB","BSU_33710","BSU_33720","subtiwiki","224308.BSU33720/224308.BSU33710","physical","txid224308"
"BSU_33710","BSU_34160","OpuBC","CycB","opuBC","ganS","OpuBC","GanS","BSU_33710","BSU_34160","string-db","224308.BSU34160/224308.BSU33710","physical","txid224308"
"BSU_33710","BSU_33830","OpuBC","OpuCA","opuBC","opuCA","OpuBC","OpuCA","BSU_33710","BSU_33830","string-db","224308.BSU33830/224308.BSU33710","physical","txid224308"
"BSU_33710","BSU_34150","OpuBC","GanP","opuBC","ganP","OpuBC","GanP","BSU_33710","BSU_34150","string-db","224308.BSU34150/224308.BSU33710","physical","txid224308"
"BSU_33710","BSU_40150","OpuBC","YydI","opuBC","epeA","OpuBC","EpeA","BSU_33710","BSU_40150","string-db","224308.BSU40150/224308.BSU33710","physical","txid224308"
"BSU_33710","BSU_33820","OpuBC","OpuCB","opuBC","opuCB","OpuBC","OpuCB","BSU_33710","BSU_33820","string-db","224308.BSU33820/224308.BSU33710","physical","txid224308"
"BSU_33710","BSU_33730","OpuBC","OpuBA","opuBC","opuBA","OpuBC","OpuBA","BSU_33710","BSU_33730","subtiwiki","224308.BSU33730/224308.BSU33710","physical","txid224308"
"BSU_33710","BSU_34080","OpuBC","YvfS","opuBC","BSU_34080","OpuBC","YvfS","BSU_33710","BSU_34080","string-db","224308.BSU34080/224308.BSU33710","physical","txid224308"
"BSU_33710","BSU_35710","OpuBC","TagG","opuBC","tagG","OpuBC","TagG","BSU_33710","BSU_35710","string-db","224308.BSU35710/224308.BSU33710","physical","txid224308"
"BSU_29360","BSU_40150","TcyL","YydI","tcyL","epeA","TcyL","EpeA","BSU_29360","BSU_40150","string-db","224308.BSU40150/224308.BSU29360","physical","txid224308"
"BSU_29360","BSU_30760","TcyL","MntB","tcyL","mntB","TcyL","MntB","BSU_29360","BSU_30760","string-db","224308.BSU30760/224308.BSU29360","physical","txid224308"
"BSU_29360","BSU_33810","TcyL","OpuCC","tcyL","opuCC","TcyL","OpuCC","BSU_29360","BSU_33810","string-db","224308.BSU33810/224308.BSU29360","physical","txid224308"
"BSU_29360","BSU_29370","TcyL","TcyK","tcyL","tcyK","TcyL","TcyK","BSU_29360","BSU_29370","subtiwiki","224308.BSU29360/224308.BSU29370","physical","txid224308"
"BSU_29360","BSU_30740","TcyL","MntD","tcyL","mntD","TcyL","MntD","BSU_29360","BSU_30740","string-db","224308.BSU30740/224308.BSU29360","physical","txid224308"
"BSU_29360","BSU_33710","TcyL","OpuBC","tcyL","opuBC","TcyL","OpuBC","BSU_29360","BSU_33710","string-db","224308.BSU33710/224308.BSU29360","physical","txid224308"
"BSU_29360","BSU_39490","TcyL","YxeN","tcyL","yxeN","TcyL","YxeN","BSU_29360","BSU_39490","string-db","224308.BSU39490/224308.BSU29360","physical","txid224308"
"BSU_29360","BSU_34150","TcyL","GanP","tcyL","ganP","TcyL","GanP","BSU_29360","BSU_34150","string-db","224308.BSU34150/224308.BSU29360","physical","txid224308"
"BSU_29360","BSU_34610","TcyL","MdxE","tcyL","mdxE","TcyL","MdxE","BSU_29360","BSU_34610","string-db","224308.BSU34610/224308.BSU29360","physical","txid224308"
"BSU_29360","BSU_32550","TcyL","YurJ","tcyL","frlP","TcyL","FrlP","BSU_29360","BSU_32550","string-db","224308.BSU32550/224308.BSU29360","physical","txid224308"
"BSU_29360","BSU_35710","TcyL","TagG","tcyL","tagG","TcyL","TagG","BSU_29360","BSU_35710","string-db","224308.BSU35710/224308.BSU29360","physical","txid224308"
"BSU_29360","BSU_30750","TcyL","MntC","tcyL","mntC","TcyL","MntC","BSU_29360","BSU_30750","string-db","224308.BSU30750/224308.BSU29360","physical","txid224308"
"BSU_29360","BSU_34080","TcyL","YvfS","tcyL","BSU_34080","TcyL","YvfS","BSU_29360","BSU_34080","string-db","224308.BSU34080/224308.BSU29360","physical","txid224308"
"BSU_29360","BSU_34600","TcyL","MdxF","tcyL","mdxF","TcyL","MdxF","BSU_29360","BSU_34600","string-db","224308.BSU34600/224308.BSU29360","physical","txid224308"
"BSU_29360","BSU_29380","TcyL","TcyJ","tcyL","tcyJ","TcyL","TcyJ","BSU_29360","BSU_29380","subtiwiki","224308.BSU29360/224308.BSU29380","physical","txid224308"
"BSU_29360","BSU_34160","TcyL","CycB","tcyL","ganS","TcyL","GanS","BSU_29360","BSU_34160","string-db","224308.BSU34160/224308.BSU29360","physical","txid224308"
"BSU_29360","BSU_38810","TcyL","MsmX","tcyL","msmX","TcyL","MsmX","BSU_29360","BSU_38810","string-db","224308.BSU38810/224308.BSU29360","physical","txid224308"
"BSU_01480","BSU_05910","TruA","TsaE","truA","BSU_05910","TruA","TsaE","BSU_01480","BSU_05910","string-db","224308.BSU05910/224308.BSU01480","physical","txid224308"
"BSU_01540","BSU_36250","SalA","PtkA","salA","ptkA","SalA","PtkA","BSU_01540","BSU_36250","subtiwiki","224308.BSU36250/224308.BSU01540","physical","txid224308"
"BSU_01540","BSU_15650","SalA","YloB","salA","BSU_15650","SalA","YloB","BSU_01540","BSU_15650","string-db","224308.BSU15650/224308.BSU01540","physical","txid224308"
"BSU_01540","BSU_37180","SalA","FadF","salA","fadF","SalA","FadF","BSU_01540","BSU_37180","string-db","224308.BSU37180/224308.BSU01540","physical","txid224308"
"BSU_01540","BSU_29740","SalA","CcpA","salA","ccpA","SalA","CcpA","BSU_01540","BSU_29740","string-db","224308.BSU29740/224308.BSU01540","physical","txid224308"
"BSU_01540","BSU_02030","SalA","YbdM","salA","BSU_02030","SalA","PrkD","BSU_01540","BSU_02030","string-db","224308.BSU02030/224308.BSU01540","physical","txid224308"
"BSU_01640","BSU_31240","Btr","McpA","btr","mcpA","Btr","McpA","BSU_01640","BSU_31240","string-db","224308.BSU31240/224308.BSU01640","physical","txid224308"
"BSU_01680","BSU_13900","YbbF","PtsH","murP","ptsH","MurP","PtsH","BSU_01680","BSU_13900","subtiwiki","224308.BSU01680/224308.BSU13900","physical","txid224308"
"BSU_01680","BSU_38050","YbbF","SacP","murP","sacP","MurP","SacP","BSU_01680","BSU_38050","string-db","224308.BSU38050/224308.BSU01680","physical","txid224308"
"BSU_01680","BSU_38410","YbbF","SacX","murP","sacX","MurP","SacX","BSU_01680","BSU_38410","string-db","224308.BSU38410/224308.BSU01680","physical","txid224308"
"BSU_38050","BSU_22230","SacP","YpqE","sacP","ptsA","SacP","PtsA","BSU_38050","BSU_22230","subtiwiki","224308.BSU38050/224308.BSU22230","physical","txid224308"
"BSU_38050","BSU_38410","SacP","SacX","sacP","sacX","SacP","SacX","BSU_38050","BSU_38410","string-db","224308.BSU38410/224308.BSU38050","physical","txid224308"
"BSU_38410","BSU_22230","SacX","YpqE","sacX","ptsA","SacX","PtsA","BSU_38410","BSU_22230","subtiwiki","224308.BSU38410/224308.BSU22230","physical","txid224308"
"BSU_38410","BSU_02350","SacX","GamP","sacX","gamP","SacX","GamP","BSU_38410","BSU_02350","subtiwiki","224308.BSU38410/224308.BSU02350","physical","txid224308"
"BSU_01740","BSU_16560","RsiW","RasP","rsiW","BSU_16560","RsiW","RasP","BSU_01740","BSU_16560","subtiwiki","224308.BSU01740/224308.BSU16560","physical","txid224308"
"BSU_01740","BSU_22940","RsiW","PrsW","rsiW","BSU_22940","RsiW","PrsW","BSU_01740","BSU_22940","subtiwiki","224308.BSU01740/224308.BSU22940","physical","txid224308"
"BSU_01740","BSU_28830","RsiW","YsdB","rsiW","ysdB","RsiW","YsdB","BSU_01740","BSU_28830","string-db","224308.BSU28830/224308.BSU01740","physical","txid224308"
"BSU_01750","BSU_01770","YbbP","GlmM","cdaA","glmM","CdaA","GlmM","BSU_01750","BSU_01770","subtiwiki","224308.BSU01750/224308.BSU01770","physical","txid224308"
"BSU_01750","BSU_01760","YbbP","CdaR","cdaA","cdaR","CdaA","CdaR","BSU_01750","BSU_01760","subtiwiki","224308.BSU01750/224308.BSU01760","physical","txid224308"
"BSU_01770","BSU_29740","GlmM","CcpA","glmM","ccpA","GlmM","CcpA","BSU_01770","BSU_29740","string-db","224308.BSU29740/224308.BSU01770","physical","txid224308"
"BSU_01780","BSU_29740","GlmS","CcpA","glmS","ccpA","GlmS","CcpA","BSU_01780","BSU_29740","string-db","224308.BSU29740/224308.BSU01780","physical","txid224308"
"BSU_01780","BSU_01900","GlmS","YbcM","glmS","BSU_01900","GlmS","YbcM","BSU_01780","BSU_01900","string-db","224308.BSU01900/224308.BSU01780","physical","txid224308"
"BSU_01780","BSU_35020","GlmS","NagBA","glmS","nagB","GlmS","NagBA","BSU_01780","BSU_35020","string-db","224308.BSU35020/224308.BSU01780","physical","txid224308"
"BSU_01780","BSU_02360","GlmS","NagBB","glmS","gamA","GlmS","NagBB","BSU_01780","BSU_02360","string-db","224308.BSU02360/224308.BSU01780","physical","txid224308"
"BSU_01780","BSU_34760","GlmS","GlmR","glmS","glmR","GlmS","GlmR","BSU_01780","BSU_34760","subtiwiki","224308.BSU01780/224308.BSU34760","physical","txid224308"
"BSU_01900","BSU_02360","YbcM","NagBB","BSU_01900","gamA","YbcM","NagBB","BSU_01900","BSU_02360","string-db","224308.BSU02360/224308.BSU01900","physical","txid224308"
"BSU_01900","BSU_35020","YbcM","NagBA","BSU_01900","nagB","YbcM","NagBA","BSU_01900","BSU_35020","string-db","224308.BSU35020/224308.BSU01900","physical","txid224308"
"BSU_02360","BSU_35020","NagBB","NagBA","gamA","nagB","NagBB","NagBA","BSU_02360","BSU_35020","string-db","224308.BSU35020/224308.BSU02360","physical","txid224308"
"BSU_01800","BSU_08010","AlkA","YfjP","alkA","BSU_08010","AlkA","YfjP","BSU_01800","BSU_08010","string-db","224308.BSU08010/224308.BSU01800","physical","txid224308"
"BSU_01830","BSU_01845","NdhF","YbcC","BSU_01830","BSU_01845","NdhF","YbcC","BSU_01830","BSU_01845","subtiwiki","224308.BSU01830/224308.BSU01845","physical","txid224308"
"BSU_01830","BSU_12290","NdhF","Ndh","BSU_01830","ndh","NdhF","Ndh","BSU_01830","BSU_12290","string-db","224308.BSU12290/224308.BSU01830","physical","txid224308"
"BSU_01830","BSU_32100","NdhF","YumB","BSU_01830","BSU_32100","NdhF","YumB","BSU_01830","BSU_32100","string-db","224308.BSU32100/224308.BSU01830","physical","txid224308"
"BSU_01830","BSU_32200","NdhF","YutJ","BSU_01830","BSU_32200","NdhF","YutJ","BSU_01830","BSU_32200","string-db","224308.BSU32200/224308.BSU01830","physical","txid224308"
"BSU_32100","BSU_32200","YumB","YutJ","BSU_32100","BSU_32200","YumB","YutJ","BSU_32100","BSU_32200","string-db","224308.BSU32200/224308.BSU32100","physical","txid224308"
"BSU_12290","BSU_09300","Ndh","GlpD","ndh","glpD","Ndh","GlpD","BSU_12290","BSU_09300","subtiwiki","224308.BSU12290/224308.BSU09300","physical","txid224308"
"BSU_12290","BSU_12280","Ndh","YjlC","ndh","yjlC","Ndh","YjlC","BSU_12290","BSU_12280","subtiwiki","224308.BSU12290/224308.BSU12280","physical","txid224308"
"BSU_12290","BSU_29120","Ndh","Mdh","ndh","mdh","Ndh","Mdh","BSU_12290","BSU_29120","subtiwiki","224308.BSU12290/224308.BSU29120","physical","txid224308"
"BSU_12290","BSU_32100","Ndh","YumB","ndh","BSU_32100","Ndh","YumB","BSU_12290","BSU_32100","string-db","224308.BSU32100/224308.BSU12290","physical","txid224308"
"BSU_12290","BSU_32200","Ndh","YutJ","ndh","BSU_32200","Ndh","YutJ","BSU_12290","BSU_32200","string-db","224308.BSU32200/224308.BSU12290","physical","txid224308"
"BSU_35000","BSU_36250","HprK","PtkA","hprK","ptkA","HprK","PtkA","BSU_35000","BSU_36250","string-db","224308.BSU36250/224308.BSU35000","physical","txid224308"
"BSU_35000","BSU_40190","HprK","Fbp","hprK","fbp","HprK","Fbp","BSU_35000","BSU_40190","string-db","224308.BSU40190/224308.BSU35000","physical","txid224308"
"BSU_09990","BSU_24610","ScoC","SinR","scoC","sinR","ScoC","SinR","BSU_09990","BSU_24610","subtiwiki","224308.BSU24610/224308.BSU09990","physical","txid224308"
"BSU_09990","BSU_29180","ScoC","Pyk","scoC","BSU_29180","ScoC","Pyk","BSU_09990","BSU_29180","string-db","224308.BSU29180/224308.BSU09990","physical","txid224308"
"BSU_09990","BSU_35000","ScoC","HprK","scoC","hprK","ScoC","HprK","BSU_09990","BSU_35000","string-db","224308.BSU35000/224308.BSU09990","physical","txid224308"
"BSU_09990","BSU_29740","ScoC","CcpA","scoC","ccpA","ScoC","CcpA","BSU_09990","BSU_29740","string-db","224308.BSU29740/224308.BSU09990","physical","txid224308"
"BSU_09990","BSU_16170","ScoC","CodY","scoC","codY","ScoC","CodY","BSU_09990","BSU_16170","string-db","224308.BSU16170/224308.BSU09990","physical","txid224308"
"BSU_02130","BSU_15420","GlpQA","DivIVA","glpQ","divIVA","GlpQA","DivIVA","BSU_02130","BSU_15420","string-db","224308.BSU15420/224308.BSU02130","physical","txid224308"
"BSU_02130","BSU_24180","GlpQA","YqiK","glpQ","yqiK","GlpQA","YqiK","BSU_02130","BSU_24180","string-db","224308.BSU24180/224308.BSU02130","physical","txid224308"
"BSU_02130","BSU_09620","GlpQA","YhdW","glpQ","BSU_09620","GlpQA","YhdW","BSU_02130","BSU_09620","string-db","224308.BSU09620/224308.BSU02130","physical","txid224308"
"BSU_09620","BSU_24180","YhdW","YqiK","BSU_09620","yqiK","YhdW","YqiK","BSU_09620","BSU_24180","string-db","224308.BSU24180/224308.BSU09620","physical","txid224308"
"BSU_15420","BSU_25250","DivIVA","CcpN","divIVA","ccpN","DivIVA","CcpN","BSU_15420","BSU_25250","subtiwiki","224308.BSU15420/224308.BSU25250","physical","txid224308"
"BSU_15420","BSU_35300","DivIVA","SecA","divIVA","secA","DivIVA","SecA","BSU_15420","BSU_35300","subtiwiki","224308.BSU15420/224308.BSU35300","physical","txid224308"
"BSU_15420","BSU_37030","DivIVA","RacA","divIVA","racA","DivIVA","RacA","BSU_15420","BSU_37030","subtiwiki","224308.BSU37030/224308.BSU15420","physical","txid224308"
"BSU_15420","BSU_28000","DivIVA","MinC","divIVA","minC","DivIVA","MinC","BSU_15420","BSU_28000","string-db","224308.BSU28000/224308.BSU15420","physical","txid224308"
"BSU_15420","BSU_29610","DivIVA","EzrA","divIVA","ezrA","DivIVA","EzrA","BSU_15420","BSU_29610","string-db","224308.BSU29610/224308.BSU15420","physical","txid224308"
"BSU_15420","BSU_27660","DivIVA","ComN","divIVA","comN","DivIVA","ComN","BSU_15420","BSU_27660","subtiwiki","224308.BSU15420/224308.BSU27660","physical","txid224308"
"BSU_15420","BSU_36260","DivIVA","YwqC","divIVA","tkmA","DivIVA","TkmA","BSU_15420","BSU_36260","string-db","224308.BSU36260/224308.BSU15420","physical","txid224308"
"BSU_15420","BSU_28610","DivIVA","YshA","divIVA","BSU_28610","DivIVA","ZapA","BSU_15420","BSU_28610","string-db","224308.BSU28610/224308.BSU15420","physical","txid224308"
"BSU_15420","BSU_38120","DivIVA","RodA","divIVA","rodA","DivIVA","RodA","BSU_15420","BSU_38120","string-db","224308.BSU38120/224308.BSU15420","physical","txid224308"
"BSU_15420","BSU_25210","DivIVA","DnaG","divIVA","dnaG","DivIVA","DnaG","BSU_15420","BSU_25210","string-db","224308.BSU25210/224308.BSU15420","physical","txid224308"
"BSU_15420","BSU_22770","DivIVA","MtrB","divIVA","mtrB","DivIVA","MtrB","BSU_15420","BSU_22770","string-db","224308.BSU22770/224308.BSU15420","physical","txid224308"
"BSU_15420","BSU_28010","DivIVA","MreD","divIVA","mreD","DivIVA","MreD","BSU_15420","BSU_28010","string-db","224308.BSU28010/224308.BSU15420","physical","txid224308"
"BSU_15420","BSU_35220","DivIVA","MinJ","divIVA","minJ","DivIVA","MinJ","BSU_15420","BSU_35220","subtiwiki","224308.BSU15420/224308.BSU35220","physical","txid224308"
"BSU_15420","BSU_36250","DivIVA","PtkA","divIVA","ptkA","DivIVA","PtkA","BSU_15420","BSU_36250","string-db","224308.BSU36250/224308.BSU15420","physical","txid224308"
"BSU_15420","BSU_29740","DivIVA","CcpA","divIVA","ccpA","DivIVA","CcpA","BSU_15420","BSU_29740","string-db","224308.BSU29740/224308.BSU15420","physical","txid224308"
"BSU_15420","BSU_15710","DivIVA","PriA","divIVA","BSU_15710","DivIVA","PriA","BSU_15420","BSU_15710","string-db","224308.BSU15710/224308.BSU15420","physical","txid224308"
"BSU_15420","BSU_24300","DivIVA","XseA","divIVA","BSU_24300","DivIVA","XseA","BSU_15420","BSU_24300","string-db","224308.BSU24300/224308.BSU15420","physical","txid224308"
"BSU_15420","BSU_30050","DivIVA","YtgP","divIVA","BSU_30050","DivIVA","YtgP","BSU_15420","BSU_30050","string-db","224308.BSU30050/224308.BSU15420","physical","txid224308"
"BSU_02230","BSU_06510","PurT","PurN","purT","purN","PurT","PurN","BSU_02230","BSU_06510","string-db","224308.BSU06510/224308.BSU02230","physical","txid224308"
"BSU_02230","BSU_06520","PurT","PurH","purT","purH","PurT","PurH","BSU_02230","BSU_06520","string-db","224308.BSU06520/224308.BSU02230","physical","txid224308"
"BSU_06510","BSU_06520","PurN","PurH","purN","purH","PurN","PurH","BSU_06510","BSU_06520","string-db","224308.BSU06520/224308.BSU06510","physical","txid224308"
"BSU_06520","BSU_29740","PurH","CcpA","purH","ccpA","PurH","CcpA","BSU_06520","BSU_29740","string-db","224308.BSU29740/224308.BSU06520","physical","txid224308"
"BSU_02390","BSU_38550","IlvE","IlvK","ilvE","ilvK","IlvE","IlvK","BSU_02390","BSU_38550","string-db","224308.BSU38550/224308.BSU02390","physical","txid224308"
"BSU_02390","BSU_24080","IlvE","Bcd","ilvE","bcd","IlvE","Bcd","BSU_02390","BSU_24080","string-db","224308.BSU24080/224308.BSU02390","physical","txid224308"
"BSU_24080","BSU_38550","Bcd","IlvK","bcd","ilvK","Bcd","IlvK","BSU_24080","BSU_38550","string-db","224308.BSU38550/224308.BSU24080","physical","txid224308"
"BSU_24080","BSU_29740","Bcd","CcpA","bcd","ccpA","Bcd","CcpA","BSU_24080","BSU_29740","string-db","224308.BSU29740/224308.BSU24080","physical","txid224308"
"BSU_02410","BSU_13180","YbgG","MetE","BSU_02410","metE","YbgG","MetE","BSU_02410","BSU_13180","string-db","224308.BSU13180/224308.BSU02410","physical","txid224308"
"BSU_02410","BSU_11010","YbgG","SamT","BSU_02410","yitJ","YbgG","SamT","BSU_02410","BSU_11010","string-db","224308.BSU11010/224308.BSU02410","physical","txid224308"
"BSU_11010","BSU_13180","SamT","MetE","yitJ","metE","SamT","MetE","BSU_11010","BSU_13180","string-db","224308.BSU13180/224308.BSU11010","physical","txid224308"
"BSU_13180","BSU_24300","MetE","XseA","metE","BSU_24300","MetE","XseA","BSU_13180","BSU_24300","string-db","224308.BSU24300/224308.BSU13180","physical","txid224308"
"BSU_13180","BSU_29740","MetE","CcpA","metE","ccpA","MetE","CcpA","BSU_13180","BSU_29740","string-db","224308.BSU29740/224308.BSU13180","physical","txid224308"
"BSU_13180","BSU_21860","MetE","BrxA","metE","BSU_21860","MetE","BrxA","BSU_13180","BSU_21860","subtiwiki","224308.BSU13180/224308.BSU21860","physical","txid224308"
"BSU_13180","BSU_23990","MetE","BrxB","metE","BSU_23990","MetE","BrxB","BSU_13180","BSU_23990","subtiwiki","224308.BSU13180/224308.BSU23990","physical","txid224308"
"BSU_02430","BSU_06470","GlsA","PurQ","glsA","purQ","GlsA","PurQ","BSU_02430","BSU_06470","string-db","224308.BSU06470/224308.BSU02430","physical","txid224308"
"BSU_02430","BSU_14830","GlsA","GlsB","glsA","BSU_14830","GlsA","GlsB","BSU_02430","BSU_14830","string-db","224308.BSU14830/224308.BSU02430","physical","txid224308"
"BSU_02430","BSU_17460","GlsA","GlnA","glsA","glnA","GlsA","GlnA","BSU_02430","BSU_17460","string-db","224308.BSU17460/224308.BSU02430","physical","txid224308"
"BSU_06470","BSU_06480","PurQ","PurL","purQ","purL","PurQ","PurL","BSU_06470","BSU_06480","subtiwiki","224308.BSU06480/224308.BSU06470","physical","txid224308"
"BSU_06470","BSU_14830","PurQ","GlsB","purQ","BSU_14830","PurQ","GlsB","BSU_06470","BSU_14830","string-db","224308.BSU14830/224308.BSU06470","physical","txid224308"
"BSU_06470","BSU_17460","PurQ","GlnA","purQ","glnA","PurQ","GlnA","BSU_06470","BSU_17460","string-db","224308.BSU17460/224308.BSU06470","physical","txid224308"
"BSU_14830","BSU_17460","GlsB","GlnA","BSU_14830","glnA","GlsB","GlnA","BSU_14830","BSU_17460","string-db","224308.BSU17460/224308.BSU14830","physical","txid224308"
"BSU_17460","BSU_28290","GlnA","IlvC","glnA","ilvC","GlnA","IlvC","BSU_17460","BSU_28290","string-db","224308.BSU28290/224308.BSU17460","physical","txid224308"
"BSU_17460","BSU_34900","GlnA","HisB","glnA","hisB","GlnA","HisB","BSU_17460","BSU_34900","string-db","224308.BSU34900/224308.BSU17460","physical","txid224308"
"BSU_17460","BSU_29740","GlnA","CcpA","glnA","ccpA","GlnA","CcpA","BSU_17460","BSU_29740","string-db","224308.BSU29740/224308.BSU17460","physical","txid224308"
"BSU_17460","BSU_29130","GlnA","Icd","glnA","icd","GlnA","Icd","BSU_17460","BSU_29130","string-db","224308.BSU29130/224308.BSU17460","physical","txid224308"
"BSU_02440","BSU_17460","GlnJ","GlnA","BSU_02440","glnA","GlnK","GlnA","BSU_02440","BSU_17460","string-db","224308.BSU17460/224308.BSU02440","physical","txid224308"
"BSU_02440","BSU_13310","GlnJ","TnrA","BSU_02440","tnrA","GlnK","TnrA","BSU_02440","BSU_13310","string-db","224308.BSU13310/224308.BSU02440","physical","txid224308"
"BSU_13310","BSU_17460","TnrA","GlnA","tnrA","glnA","TnrA","GlnA","BSU_13310","BSU_17460","subtiwiki","224308.BSU17460/224308.BSU13310","physical","txid224308"
"BSU_13310","BSU_36510","TnrA","AmtB","tnrA","nrgA","TnrA","NrgA","BSU_13310","BSU_36510","string-db","224308.BSU36510/224308.BSU13310","physical","txid224308"
"BSU_13310","BSU_36520","TnrA","NrgB","tnrA","nrgB","TnrA","NrgB","BSU_13310","BSU_36520","subtiwiki","224308.BSU13310/224308.BSU36520","physical","txid224308"
"BSU_02510","BSU_06710","GarD","SwrC","ycbH","BSU_06710","GarD","SwrC","BSU_02510","BSU_06710","string-db","224308.BSU06710/224308.BSU02510","physical","txid224308"
"BSU_02530","BSU_22770","RtpA","MtrB","rtpA","mtrB","RtpA","MtrB","BSU_02530","BSU_22770","subtiwiki","224308.BSU02530/224308.BSU22770","physical","txid224308"
"BSU_31860","BSU_31875","YueB","YukB","yueB","yukB","YueB","YukB","BSU_31860","BSU_31875","subtiwiki","224308.BSU31860/224308.BSU31875","physical","txid224308"
"BSU_31860","BSU_31890","YueB","YukC","yueB","essB","YueB","EssB","BSU_31860","BSU_31890","subtiwiki","224308.BSU31860/224308.BSU31890","physical","txid224308"
"BSU_31860","BSU_40360","YueB","HtrC","yueB","htrC","YueB","HtrC","BSU_31860","BSU_40360","string-db","224308.BSU40360/224308.BSU31860","physical","txid224308"
"BSU_31860","BSU_33020","YueB","CssS","yueB","cssS","YueB","CssS","BSU_31860","BSU_33020","string-db","224308.BSU33020/224308.BSU31860","physical","txid224308"
"BSU_31860","BSU_37420","YueB","AlbF","yueB","albF","YueB","AlbF","BSU_31860","BSU_37420","string-db","224308.BSU37420/224308.BSU31860","physical","txid224308"
"BSU_31860","BSU_32260","YueB","Hom","yueB","hom","YueB","Hom","BSU_31860","BSU_32260","string-db","224308.BSU32260/224308.BSU31860","physical","txid224308"
"BSU_31860","BSU_37030","YueB","RacA","yueB","racA","YueB","RacA","BSU_31860","BSU_37030","string-db","224308.BSU37030/224308.BSU31860","physical","txid224308"
"BSU_36190","BSU_40360","RttN","HtrC","BSU_36190","htrC","YwqJ","HtrC","BSU_36190","BSU_40360","string-db","224308.BSU40360/224308.BSU36190","physical","txid224308"
"BSU_36190","BSU_37420","RttN","AlbF","BSU_36190","albF","YwqJ","AlbF","BSU_36190","BSU_37420","string-db","224308.BSU37420/224308.BSU36190","physical","txid224308"
"BSU_02620","BSU_02630","PhoD","TatAD","phoD","tatAD","PhoD","TatAD","BSU_02620","BSU_02630","subtiwiki","224308.BSU02620/224308.BSU02630","physical","txid224308"
"BSU_02620","BSU_09410","PhoD","PhoA","phoD","phoA","PhoD","PhoA","BSU_02620","BSU_09410","string-db","224308.BSU09410/224308.BSU02620","physical","txid224308"
"BSU_02620","BSU_05740","PhoD","PhoB","phoD","phoB","PhoD","PhoB","BSU_02620","BSU_05740","string-db","224308.BSU05740/224308.BSU02620","physical","txid224308"
"BSU_09410","BSU_15780","PhoA","CpgA","phoA","BSU_15780","PhoA","CpgA","BSU_09410","BSU_15780","string-db","224308.BSU15780/224308.BSU09410","physical","txid224308"
"BSU_05740","BSU_09410","PhoB","PhoA","phoB","phoA","PhoB","PhoA","BSU_05740","BSU_09410","string-db","224308.BSU09410/224308.BSU05740","physical","txid224308"
"BSU_05740","BSU_29100","PhoB","PhoR","phoB","phoR","PhoB","PhoR","BSU_05740","BSU_29100","string-db","224308.BSU29100/224308.BSU05740","physical","txid224308"
"BSU_05740","BSU_15780","PhoB","CpgA","phoB","BSU_15780","PhoB","CpgA","BSU_05740","BSU_15780","string-db","224308.BSU15780/224308.BSU05740","physical","txid224308"
"BSU_02630","BSU_05990","TatAD","TatCY","tatAD","BSU_05990","TatAD","TatCY","BSU_02630","BSU_05990","subtiwiki","224308.BSU02630/224308.BSU05990","physical","txid224308"
"BSU_02630","BSU_02640","TatAD","TatCD","tatAD","tatCD","TatAD","TatCD","BSU_02630","BSU_02640","subtiwiki","224308.BSU02640/224308.BSU02630","physical","txid224308"
"BSU_02630","BSU_17710","TatAD","TatAC","tatAD","BSU_17710","TatAD","TatAC","BSU_02630","BSU_17710","subtiwiki","224308.BSU17710/224308.BSU02630","physical","txid224308"
"BSU_02630","BSU_05980","TatAD","TatAY","tatAD","BSU_05980","TatAD","TatAY","BSU_02630","BSU_05980","subtiwiki","224308.BSU05980/224308.BSU02630","physical","txid224308"
"BSU_05990","BSU_33120","TatCY","LiaH","BSU_05990","liaH","TatCY","LiaH","BSU_05990","BSU_33120","subtiwiki","224308.BSU05990/224308.BSU33120","physical","txid224308"
"BSU_05990","BSU_17710","TatCY","TatAC","BSU_05990","BSU_17710","TatCY","TatAC","BSU_05990","BSU_17710","subtiwiki","224308.BSU17710/224308.BSU05990","physical","txid224308"
"BSU_02640","BSU_05990","TatCD","TatCY","tatCD","BSU_05990","TatCD","TatCY","BSU_02640","BSU_05990","string-db","224308.BSU05990/224308.BSU02640","physical","txid224308"
"BSU_02640","BSU_05980","TatCD","TatAY","tatCD","BSU_05980","TatCD","TatAY","BSU_02640","BSU_05980","string-db","224308.BSU05980/224308.BSU02640","physical","txid224308"
"BSU_02640","BSU_17710","TatCD","TatAC","tatCD","BSU_17710","TatCD","TatAC","BSU_02640","BSU_17710","subtiwiki","224308.BSU17710/224308.BSU02640","physical","txid224308"
"BSU_17710","BSU_10380","TatAC","HemAT","BSU_17710","hemAT","TatAC","HemAT","BSU_17710","BSU_10380","subtiwiki","224308.BSU17710/224308.BSU10380","physical","txid224308"
"BSU_05980","BSU_33120","TatAY","LiaH","BSU_05980","liaH","TatAY","LiaH","BSU_05980","BSU_33120","subtiwiki","224308.BSU05980/224308.BSU33120","physical","txid224308"
"BSU_05980","BSU_10770","TatAY","WprA","BSU_05980","wprA","TatAY","WprA","BSU_05980","BSU_10770","subtiwiki","224308.BSU05980/224308.BSU10770","physical","txid224308"
"BSU_05980","BSU_05990","TatAY","TatCY","BSU_05980","BSU_05990","TatAY","TatCY","BSU_05980","BSU_05990","subtiwiki","224308.BSU05980/224308.BSU05990","physical","txid224308"
"BSU_05980","BSU_17710","TatAY","TatAC","BSU_05980","BSU_17710","TatAY","TatAC","BSU_05980","BSU_17710","subtiwiki","224308.BSU05980/224308.BSU17710","physical","txid224308"
"BSU_02690","BSU_30540","AnsZ","AsnB","ansZ","BSU_30540","AnsZ","AsnB","BSU_02690","BSU_30540","string-db","224308.BSU30540/224308.BSU02690","physical","txid224308"
"BSU_02690","BSU_10790","AnsZ","AsnO","ansZ","asnO","AnsZ","AsnO","BSU_02690","BSU_10790","string-db","224308.BSU10790/224308.BSU02690","physical","txid224308"
"BSU_02690","BSU_39920","AnsZ","AsnH","ansZ","asnH","AnsZ","AsnH","BSU_02690","BSU_39920","string-db","224308.BSU39920/224308.BSU02690","physical","txid224308"
"BSU_02690","BSU_23580","AnsZ","AnsA","ansZ","ansA","AnsZ","AnsA","BSU_02690","BSU_23580","string-db","224308.BSU23580/224308.BSU02690","physical","txid224308"
"BSU_23580","BSU_39920","AnsA","AsnH","ansA","asnH","AnsA","AsnH","BSU_23580","BSU_39920","string-db","224308.BSU39920/224308.BSU23580","physical","txid224308"
"BSU_23580","BSU_30540","AnsA","AsnB","ansA","BSU_30540","AnsA","AsnB","BSU_23580","BSU_30540","string-db","224308.BSU30540/224308.BSU23580","physical","txid224308"
"BSU_10790","BSU_30540","AsnO","AsnB","asnO","BSU_30540","AsnO","AsnB","BSU_10790","BSU_30540","string-db","224308.BSU30540/224308.BSU10790","physical","txid224308"
"BSU_10790","BSU_23580","AsnO","AnsA","asnO","ansA","AsnO","AnsA","BSU_10790","BSU_23580","string-db","224308.BSU23580/224308.BSU10790","physical","txid224308"
"BSU_10790","BSU_39920","AsnO","AsnH","asnO","asnH","AsnO","AsnH","BSU_10790","BSU_39920","string-db","224308.BSU39920/224308.BSU10790","physical","txid224308"
"BSU_02700","BSU_08350","EstA","EstB","lip","BSU_08350","EstA","EstB","BSU_02700","BSU_08350","string-db","224308.BSU08350/224308.BSU02700","physical","txid224308"
"BSU_02710","BSU_09900","YczC","YhaP","BSU_02710","yhaP","YczC","YhaP","BSU_02710","BSU_09900","string-db","224308.BSU09900/224308.BSU02710","physical","txid224308"
"BSU_02710","BSU_31860","YczC","YueB","BSU_02710","yueB","YczC","YueB","BSU_02710","BSU_31860","string-db","224308.BSU31860/224308.BSU02710","physical","txid224308"
"BSU_02750","BSU_02760","NatA","NatB","natA","natB","NatA","NatB","BSU_02750","BSU_02760","subtiwiki","224308.BSU02760/224308.BSU02750","physical","txid224308"
"BSU_02770","BSU_19400","YccK","SodC","BSU_02770","BSU_19400","YccK","SodC","BSU_02770","BSU_19400","string-db","224308.BSU19400/224308.BSU02770","physical","txid224308"
"BSU_02820","BSU_33000","RapJ","HtrB","BSU_02820","htrB","RapJ","HtrB","BSU_02820","BSU_33000","string-db","224308.BSU33000/224308.BSU02820","physical","txid224308"
"BSU_02820","BSU_03780","RapJ","PhrC","BSU_02820","phrC","RapJ","PhrC","BSU_02820","BSU_03780","subtiwiki","224308.BSU02820/224308.BSU03780","physical","txid224308"
"BSU_02820","BSU_32570","RapJ","FrlD","BSU_02820","frlD","RapJ","FrlD","BSU_02820","BSU_32570","string-db","224308.BSU32570/224308.BSU02820","physical","txid224308"
"BSU_02820","BSU_37130","RapJ","Spo0F","BSU_02820","spo0F","RapJ","Spo0F","BSU_02820","BSU_37130","subtiwiki","224308.BSU37130/224308.BSU02820","physical","txid224308"
"BSU_02820","BSU_25490","RapJ","HrcA","BSU_02820","hrcA","RapJ","HrcA","BSU_02820","BSU_25490","string-db","224308.BSU25490/224308.BSU02820","physical","txid224308"
"BSU_25490","BSU_25510","HrcA","LepA","hrcA","lepA","HrcA","LepA","BSU_25490","BSU_25510","string-db","224308.BSU25510/224308.BSU25490","physical","txid224308"
"BSU_25490","BSU_41020","HrcA","MnmE","hrcA","thdF","HrcA","ThdF","BSU_25490","BSU_41020","string-db","224308.BSU41020/224308.BSU25490","physical","txid224308"
"BSU_25490","BSU_06030","HrcA","GroEL","hrcA","groEL","HrcA","GroEL","BSU_25490","BSU_06030","subtiwiki","224308.BSU25490/224308.BSU06030","physical","txid224308"
"BSU_33000","BSU_35960","HtrB","RbsB","htrB","rbsB","HtrB","RbsB","BSU_33000","BSU_35960","string-db","224308.BSU35960/224308.BSU33000","physical","txid224308"
"BSU_33000","BSU_33010","HtrB","CssR","htrB","cssR","HtrB","CssR","BSU_33000","BSU_33010","string-db","224308.BSU33010/224308.BSU33000","physical","txid224308"
"BSU_33000","BSU_33030","HtrB","YuxN","htrB","yuxN","HtrB","YuxN","BSU_33000","BSU_33030","string-db","224308.BSU33030/224308.BSU33000","physical","txid224308"
"BSU_33000","BSU_38480","HtrB","RelQ","htrB","sasA","HtrB","RelQ","BSU_33000","BSU_38480","string-db","224308.BSU38480/224308.BSU33000","physical","txid224308"
"BSU_37130","BSU_17020","Spo0F","YmcA","spo0F","BSU_17020","Spo0F","RicA","BSU_37130","BSU_17020","subtiwiki","224308.BSU37130/224308.BSU17020","physical","txid224308"
"BSU_37130","BSU_14490","Spo0F","KinC","spo0F","kinC","Spo0F","KinC","BSU_37130","BSU_14490","subtiwiki","224308.BSU37130/224308.BSU14490","physical","txid224308"
"BSU_37130","BSU_13640","Spo0F","Spo0E","spo0F","spo0E","Spo0F","Spo0E","BSU_37130","BSU_13640","subtiwiki","224308.BSU37130/224308.BSU13640","physical","txid224308"
"BSU_03780","BSU_37460","PhrC","RapF","phrC","rapF","PhrC","RapF","BSU_03780","BSU_37460","string-db","224308.BSU37460/224308.BSU03780","physical","txid224308"
"BSU_03780","BSU_36690","PhrC","RapB","phrC","rapB","PhrC","RapB","BSU_03780","BSU_36690","string-db","224308.BSU36690/224308.BSU03780","physical","txid224308"
"BSU_02830","BSU_03930","YcdF","Gdh","ycdF","gdh","YcdF","Gdh","BSU_02830","BSU_03930","string-db","224308.BSU03930/224308.BSU02830","physical","txid224308"
"BSU_02840","BSU_34560","YcdG","MdxL","ycdG","malL","YcdG","MdxL","BSU_02840","BSU_34560","string-db","224308.BSU34560/224308.BSU02840","physical","txid224308"
"BSU_02850","BSU_26830","ZnuA","YrpE","znuA","zinT","ZnuA","YrpE","BSU_02850","BSU_26830","string-db","224308.BSU26830/224308.BSU02850","physical","txid224308"
"BSU_02850","BSU_02870","ZnuA","ZnuB","znuA","znuB","ZnuA","ZnuB","BSU_02850","BSU_02870","string-db","224308.BSU02870/224308.BSU02850","physical","txid224308"
"BSU_02850","BSU_02860","ZnuA","ZnuC","znuA","znuC","ZnuA","ZnuC","BSU_02850","BSU_02860","string-db","224308.BSU02860/224308.BSU02850","physical","txid224308"
"BSU_02890","BSU_09300","YceC","GlpD","yceC","glpD","YceC","GlpD","BSU_02890","BSU_09300","subtiwiki","224308.BSU02890/224308.BSU09300","physical","txid224308"
"BSU_02890","BSU_35940","YceC","RbsA","yceC","rbsA","YceC","RbsA","BSU_02890","BSU_35940","subtiwiki","224308.BSU02890/224308.BSU35940","physical","txid224308"
"BSU_02890","BSU_29740","YceC","CcpA","yceC","ccpA","YceC","CcpA","BSU_02890","BSU_29740","string-db","224308.BSU29740/224308.BSU02890","physical","txid224308"
"BSU_02900","BSU_29740","YceD","CcpA","yceD","ccpA","YceD","CcpA","BSU_02900","BSU_29740","string-db","224308.BSU29740/224308.BSU02900","physical","txid224308"
"BSU_02910","BSU_29740","YceE","CcpA","yceE","ccpA","YceE","CcpA","BSU_02910","BSU_29740","string-db","224308.BSU29740/224308.BSU02910","physical","txid224308"
"BSU_02910","BSU_09900","YceE","YhaP","yceE","yhaP","YceE","YhaP","BSU_02910","BSU_09900","string-db","224308.BSU09900/224308.BSU02910","physical","txid224308"
"BSU_02940","BSU_29740","YceH","CcpA","yceH","ccpA","YceH","CcpA","BSU_02940","BSU_29740","string-db","224308.BSU29740/224308.BSU02940","physical","txid224308"
"BSU_02980","BSU_03000","OpuAA","OpuAC","opuAA","opuAC","OpuAA","OpuAC","BSU_02980","BSU_03000","subtiwiki","224308.BSU03000/224308.BSU02980","physical","txid224308"
"BSU_02980","BSU_02990","OpuAA","OpuAB","opuAA","opuAB","OpuAA","OpuAB","BSU_02980","BSU_02990","subtiwiki","224308.BSU02990/224308.BSU02980","physical","txid224308"
"BSU_03040","BSU_34620","AmyE","MdxD","amyE","yvdF","AmyE","MdxD","BSU_03040","BSU_34620","string-db","224308.BSU34620/224308.BSU03040","physical","txid224308"
"BSU_03180","BSU_34120","Cah","GanB","BSU_03180","ganB","Cah","GanB","BSU_03180","BSU_34120","string-db","224308.BSU34120/224308.BSU03180","physical","txid224308"
"BSU_03180","BSU_18130","Cah","EglS","BSU_03180","bglC","Cah","EglS","BSU_03180","BSU_18130","string-db","224308.BSU18130/224308.BSU03180","physical","txid224308"
"BSU_03180","BSU_05880","Cah","GmuG","BSU_03180","gmuG","Cah","GmuG","BSU_03180","BSU_05880","string-db","224308.BSU05880/224308.BSU03180","physical","txid224308"
"BSU_03180","BSU_07050","Cah","RhgW","BSU_03180","yesW","Cah","RhgW","BSU_03180","BSU_07050","string-db","224308.BSU07050/224308.BSU03180","physical","txid224308"
"BSU_03180","BSU_07060","Cah","RhgX","BSU_03180","yesX","Cah","RhgX","BSU_03180","BSU_07060","string-db","224308.BSU07060/224308.BSU03180","physical","txid224308"
"BSU_05880","BSU_34120","GmuG","GanB","gmuG","ganB","GmuG","GanB","BSU_05880","BSU_34120","string-db","224308.BSU34120/224308.BSU05880","physical","txid224308"
"BSU_05880","BSU_07060","GmuG","RhgX","gmuG","yesX","GmuG","RhgX","BSU_05880","BSU_07060","string-db","224308.BSU07060/224308.BSU05880","physical","txid224308"
"BSU_05880","BSU_07050","GmuG","RhgW","gmuG","yesW","GmuG","RhgW","BSU_05880","BSU_07050","string-db","224308.BSU07050/224308.BSU05880","physical","txid224308"
"BSU_05880","BSU_18130","GmuG","EglS","gmuG","bglC","GmuG","EglS","BSU_05880","BSU_18130","string-db","224308.BSU18130/224308.BSU05880","physical","txid224308"
"BSU_05880","BSU_19800","GmuG","Phy","gmuG","phy","GmuG","Phy","BSU_05880","BSU_19800","string-db","224308.BSU19800/224308.BSU05880","physical","txid224308"
"BSU_18130","BSU_34120","EglS","GanB","bglC","ganB","EglS","GanB","BSU_18130","BSU_34120","string-db","224308.BSU34120/224308.BSU18130","physical","txid224308"
"BSU_18130","BSU_18160","EglS","XynD","bglC","xynD","EglS","XynD","BSU_18130","BSU_18160","string-db","224308.BSU18160/224308.BSU18130","physical","txid224308"
"BSU_18130","BSU_39070","EglS","BglS","bglC","bglS","EglS","BglS","BSU_18130","BSU_39070","string-db","224308.BSU39070/224308.BSU18130","physical","txid224308"
"BSU_07050","BSU_07060","RhgW","RhgX","yesW","yesX","RhgW","RhgX","BSU_07050","BSU_07060","string-db","224308.BSU07060/224308.BSU07050","physical","txid224308"
"BSU_07050","BSU_18130","RhgW","EglS","yesW","bglC","RhgW","EglS","BSU_07050","BSU_18130","string-db","224308.BSU18130/224308.BSU07050","physical","txid224308"
"BSU_07050","BSU_18840","RhgW","XynA","yesW","xynA","RhgW","XynA","BSU_07050","BSU_18840","string-db","224308.BSU18840/224308.BSU07050","physical","txid224308"
"BSU_07050","BSU_18160","RhgW","XynD","yesW","xynD","RhgW","XynD","BSU_07050","BSU_18160","string-db","224308.BSU18160/224308.BSU07050","physical","txid224308"
"BSU_07050","BSU_39070","RhgW","BglS","yesW","bglS","RhgW","BglS","BSU_07050","BSU_39070","string-db","224308.BSU39070/224308.BSU07050","physical","txid224308"
"BSU_07050","BSU_34120","RhgW","GanB","yesW","ganB","RhgW","GanB","BSU_07050","BSU_34120","string-db","224308.BSU34120/224308.BSU07050","physical","txid224308"
"BSU_07060","BSU_18840","RhgX","XynA","yesX","xynA","RhgX","XynA","BSU_07060","BSU_18840","string-db","224308.BSU18840/224308.BSU07060","physical","txid224308"
"BSU_07060","BSU_18130","RhgX","EglS","yesX","bglC","RhgX","EglS","BSU_07060","BSU_18130","string-db","224308.BSU18130/224308.BSU07060","physical","txid224308"
"BSU_07060","BSU_18160","RhgX","XynD","yesX","xynD","RhgX","XynD","BSU_07060","BSU_18160","string-db","224308.BSU18160/224308.BSU07060","physical","txid224308"
"BSU_07060","BSU_39070","RhgX","BglS","yesX","bglS","RhgX","BglS","BSU_07060","BSU_39070","string-db","224308.BSU39070/224308.BSU07060","physical","txid224308"
"BSU_07060","BSU_34120","RhgX","GanB","yesX","ganB","RhgX","GanB","BSU_07060","BSU_34120","string-db","224308.BSU34120/224308.BSU07060","physical","txid224308"
"BSU_03200","BSU_23800","PutB","ProI","putB","proI","PutB","ProI","BSU_03200","BSU_23800","string-db","224308.BSU23800/224308.BSU03200","physical","txid224308"
"BSU_03200","BSU_32850","PutB","PutM","putB","fadM","PutB","PutM","BSU_03200","BSU_32850","string-db","224308.BSU32850/224308.BSU03200","physical","txid224308"
"BSU_03200","BSU_18480","PutB","ProH","putB","proH","PutB","ProH","BSU_03200","BSU_18480","string-db","224308.BSU18480/224308.BSU03200","physical","txid224308"
"BSU_03200","BSU_12910","PutB","ProG","putB","BSU_12910","PutB","ProG","BSU_03200","BSU_12910","string-db","224308.BSU12910/224308.BSU03200","physical","txid224308"
"BSU_18480","BSU_23800","ProH","ProI","proH","proI","ProH","ProI","BSU_18480","BSU_23800","string-db","224308.BSU23800/224308.BSU18480","physical","txid224308"
"BSU_18480","BSU_32850","ProH","PutM","proH","fadM","ProH","PutM","BSU_18480","BSU_32850","string-db","224308.BSU32850/224308.BSU18480","physical","txid224308"
"BSU_23800","BSU_32850","ProI","PutM","proI","fadM","ProI","PutM","BSU_23800","BSU_32850","string-db","224308.BSU32850/224308.BSU23800","physical","txid224308"
"BSU_12910","BSU_18480","ProG","ProH","BSU_12910","proH","ProG","ProH","BSU_12910","BSU_18480","string-db","224308.BSU18480/224308.BSU12910","physical","txid224308"
"BSU_12910","BSU_23800","ProG","ProI","BSU_12910","proI","ProG","ProI","BSU_12910","BSU_23800","string-db","224308.BSU23800/224308.BSU12910","physical","txid224308"
"BSU_12910","BSU_32850","ProG","PutM","BSU_12910","fadM","ProG","PutM","BSU_12910","BSU_32850","string-db","224308.BSU32850/224308.BSU12910","physical","txid224308"
"BSU_03210","BSU_37780","PutC","RocA","putC","rocA","PutC","RocA","BSU_03210","BSU_37780","subtiwiki","224308.BSU03210/224308.BSU37780","physical","txid224308"
"BSU_03250","BSU_16310","YcgR","FliM","ycgR","fliM","YcgR","FliM","BSU_03250","BSU_16310","string-db","224308.BSU16310/224308.BSU03250","physical","txid224308"
"BSU_03250","BSU_16220","YcgR","FliG","ycgR","fliG","YcgR","FliG","BSU_03250","BSU_16220","string-db","224308.BSU16220/224308.BSU03250","physical","txid224308"
"BSU_16310","BSU_16410","FliM","YlxH","fliM","flhG","FliM","FlhG","BSU_16310","BSU_16410","subtiwiki","224308.BSU16310/224308.BSU16410","physical","txid224308"
"BSU_16310","BSU_16330","FliM","CheY","fliM","cheY","FliM","CheY","BSU_16310","BSU_16330","string-db","224308.BSU16330/224308.BSU16310","physical","txid224308"
"BSU_16310","BSU_16320","FliM","FliY","fliM","fliY","FliM","FliY","BSU_16310","BSU_16320","subtiwiki","224308.BSU16310/224308.BSU16320","physical","txid224308"
"BSU_16220","BSU_13690","FliG","MotA","fliG","motA","FliG","MotA","BSU_16220","BSU_13690","subtiwiki","224308.BSU16220/224308.BSU13690","physical","txid224308"
"BSU_16220","BSU_16410","FliG","YlxH","fliG","flhG","FliG","FlhG","BSU_16220","BSU_16410","subtiwiki","224308.BSU16220/224308.BSU16410","physical","txid224308"
"BSU_16220","BSU_16320","FliG","FliY","fliG","fliY","FliG","FliY","BSU_16220","BSU_16320","subtiwiki","224308.BSU16320/224308.BSU16220","physical","txid224308"
"BSU_16220","BSU_16390","FliG","FlhA","fliG","flhA","FliG","FlhA","BSU_16220","BSU_16390","string-db","224308.BSU16390/224308.BSU16220","physical","txid224308"
"BSU_16220","BSU_16310","FliG","FliM","fliG","fliM","FliG","FliM","BSU_16220","BSU_16310","subtiwiki","224308.BSU16310/224308.BSU16220","physical","txid224308"
"BSU_16220","BSU_34330","FliG","EpsE","fliG","epsE","FliG","EpsE","BSU_16220","BSU_34330","subtiwiki","224308.BSU34330/224308.BSU16220","physical","txid224308"
"BSU_03280","BSU_15610","NasF","SumT","nasF","ylnD","NasF","SumT","BSU_03280","BSU_15610","string-db","224308.BSU15610/224308.BSU03280","physical","txid224308"
"BSU_03280","BSU_12230","NasF","YjjA","nasF","BSU_12230","NasF","YjjA","BSU_03280","BSU_12230","string-db","224308.BSU12230/224308.BSU03280","physical","txid224308"
"BSU_03280","BSU_28140","NasF","HemD","nasF","hemD","NasF","HemD","BSU_03280","BSU_28140","string-db","224308.BSU28140/224308.BSU03280","physical","txid224308"
"BSU_12230","BSU_28140","YjjA","HemD","BSU_12230","hemD","YjjA","HemD","BSU_12230","BSU_28140","string-db","224308.BSU28140/224308.BSU12230","physical","txid224308"
"BSU_03290","BSU_03300","NasE","NasD","nasE","nasD","NasE","NasD","BSU_03290","BSU_03300","subtiwiki","224308.BSU03290/224308.BSU03300","physical","txid224308"
"BSU_03290","BSU_03320","NasE","NasB","nasE","nasB","NasE","NasB","BSU_03290","BSU_03320","string-db","224308.BSU03320/224308.BSU03290","physical","txid224308"
"BSU_03320","BSU_03310","NasB","NasC","nasB","nasC","NasB","NasC","BSU_03320","BSU_03310","subtiwiki","224308.BSU03320/224308.BSU03310","physical","txid224308"
"BSU_03300","BSU_03320","NasD","NasB","nasD","nasB","NasD","NasB","BSU_03300","BSU_03320","string-db","224308.BSU03320/224308.BSU03300","physical","txid224308"
"BSU_03310","BSU_37250","NasC","NarI","nasC","narI","NasC","NarI","BSU_03310","BSU_37250","string-db","224308.BSU37250/224308.BSU03310","physical","txid224308"
"BSU_03310","BSU_37280","NasC","NarG","nasC","narG","NasC","NarG","BSU_03310","BSU_37280","string-db","224308.BSU37280/224308.BSU03310","physical","txid224308"
"BSU_03310","BSU_37270","NasC","NarH","nasC","narH","NasC","NarH","BSU_03310","BSU_37270","string-db","224308.BSU37270/224308.BSU03310","physical","txid224308"
"BSU_37250","BSU_37270","NarI","NarH","narI","narH","NarI","NarH","BSU_37250","BSU_37270","subtiwiki","224308.BSU37250/224308.BSU37270","physical","txid224308"
"BSU_37250","BSU_37280","NarI","NarG","narI","narG","NarI","NarG","BSU_37250","BSU_37280","string-db","224308.BSU37280/224308.BSU37250","physical","txid224308"
"BSU_37270","BSU_37280","NarH","NarG","narH","narG","NarH","NarG","BSU_37270","BSU_37280","subtiwiki","224308.BSU37270/224308.BSU37280","physical","txid224308"
"BSU_03330","BSU_37320","NasA","NarK","nasA","narK","NasA","NarK","BSU_03330","BSU_37320","string-db","224308.BSU37320/224308.BSU03330","physical","txid224308"
"BSU_03340","BSU_22780","FolEB","FolEA","folEB","folE","FolEB","FolE","BSU_03340","BSU_22780","string-db","224308.BSU22780/224308.BSU03340","physical","txid224308"
"BSU_03340","BSU_29740","FolEB","CcpA","folEB","ccpA","FolEB","CcpA","BSU_03340","BSU_29740","string-db","224308.BSU29740/224308.BSU03340","physical","txid224308"
"BSU_22780","BSU_03360","FolEA","ZagA","folE","zagA","FolE","ZinT","BSU_22780","BSU_03360","subtiwiki","224308.BSU22780/224308.BSU03360","physical","txid224308"
"BSU_03360","BSU_29740","ZagA","CcpA","zagA","ccpA","ZinT","CcpA","BSU_03360","BSU_29740","string-db","224308.BSU29740/224308.BSU03360","physical","txid224308"
"BSU_03380","BSU_13950","YckB","McpC","BSU_03380","mcpC","YckB","McpC","BSU_03380","BSU_13950","subtiwiki","224308.BSU03380/224308.BSU13950","physical","txid224308"
"BSU_03380","BSU_03610","YckB","TcyA","BSU_03380","BSU_03610","YckB","TcyA","BSU_03380","BSU_03610","string-db","224308.BSU03610/224308.BSU03380","physical","txid224308"
"BSU_03380","BSU_03600","YckB","TcyB","BSU_03380","BSU_03600","YckB","TcyB","BSU_03380","BSU_03600","string-db","224308.BSU03600/224308.BSU03380","physical","txid224308"
"BSU_03380","BSU_03590","YckB","TcyC","BSU_03380","BSU_03590","YckB","TcyC","BSU_03380","BSU_03590","string-db","224308.BSU03590/224308.BSU03380","physical","txid224308"
"BSU_03590","BSU_03610","TcyC","TcyA","BSU_03590","BSU_03610","TcyC","TcyA","BSU_03590","BSU_03610","subtiwiki","224308.BSU03610/224308.BSU03590","physical","txid224308"
"BSU_03590","BSU_03600","TcyC","TcyB","BSU_03590","BSU_03600","TcyC","TcyB","BSU_03590","BSU_03600","subtiwiki","224308.BSU03600/224308.BSU03590","physical","txid224308"
"BSU_03440","BSU_31240","TlpC","McpA","tlpC","mcpA","TlpC","McpA","BSU_03440","BSU_31240","string-db","224308.BSU31240/224308.BSU03440","physical","txid224308"
"BSU_03440","BSU_16430","TlpC","CheA","tlpC","cheA","TlpC","CheA","BSU_03440","BSU_16430","string-db","224308.BSU16430/224308.BSU03440","physical","txid224308"
"BSU_03440","BSU_24300","TlpC","XseA","tlpC","BSU_24300","TlpC","XseA","BSU_03440","BSU_24300","string-db","224308.BSU24300/224308.BSU03440","physical","txid224308"
"BSU_03440","BSU_16440","TlpC","CheW","tlpC","cheW","TlpC","CheW","BSU_03440","BSU_16440","string-db","224308.BSU16440/224308.BSU03440","physical","txid224308"
"BSU_16440","BSU_31240","CheW","McpA","cheW","mcpA","CheW","McpA","BSU_16440","BSU_31240","string-db","224308.BSU31240/224308.BSU16440","physical","txid224308"
"BSU_16440","BSU_16940","CheW","RecA","cheW","recA","CheW","RecA","BSU_16440","BSU_16940","string-db","224308.BSU16940/224308.BSU16440","physical","txid224308"
"BSU_16440","BSU_31230","CheW","TlpB","cheW","tlpB","CheW","TlpB","BSU_16440","BSU_31230","string-db","224308.BSU31230/224308.BSU16440","physical","txid224308"
"BSU_16440","BSU_37120","CheW","FbaA","cheW","BSU_37120","CheW","FbaA","BSU_16440","BSU_37120","string-db","224308.BSU37120/224308.BSU16440","physical","txid224308"
"BSU_16440","BSU_31260","CheW","McpB","cheW","mcpB","CheW","McpB","BSU_16440","BSU_31260","subtiwiki","224308.BSU16440/224308.BSU31260","physical","txid224308"
"BSU_16440","BSU_33690","CheW","YvaQ","cheW","yvaQ","CheW","YvaQ","BSU_16440","BSU_33690","string-db","224308.BSU33690/224308.BSU16440","physical","txid224308"
"BSU_16440","BSU_31250","CheW","TlpA","cheW","tlpA","CheW","TlpA","BSU_16440","BSU_31250","string-db","224308.BSU31250/224308.BSU16440","physical","txid224308"
"BSU_16430","BSU_16450","CheA","CheC","cheA","cheC","CheA","CheC","BSU_16430","BSU_16450","subtiwiki","224308.BSU16430/224308.BSU16450","physical","txid224308"
"BSU_16430","BSU_31260","CheA","McpB","cheA","mcpB","CheA","McpB","BSU_16430","BSU_31260","subtiwiki","224308.BSU16430/224308.BSU31260","physical","txid224308"
"BSU_16430","BSU_33690","CheA","YvaQ","cheA","yvaQ","CheA","YvaQ","BSU_16430","BSU_33690","string-db","224308.BSU33690/224308.BSU16430","physical","txid224308"
"BSU_16430","BSU_31250","CheA","TlpA","cheA","tlpA","CheA","TlpA","BSU_16430","BSU_31250","string-db","224308.BSU31250/224308.BSU16430","physical","txid224308"
"BSU_16430","BSU_16440","CheA","CheW","cheA","cheW","CheA","CheW","BSU_16430","BSU_16440","subtiwiki","224308.BSU16430/224308.BSU16440","physical","txid224308"
"BSU_16430","BSU_31240","CheA","McpA","cheA","mcpA","CheA","McpA","BSU_16430","BSU_31240","string-db","224308.BSU31240/224308.BSU16430","physical","txid224308"
"BSU_16430","BSU_31230","CheA","TlpB","cheA","tlpB","CheA","TlpB","BSU_16430","BSU_31230","string-db","224308.BSU31230/224308.BSU16430","physical","txid224308"
"BSU_03450","BSU_03460","HxlB","HxlA","hxlB","hxlA","HxlB","HxlA","BSU_03450","BSU_03460","string-db","224308.BSU03460/224308.BSU03450","physical","txid224308"
"BSU_03490","BSU_29740","SrfAB","CcpA","srfAB","ccpA","SrfAB","CcpA","BSU_03490","BSU_29740","string-db","224308.BSU29740/224308.BSU03490","physical","txid224308"
"BSU_03490","BSU_03510","SrfAB","SrfAC","srfAB","srfAC","SrfAB","SrfAC","BSU_03490","BSU_03510","string-db","224308.BSU03510/224308.BSU03490","physical","txid224308"
"BSU_03490","BSU_22910","SrfAB","YpfA","srfAB","BSU_22910","SrfAB","MotI","BSU_03490","BSU_22910","string-db","224308.BSU22910/224308.BSU03490","physical","txid224308"
"BSU_03490","BSU_15880","SrfAB","FapR","srfAB","fapR","SrfAB","FapR","BSU_03490","BSU_15880","string-db","224308.BSU15880/224308.BSU03490","physical","txid224308"
"BSU_15880","BSU_29450","FapR","ArgG","fapR","argG","FapR","ArgG","BSU_15880","BSU_29450","string-db","224308.BSU29450/224308.BSU15880","physical","txid224308"
"BSU_03510","BSU_29740","SrfAC","CcpA","srfAC","ccpA","SrfAC","CcpA","BSU_03510","BSU_29740","string-db","224308.BSU29740/224308.BSU03510","physical","txid224308"
"BSU_03510","BSU_22910","SrfAC","YpfA","srfAC","BSU_22910","SrfAC","MotI","BSU_03510","BSU_22910","string-db","224308.BSU22910/224308.BSU03510","physical","txid224308"
"BSU_03500","BSU_11520","ComS","MecA","comS","mecA","ComS","MecA","BSU_03500","BSU_11520","subtiwiki","224308.BSU11520/224308.BSU03500","physical","txid224308"
"BSU_03550","BSU_06710","YcxC","SwrC","BSU_03550","BSU_06710","YcxC","SwrC","BSU_03550","BSU_06710","string-db","224308.BSU06710/224308.BSU03550","physical","txid224308"
"BSU_03550","BSU_10160","YcxC","YhgE","BSU_03550","BSU_10160","YcxC","YhgE","BSU_03550","BSU_10160","string-db","224308.BSU10160/224308.BSU03550","physical","txid224308"
"BSU_03630","BSU_07580","BsdB","CitS","bsdB","BSU_07580","BsdB","CitS","BSU_03630","BSU_07580","string-db","224308.BSU07580/224308.BSU03630","physical","txid224308"
"BSU_03630","BSU_03651","BsdB","BsdD","bsdB","bsdD","BsdB","BsdD","BSU_03630","BSU_03651","string-db","224308.BSU03651/224308.BSU03630","physical","txid224308"
"BSU_03630","BSU_03640","BsdB","BsdC","bsdB","bsdC","BsdB","BsdC","BSU_03630","BSU_03640","string-db","224308.BSU03640/224308.BSU03630","physical","txid224308"
"BSU_03640","BSU_03651","BsdC","BsdD","bsdC","bsdD","BsdC","BsdD","BSU_03640","BSU_03651","string-db","224308.BSU03651/224308.BSU03640","physical","txid224308"
"BSU_07580","BSU_12890","CitS","YkcC","BSU_07580","ykcC","CitS","YkcC","BSU_07580","BSU_12890","string-db","224308.BSU12890/224308.BSU07580","physical","txid224308"
"BSU_07580","BSU_12790","CitS","XhlA","BSU_07580","xhlA","CitS","XhlA","BSU_07580","BSU_12790","string-db","224308.BSU12790/224308.BSU07580","physical","txid224308"
"BSU_07580","BSU_29440","CitS","ArgH","BSU_07580","argH","CitS","ArgH","BSU_07580","BSU_29440","string-db","224308.BSU29440/224308.BSU07580","physical","txid224308"
"BSU_07580","BSU_09900","CitS","YhaP","BSU_07580","yhaP","CitS","YhaP","BSU_07580","BSU_09900","string-db","224308.BSU09900/224308.BSU07580","physical","txid224308"
"BSU_07580","BSU_26150","CitS","YqbD","BSU_07580","BSU_26150","CitS","YqbD","BSU_07580","BSU_26150","string-db","224308.BSU26150/224308.BSU07580","physical","txid224308"
"BSU_07580","BSU_14400","CitS","FruA","BSU_07580","fruA","CitS","FruA","BSU_07580","BSU_14400","string-db","224308.BSU14400/224308.BSU07580","physical","txid224308"
"BSU_07580","BSU_18200","CitS","NrnB","BSU_07580","nrnB","CitS","NrnB","BSU_07580","BSU_18200","string-db","224308.BSU18200/224308.BSU07580","physical","txid224308"
"BSU_07580","BSU_39790","CitS","YxcE","BSU_07580","BSU_39790","CitS","YxcE","BSU_07580","BSU_39790","string-db","224308.BSU39790/224308.BSU07580","physical","txid224308"
"BSU_07580","BSU_09920","CitS","SbcE","BSU_07580","sbcE","CitS","SbcE","BSU_07580","BSU_09920","string-db","224308.BSU09920/224308.BSU07580","physical","txid224308"
"BSU_07580","BSU_25560","CitS","HolA","BSU_07580","BSU_25560","CitS","HolA","BSU_07580","BSU_25560","string-db","224308.BSU25560/224308.BSU07580","physical","txid224308"
"BSU_07580","BSU_10160","CitS","YhgE","BSU_07580","BSU_10160","CitS","YhgE","BSU_07580","BSU_10160","string-db","224308.BSU10160/224308.BSU07580","physical","txid224308"
"BSU_07580","BSU_27710","CitS","Tgt","BSU_07580","BSU_27710","CitS","Tgt","BSU_07580","BSU_27710","string-db","224308.BSU27710/224308.BSU07580","physical","txid224308"
"BSU_07580","BSU_34010","CitS","YvbW","BSU_07580","yvbW","CitS","YvbW","BSU_07580","BSU_34010","string-db","224308.BSU34010/224308.BSU07580","physical","txid224308"
"BSU_07580","BSU_25330","CitS","YqfF","BSU_07580","BSU_25330","CitS","YqfF","BSU_07580","BSU_25330","string-db","224308.BSU25330/224308.BSU07580","physical","txid224308"
"BSU_07580","BSU_26030","CitS","YqbO","BSU_07580","BSU_26030","CitS","YqbO","BSU_07580","BSU_26030","string-db","224308.BSU26030/224308.BSU07580","physical","txid224308"
"BSU_07580","BSU_25770","CitS","SpoIVCA","BSU_07580","spoIVCA","CitS","SpoIVCA","BSU_07580","BSU_25770","string-db","224308.BSU25770/224308.BSU07580","physical","txid224308"
"BSU_07580","BSU_36020","CitS","AlsR","BSU_07580","alsR","CitS","AlsR","BSU_07580","BSU_36020","string-db","224308.BSU36020/224308.BSU07580","physical","txid224308"
"BSU_07580","BSU_37030","CitS","RacA","BSU_07580","racA","CitS","RacA","BSU_07580","BSU_37030","string-db","224308.BSU37030/224308.BSU07580","physical","txid224308"
"BSU_07580","BSU_07590","CitS","CitT","BSU_07580","citT","CitS","CitT","BSU_07580","BSU_07590","subtiwiki","224308.BSU07590/224308.BSU07580","physical","txid224308"
"BSU_18320","BSU_37030","PpsC","RacA","ppsC","racA","PpsC","RacA","BSU_18320","BSU_37030","string-db","224308.BSU37030/224308.BSU18320","physical","txid224308"
"BSU_18320","BSU_26150","PpsC","YqbD","ppsC","BSU_26150","PpsC","YqbD","BSU_18320","BSU_26150","string-db","224308.BSU26150/224308.BSU18320","physical","txid224308"
"BSU_18320","BSU_25330","PpsC","YqfF","ppsC","BSU_25330","PpsC","YqfF","BSU_18320","BSU_25330","string-db","224308.BSU25330/224308.BSU18320","physical","txid224308"
"BSU_18320","BSU_18340","PpsC","PpsA","ppsC","ppsA","PpsC","PpsA","BSU_18320","BSU_18340","string-db","224308.BSU18340/224308.BSU18320","physical","txid224308"
"BSU_18320","BSU_18330","PpsC","PpsB","ppsC","ppsB","PpsC","PpsB","BSU_18320","BSU_18330","string-db","224308.BSU18330/224308.BSU18320","physical","txid224308"
"BSU_18320","BSU_31860","PpsC","YueB","ppsC","yueB","PpsC","YueB","BSU_18320","BSU_31860","string-db","224308.BSU31860/224308.BSU18320","physical","txid224308"
"BSU_14880","BSU_14920","CtaB","CtaF","ctaB","ctaF","CtaB","CtaF","BSU_14880","BSU_14920","string-db","224308.BSU14920/224308.BSU14880","physical","txid224308"
"BSU_14880","BSU_38170","CtaB","QoxA","ctaB","qoxA","CtaB","QoxA","BSU_14880","BSU_38170","string-db","224308.BSU38170/224308.BSU14880","physical","txid224308"
"BSU_14880","BSU_14890","CtaB","CtaC","ctaB","ctaC","CtaB","CtaC","BSU_14880","BSU_14890","string-db","224308.BSU14890/224308.BSU14880","physical","txid224308"
"BSU_14880","BSU_38140","CtaB","QoxD","ctaB","qoxD","CtaB","QoxD","BSU_14880","BSU_38140","string-db","224308.BSU38140/224308.BSU14880","physical","txid224308"
"BSU_14880","BSU_38150","CtaB","QoxC","ctaB","qoxC","CtaB","QoxC","BSU_14880","BSU_38150","string-db","224308.BSU38150/224308.BSU14880","physical","txid224308"
"BSU_14880","BSU_14910","CtaB","CtaE","ctaB","ctaE","CtaB","CtaE","BSU_14880","BSU_14910","string-db","224308.BSU14910/224308.BSU14880","physical","txid224308"
"BSU_14880","BSU_38160","CtaB","QoxB","ctaB","qoxB","CtaB","QoxB","BSU_14880","BSU_38160","string-db","224308.BSU38160/224308.BSU14880","physical","txid224308"
"BSU_14880","BSU_14900","CtaB","CtaD","ctaB","ctaD","CtaB","CtaD","BSU_14880","BSU_14900","string-db","224308.BSU14900/224308.BSU14880","physical","txid224308"
"BSU_33020","BSU_37030","CssS","RacA","cssS","racA","CssS","RacA","BSU_33020","BSU_37030","string-db","224308.BSU37030/224308.BSU33020","physical","txid224308"
"BSU_33020","BSU_36190","CssS","RttN","cssS","BSU_36190","CssS","YwqJ","BSU_33020","BSU_36190","string-db","224308.BSU36190/224308.BSU33020","physical","txid224308"
"BSU_39810","BSU_02640","CsbC","TatCD","csbC","tatCD","CsbC","TatCD","BSU_39810","BSU_02640","subtiwiki","224308.BSU39810/224308.BSU02640","physical","txid224308"
"BSU_39810","BSU_02630","CsbC","TatAD","csbC","tatAD","CsbC","TatAD","BSU_39810","BSU_02630","subtiwiki","224308.BSU39810/224308.BSU02630","physical","txid224308"
"BSU_40360","BSU_22920","HtrC","YpeB","htrC","ypeB","HtrC","YpeB","BSU_40360","BSU_22920","subtiwiki","224308.BSU40360/224308.BSU22920","physical","txid224308"
"BSU_31080","BSU_36190","BslA","RttN","bslA","BSU_36190","BslA","YwqJ","BSU_31080","BSU_36190","string-db","224308.BSU36190/224308.BSU31080","physical","txid224308"
"BSU_28010","BSU_37030","MreD","RacA","mreD","racA","MreD","RacA","BSU_28010","BSU_37030","string-db","224308.BSU37030/224308.BSU28010","physical","txid224308"
"BSU_28010","BSU_36190","MreD","RttN","mreD","BSU_36190","MreD","YwqJ","BSU_28010","BSU_36190","string-db","224308.BSU36190/224308.BSU28010","physical","txid224308"
"BSU_28010","BSU_28030","MreD","MreB","mreD","mreB","MreD","MreB","BSU_28010","BSU_28030","subtiwiki","224308.BSU28010/224308.BSU28030","physical","txid224308"
"BSU_28010","BSU_38120","MreD","RodA","mreD","rodA","MreD","RodA","BSU_28010","BSU_38120","subtiwiki","224308.BSU28010/224308.BSU38120","physical","txid224308"
"BSU_28010","BSU_35700","MreD","TagH","mreD","tagH","MreD","TagH","BSU_28010","BSU_35700","string-db","224308.BSU35700/224308.BSU28010","physical","txid224308"
"BSU_28010","BSU_35720","MreD","TagF","mreD","tagF","MreD","TagF","BSU_28010","BSU_35720","string-db","224308.BSU35720/224308.BSU28010","physical","txid224308"
"BSU_28010","BSU_35750","MreD","TagA","mreD","tagA","MreD","TagA","BSU_28010","BSU_35750","string-db","224308.BSU35750/224308.BSU28010","physical","txid224308"
"BSU_28010","BSU_31860","MreD","YueB","mreD","yueB","MreD","YueB","BSU_28010","BSU_31860","string-db","224308.BSU31860/224308.BSU28010","physical","txid224308"
"BSU_28010","BSU_36410","MreD","Mbl","mreD","mbl","MreD","Mbl","BSU_28010","BSU_36410","string-db","224308.BSU36410/224308.BSU28010","physical","txid224308"
"BSU_28010","BSU_35530","MreD","TagO","mreD","BSU_35530","MreD","TagO","BSU_28010","BSU_35530","string-db","224308.BSU35530/224308.BSU28010","physical","txid224308"
"BSU_28010","BSU_28020","MreD","MreC","mreD","mreC","MreD","MreC","BSU_28010","BSU_28020","subtiwiki","224308.BSU28010/224308.BSU28020","physical","txid224308"
"BSU_28010","BSU_35760","MreD","TagB","mreD","tagB","MreD","TagB","BSU_28010","BSU_35760","string-db","224308.BSU35760/224308.BSU28010","physical","txid224308"
"BSU_28010","BSU_27310","MreD","PbpI","mreD","pbpI","MreD","PbpI","BSU_28010","BSU_27310","subtiwiki","224308.BSU28010/224308.BSU27310","physical","txid224308"
"BSU_28010","BSU_16910","MreD","RodZ","mreD","BSU_16910","MreD","RodZ","BSU_28010","BSU_16910","subtiwiki","224308.BSU28010/224308.BSU16910","physical","txid224308"
"BSU_28010","BSU_14470","MreD","MreBH","mreD","mreBH","MreD","MreBH","BSU_28010","BSU_14470","subtiwiki","224308.BSU28010/224308.BSU14470","physical","txid224308"
"BSU_28010","BSU_25000","MreD","PbpA","mreD","BSU_25000","MreD","PbpA","BSU_28010","BSU_25000","subtiwiki","224308.BSU28010/224308.BSU25000","physical","txid224308"
"BSU_04120","BSU_13390","YczI","YkoT","BSU_04120","ykoT","YczI","YkoT","BSU_04120","BSU_13390","string-db","224308.BSU13390/224308.BSU04120","physical","txid224308"
"BSU_04120","BSU_25330","YczI","YqfF","BSU_04120","BSU_25330","YczI","YqfF","BSU_04120","BSU_25330","string-db","224308.BSU25330/224308.BSU04120","physical","txid224308"
"BSU_04120","BSU_06710","YczI","SwrC","BSU_04120","BSU_06710","YczI","SwrC","BSU_04120","BSU_06710","string-db","224308.BSU06710/224308.BSU04120","physical","txid224308"
"BSU_04120","BSU_05650","YczI","YdgH","BSU_04120","ydgH","YczI","YdgH","BSU_04120","BSU_05650","string-db","224308.BSU05650/224308.BSU04120","physical","txid224308"
"BSU_04120","BSU_14400","YczI","FruA","BSU_04120","fruA","YczI","FruA","BSU_04120","BSU_14400","string-db","224308.BSU14400/224308.BSU04120","physical","txid224308"
"BSU_04120","BSU_12890","YczI","YkcC","BSU_04120","ykcC","YczI","YkcC","BSU_04120","BSU_12890","string-db","224308.BSU12890/224308.BSU04120","physical","txid224308"
"BSU_15940","BSU_31860","Smc","YueB","smc","yueB","Smc","YueB","BSU_15940","BSU_31860","string-db","224308.BSU31860/224308.BSU15940","physical","txid224308"
"BSU_15940","BSU_28610","Smc","YshA","smc","BSU_28610","Smc","ZapA","BSU_15940","BSU_28610","string-db","224308.BSU28610/224308.BSU15940","physical","txid224308"
"BSU_15940","BSU_25330","Smc","YqfF","smc","BSU_25330","Smc","YqfF","BSU_15940","BSU_25330","string-db","224308.BSU25330/224308.BSU15940","physical","txid224308"
"BSU_15940","BSU_40960","Smc","ParB","smc","parB","Smc","ParB","BSU_15940","BSU_40960","subtiwiki","224308.BSU15940/224308.BSU40960","physical","txid224308"
"BSU_15940","BSU_29610","Smc","EzrA","smc","ezrA","Smc","EzrA","BSU_15940","BSU_29610","string-db","224308.BSU29610/224308.BSU15940","physical","txid224308"
"BSU_15940","BSU_23220","Smc","ScpA","smc","scpA","Smc","ScpA","BSU_15940","BSU_23220","subtiwiki","224308.BSU15940/224308.BSU23220","physical","txid224308"
"BSU_15940","BSU_23210","Smc","SpcB","smc","scpB","Smc","ScpB","BSU_15940","BSU_23210","subtiwiki","224308.BSU15940/224308.BSU23210","physical","txid224308"
"BSU_04480","BSU_25330","YdbI","YqfF","BSU_04480","BSU_25330","YdbI","YqfF","BSU_04480","BSU_25330","string-db","224308.BSU25330/224308.BSU04480","physical","txid224308"
"BSU_04480","BSU_31860","YdbI","YueB","BSU_04480","yueB","YdbI","YueB","BSU_04480","BSU_31860","string-db","224308.BSU31860/224308.BSU04480","physical","txid224308"
"BSU_04480","BSU_14400","YdbI","FruA","BSU_04480","fruA","YdbI","FruA","BSU_04480","BSU_14400","string-db","224308.BSU14400/224308.BSU04480","physical","txid224308"
"BSU_04480","BSU_13390","YdbI","YkoT","BSU_04480","ykoT","YdbI","YkoT","BSU_04480","BSU_13390","string-db","224308.BSU13390/224308.BSU04480","physical","txid224308"
"BSU_04480","BSU_09900","YdbI","YhaP","BSU_04480","yhaP","YdbI","YhaP","BSU_04480","BSU_09900","string-db","224308.BSU09900/224308.BSU04480","physical","txid224308"
"BSU_04480","BSU_06710","YdbI","SwrC","BSU_04480","BSU_06710","YdbI","SwrC","BSU_04480","BSU_06710","string-db","224308.BSU06710/224308.BSU04480","physical","txid224308"
"BSU_04480","BSU_12790","YdbI","XhlA","BSU_04480","xhlA","YdbI","XhlA","BSU_04480","BSU_12790","string-db","224308.BSU12790/224308.BSU04480","physical","txid224308"
"BSU_04480","BSU_10160","YdbI","YhgE","BSU_04480","BSU_10160","YdbI","YhgE","BSU_04480","BSU_10160","string-db","224308.BSU10160/224308.BSU04480","physical","txid224308"
"BSU_04480","BSU_05650","YdbI","YdgH","BSU_04480","ydgH","YdbI","YdgH","BSU_04480","BSU_05650","string-db","224308.BSU05650/224308.BSU04480","physical","txid224308"
"BSU_04480","BSU_12890","YdbI","YkcC","BSU_04480","ykcC","YdbI","YkcC","BSU_04480","BSU_12890","string-db","224308.BSU12890/224308.BSU04480","physical","txid224308"
"BSU_29980","BSU_31860","YtjP","YueB","BSU_29980","yueB","YtjP","YueB","BSU_29980","BSU_31860","string-db","224308.BSU31860/224308.BSU29980","physical","txid224308"
"BSU_20710","BSU_31860","YopZ","YueB","BSU_20710","yueB","YopZ","YueB","BSU_20710","BSU_31860","string-db","224308.BSU31860/224308.BSU20710","physical","txid224308"
"BSU_20710","BSU_25330","YopZ","YqfF","BSU_20710","BSU_25330","YopZ","YqfF","BSU_20710","BSU_25330","string-db","224308.BSU25330/224308.BSU20710","physical","txid224308"
"BSU_21820","BSU_25330","ThyB","YqfF","thyB","BSU_25330","ThyB","YqfF","BSU_21820","BSU_25330","string-db","224308.BSU25330/224308.BSU21820","physical","txid224308"
"BSU_21820","BSU_21810","ThyB","DfrA","thyB","dfrA","ThyB","DfrA","BSU_21820","BSU_21810","subtiwiki","224308.BSU21820/224308.BSU21810","physical","txid224308"
"BSU_11540","BSU_29740","PepF","CcpA","BSU_11540","ccpA","PepF","CcpA","BSU_11540","BSU_29740","string-db","224308.BSU29740/224308.BSU11540","physical","txid224308"
"BSU_33090","BSU_33100","LiaS","LiaF","liaS","liaF","LiaS","LiaF","BSU_33090","BSU_33100","string-db","224308.BSU33100/224308.BSU33090","physical","txid224308"
"BSU_30150","BSU_36190","YtdP","RttN","BSU_30150","BSU_36190","YtdP","YwqJ","BSU_30150","BSU_36190","string-db","224308.BSU36190/224308.BSU30150","physical","txid224308"
"BSU_30150","BSU_31860","YtdP","YueB","BSU_30150","yueB","YtdP","YueB","BSU_30150","BSU_31860","string-db","224308.BSU31860/224308.BSU30150","physical","txid224308"
"BSU_30150","BSU_37030","YtdP","RacA","BSU_30150","racA","YtdP","RacA","BSU_30150","BSU_37030","string-db","224308.BSU37030/224308.BSU30150","physical","txid224308"
"BSU_03750","BSU_25490","YclJ","HrcA","yclJ","hrcA","YclJ","HrcA","BSU_03750","BSU_25490","string-db","224308.BSU25490/224308.BSU03750","physical","txid224308"
"BSU_03770","BSU_31680","RapC","ComA","rapC","comA","RapC","ComA","BSU_03770","BSU_31680","subtiwiki","224308.BSU03770/224308.BSU31680","physical","txid224308"
"BSU_03770","BSU_03780","RapC","PhrC","rapC","phrC","RapC","PhrC","BSU_03770","BSU_03780","subtiwiki","224308.BSU03770/224308.BSU03780","physical","txid224308"
"BSU_03770","BSU_37470","RapC","PhrF","rapC","phrF","RapC","PhrF","BSU_03770","BSU_37470","string-db","224308.BSU37470/224308.BSU03770","physical","txid224308"
"BSU_37460","BSU_37470","RapF","PhrF","rapF","phrF","RapF","PhrF","BSU_37460","BSU_37470","subtiwiki","224308.BSU37460/224308.BSU37470","physical","txid224308"
"BSU_36690","BSU_37130","RapB","Spo0F","rapB","spo0F","RapB","Spo0F","BSU_36690","BSU_37130","subtiwiki","224308.BSU37130/224308.BSU36690","physical","txid224308"
"BSU_03790","BSU_28470","YclM","LysC","thrD","lysC","YclM","LysC","BSU_03790","BSU_28470","string-db","224308.BSU28470/224308.BSU03790","physical","txid224308"
"BSU_03790","BSU_39940","YclM","YxaL","thrD","yxaL","YclM","YxaL","BSU_03790","BSU_39940","string-db","224308.BSU39940/224308.BSU03790","physical","txid224308"
"BSU_03790","BSU_16760","YclM","DapG","thrD","dapG","YclM","DapG","BSU_03790","BSU_16760","string-db","224308.BSU16760/224308.BSU03790","physical","txid224308"
"BSU_16760","BSU_28470","DapG","LysC","dapG","lysC","DapG","LysC","BSU_16760","BSU_28470","string-db","224308.BSU28470/224308.BSU16760","physical","txid224308"
"BSU_16760","BSU_29740","DapG","CcpA","dapG","ccpA","DapG","CcpA","BSU_16760","BSU_29740","string-db","224308.BSU29740/224308.BSU16760","physical","txid224308"
"BSU_28470","BSU_29740","LysC","CcpA","lysC","ccpA","LysC","CcpA","BSU_28470","BSU_29740","string-db","224308.BSU29740/224308.BSU28470","physical","txid224308"
"BSU_03860","BSU_38110","NfrAB","NfrAA","BSU_03860","nfrA","NfrAB","NfrAA","BSU_03860","BSU_38110","string-db","224308.BSU38110/224308.BSU03860","physical","txid224308"
"BSU_03890","BSU_11550","GabR","YjbH","gabR","spxH","GabR","SpxH","BSU_03890","BSU_11550","string-db","224308.BSU11550/224308.BSU03890","physical","txid224308"
"BSU_03950","BSU_33520","YcnJ","CsoR","ycnJ","csoR","YcnJ","CsoR","BSU_03950","BSU_33520","string-db","224308.BSU33520/224308.BSU03950","physical","txid224308"
"BSU_03981","BSU_03982","MtlA","MtlF","mtlA","mtlF","MtlA","MtlF","BSU_03981","BSU_03982","subtiwiki","224308.BSU03981/224308.BSU03982","physical","txid224308"
"BSU_03982","BSU_06670","MtlF","GatC","mtlF","BSU_06670","MtlF","GatC","BSU_03982","BSU_06670","string-db","224308.BSU06670/224308.BSU03982","physical","txid224308"
"BSU_06670","BSU_06690","GatC","GatB","BSU_06670","BSU_06690","GatC","GatB","BSU_06670","BSU_06690","subtiwiki","224308.BSU06670/224308.BSU06690","physical","txid224308"
"BSU_06670","BSU_06680","GatC","GatA","BSU_06670","BSU_06680","GatC","GatA","BSU_06670","BSU_06680","subtiwiki","224308.BSU06670/224308.BSU06680","physical","txid224308"
"BSU_06670","BSU_tRNA_48","GatC","TrnS-Gln","BSU_06670","BSU_tRNA_48","GatC","TrnS-Gln","BSU_06670","BSU_tRNA_48","subtiwiki","224308.BSU06670/224308.BSUtRNA48","physical","txid224308"
"BSU_04040","BSU_11140","YcsE","YitU","BSU_04040","yitU","YcsE","YitU","BSU_04040","BSU_11140","string-db","224308.BSU11140/224308.BSU04040","physical","txid224308"
"BSU_04040","BSU_35850","YcsE","YwtE","BSU_04040","ywtE","YcsE","YwtE","BSU_04040","BSU_35850","string-db","224308.BSU35850/224308.BSU04040","physical","txid224308"
"BSU_11140","BSU_35850","YitU","YwtE","yitU","ywtE","YitU","YwtE","BSU_11140","BSU_35850","string-db","224308.BSU35850/224308.BSU11140","physical","txid224308"
"BSU_04140","BSU_28020","PbpC","MreC","BSU_04140","mreC","PbpC","MreC","BSU_04140","BSU_28020","subtiwiki","224308.BSU04140/224308.BSU28020","physical","txid224308"
"BSU_04140","BSU_28030","PbpC","MreB","BSU_04140","mreB","PbpC","MreB","BSU_04140","BSU_28030","subtiwiki","224308.BSU04140/224308.BSU28030","physical","txid224308"
"BSU_04140","BSU_16800","PbpC","SpoIIIE","BSU_04140","spoIIIE","PbpC","SpoIIIE","BSU_04140","BSU_16800","string-db","224308.BSU16800/224308.BSU04140","physical","txid224308"
"BSU_04140","BSU_14850","PbpC","FtsW","BSU_04140","ftsW","PbpC","FtsW","BSU_04140","BSU_14850","string-db","224308.BSU14850/224308.BSU04140","physical","txid224308"
"BSU_04140","BSU_28610","PbpC","YshA","BSU_04140","BSU_28610","PbpC","ZapA","BSU_04140","BSU_28610","string-db","224308.BSU28610/224308.BSU04140","physical","txid224308"
"BSU_04140","BSU_15290","PbpC","FtsZ","BSU_04140","ftsZ","PbpC","FtsZ","BSU_04140","BSU_15290","string-db","224308.BSU15290/224308.BSU04140","physical","txid224308"
"BSU_04140","BSU_28010","PbpC","MreD","BSU_04140","mreD","PbpC","MreD","BSU_04140","BSU_28010","subtiwiki","224308.BSU28010/224308.BSU04140","physical","txid224308"
"BSU_04140","BSU_38120","PbpC","RodA","BSU_04140","rodA","PbpC","RodA","BSU_04140","BSU_38120","subtiwiki","224308.BSU04140/224308.BSU38120","physical","txid224308"
"BSU_04140","BSU_13980","PbpC","PbpH","BSU_04140","pbpH","PbpC","PbpH","BSU_04140","BSU_13980","subtiwiki","224308.BSU04140/224308.BSU13980","physical","txid224308"
"BSU_04140","BSU_16910","PbpC","RodZ","BSU_04140","BSU_16910","PbpC","RodZ","BSU_04140","BSU_16910","subtiwiki","224308.BSU04140/224308.BSU16910","physical","txid224308"
"BSU_28610","BSU_29610","YshA","EzrA","BSU_28610","ezrA","ZapA","EzrA","BSU_28610","BSU_29610","string-db","224308.BSU29610/224308.BSU28610","physical","txid224308"
"BSU_28610","BSU_35260","YshA","FtsE","BSU_28610","ftsE","ZapA","FtsE","BSU_28610","BSU_35260","string-db","224308.BSU35260/224308.BSU28610","physical","txid224308"
"BSU_16800","BSU_28610","SpoIIIE","YshA","spoIIIE","BSU_28610","SpoIIIE","ZapA","BSU_16800","BSU_28610","string-db","224308.BSU28610/224308.BSU16800","physical","txid224308"
"BSU_16800","BSU_35260","SpoIIIE","FtsE","spoIIIE","ftsE","SpoIIIE","FtsE","BSU_16800","BSU_35260","string-db","224308.BSU35260/224308.BSU16800","physical","txid224308"
"BSU_16800","BSU_35250","SpoIIIE","FtsX","spoIIIE","ftsX","SpoIIIE","FtsX","BSU_16800","BSU_35250","string-db","224308.BSU35250/224308.BSU16800","physical","txid224308"
"BSU_16800","BSU_19660","SpoIIIE","YozD","spoIIIE","BSU_19660","SpoIIIE","YozD","BSU_16800","BSU_19660","string-db","224308.BSU19660/224308.BSU16800","physical","txid224308"
"BSU_28020","BSU_35720","MreC","TagF","mreC","tagF","MreC","TagF","BSU_28020","BSU_35720","string-db","224308.BSU35720/224308.BSU28020","physical","txid224308"
"BSU_28020","BSU_35530","MreC","TagO","mreC","BSU_35530","MreC","TagO","BSU_28020","BSU_35530","string-db","224308.BSU35530/224308.BSU28020","physical","txid224308"
"BSU_28020","BSU_35750","MreC","TagA","mreC","tagA","MreC","TagA","BSU_28020","BSU_35750","string-db","224308.BSU35750/224308.BSU28020","physical","txid224308"
"BSU_28020","BSU_36410","MreC","Mbl","mreC","mbl","MreC","Mbl","BSU_28020","BSU_36410","string-db","224308.BSU36410/224308.BSU28020","physical","txid224308"
"BSU_28020","BSU_35700","MreC","TagH","mreC","tagH","MreC","TagH","BSU_28020","BSU_35700","string-db","224308.BSU35700/224308.BSU28020","physical","txid224308"
"BSU_28020","BSU_28030","MreC","MreB","mreC","mreB","MreC","MreB","BSU_28020","BSU_28030","subtiwiki","224308.BSU28020/224308.BSU28030","physical","txid224308"
"BSU_28020","BSU_35760","MreC","TagB","mreC","tagB","MreC","TagB","BSU_28020","BSU_35760","string-db","224308.BSU35760/224308.BSU28020","physical","txid224308"
"BSU_28020","BSU_38120","MreC","RodA","mreC","rodA","MreC","RodA","BSU_28020","BSU_38120","subtiwiki","224308.BSU28020/224308.BSU38120","physical","txid224308"
"BSU_28020","BSU_22380","MreC","TseB","mreC","BSU_22380","MreC","TseB","BSU_28020","BSU_22380","subtiwiki","224308.BSU28020/224308.BSU22380","physical","txid224308"
"BSU_04260","BSU_23020","TopB","RecQ","topB","BSU_23020","TopB","RecS","BSU_04260","BSU_23020","string-db","224308.BSU23020/224308.BSU04260","physical","txid224308"
"BSU_04260","BSU_19220","TopB","RtbI","topB","BSU_19220","TopB","RecQ","BSU_04260","BSU_19220","subtiwiki","224308.BSU19220/224308.BSU04260","physical","txid224308"
"BSU_19220","BSU_28990","RtbI","DnaB","BSU_19220","BSU_28990","RecQ","DnaB","BSU_19220","BSU_28990","string-db","224308.BSU28990/224308.BSU19220","physical","txid224308"
"BSU_19220","BSU_28980","RtbI","DnaI","BSU_19220","BSU_28980","RecQ","DnaI","BSU_19220","BSU_28980","string-db","224308.BSU28980/224308.BSU19220","physical","txid224308"
"BSU_19220","BSU_27620","RtbI","RecJ","BSU_19220","recJ","RecQ","RecJ","BSU_19220","BSU_27620","string-db","224308.BSU27620/224308.BSU19220","physical","txid224308"
"BSU_19220","BSU_23020","RtbI","RecQ","BSU_19220","BSU_23020","RecQ","RecS","BSU_19220","BSU_23020","string-db","224308.BSU23020/224308.BSU19220","physical","txid224308"
"BSU_19220","BSU_25210","RtbI","DnaG","BSU_19220","dnaG","RecQ","DnaG","BSU_19220","BSU_25210","string-db","224308.BSU25210/224308.BSU19220","physical","txid224308"
"BSU_19220","BSU_22350","RtbI","DnaD","BSU_19220","BSU_22350","RecQ","DnaD","BSU_19220","BSU_22350","string-db","224308.BSU22350/224308.BSU19220","physical","txid224308"
"BSU_19220","BSU_40440","RtbI","DnaC","BSU_19220","BSU_40440","RecQ","DnaC","BSU_19220","BSU_40440","string-db","224308.BSU40440/224308.BSU19220","physical","txid224308"
"BSU_23020","BSU_25210","RecQ","DnaG","BSU_23020","dnaG","RecS","DnaG","BSU_23020","BSU_25210","string-db","224308.BSU25210/224308.BSU23020","physical","txid224308"
"BSU_23020","BSU_27620","RecQ","RecJ","BSU_23020","recJ","RecS","RecJ","BSU_23020","BSU_27620","string-db","224308.BSU27620/224308.BSU23020","physical","txid224308"
"BSU_23020","BSU_28980","RecQ","DnaI","BSU_23020","BSU_28980","RecS","DnaI","BSU_23020","BSU_28980","string-db","224308.BSU28980/224308.BSU23020","physical","txid224308"
"BSU_23020","BSU_40440","RecQ","DnaC","BSU_23020","BSU_40440","RecS","DnaC","BSU_23020","BSU_40440","string-db","224308.BSU40440/224308.BSU23020","physical","txid224308"
"BSU_23020","BSU_28990","RecQ","DnaB","BSU_23020","BSU_28990","RecS","DnaB","BSU_23020","BSU_28990","string-db","224308.BSU28990/224308.BSU23020","physical","txid224308"
"BSU_23020","BSU_40900","RecQ","SsbA","BSU_23020","ssbA","RecS","SsbA","BSU_23020","BSU_40900","subtiwiki","224308.BSU23020/224308.BSU40900","physical","txid224308"
"BSU_04310","BSU_19400","YdaN","SodC","ydaN","BSU_19400","YdaN","SodC","BSU_04310","BSU_19400","string-db","224308.BSU19400/224308.BSU04310","physical","txid224308"
"BSU_04340","BSU_31240","YdaP","McpA","ydaP","mcpA","YdaP","McpA","BSU_04340","BSU_31240","string-db","224308.BSU31240/224308.BSU04340","physical","txid224308"
"BSU_04570","BSU_16530","MurF","UppS","murF","BSU_16530","MurF","UppS","BSU_04570","BSU_16530","string-db","224308.BSU16530/224308.BSU04570","physical","txid224308"
"BSU_04570","BSU_28390","MurF","RacE","murF","BSU_28390","MurF","RacE","BSU_04570","BSU_28390","string-db","224308.BSU28390/224308.BSU04570","physical","txid224308"
"BSU_04570","BSU_15220","MurF","MurG","murF","murG","MurF","MurG","BSU_04570","BSU_15220","string-db","224308.BSU15220/224308.BSU04570","physical","txid224308"
"BSU_16530","BSU_27410","UppS","AlaS","BSU_16530","alaS","UppS","AlaS","BSU_16530","BSU_27410","subtiwiki","224308.BSU16530/224308.BSU27410","physical","txid224308"
"BSU_15220","BSU_26810","MurG","YrpC","murG","BSU_26810","MurG","YrpC","BSU_15220","BSU_26810","string-db","224308.BSU26810/224308.BSU15220","physical","txid224308"
"BSU_15220","BSU_28030","MurG","MreB","murG","mreB","MurG","MreB","BSU_15220","BSU_28030","string-db","224308.BSU28030/224308.BSU15220","physical","txid224308"
"BSU_15220","BSU_19660","MurG","YozD","murG","BSU_19660","MurG","YozD","BSU_15220","BSU_19660","string-db","224308.BSU19660/224308.BSU15220","physical","txid224308"
"BSU_15220","BSU_28390","MurG","RacE","murG","BSU_28390","MurG","RacE","BSU_15220","BSU_28390","string-db","224308.BSU28390/224308.BSU15220","physical","txid224308"
"BSU_15220","BSU_15390","MurG","SepF","murG","sepF","MurG","SepF","BSU_15220","BSU_15390","string-db","224308.BSU15390/224308.BSU15220","physical","txid224308"
"BSU_15220","BSU_38120","MurG","RodA","murG","rodA","MurG","RodA","BSU_15220","BSU_38120","string-db","224308.BSU38120/224308.BSU15220","physical","txid224308"
"BSU_15220","BSU_16530","MurG","UppS","murG","BSU_16530","MurG","UppS","BSU_15220","BSU_16530","string-db","224308.BSU16530/224308.BSU15220","physical","txid224308"
"BSU_04580","BSU_16690","CshA","PnpA","BSU_04580","pnpA","CshA","PnpA","BSU_04580","BSU_16690","subtiwiki","224308.BSU16690/224308.BSU04580","physical","txid224308"
"BSU_04580","BSU_29740","CshA","CcpA","BSU_04580","ccpA","CshA","CcpA","BSU_04580","BSU_29740","string-db","224308.BSU29740/224308.BSU04580","physical","txid224308"
"BSU_04580","BSU_14530","CshA","RnjA","BSU_04580","rnjA","CshA","RnjA","BSU_04580","BSU_14530","subtiwiki","224308.BSU14530/224308.BSU04580","physical","txid224308"
"BSU_04580","BSU_16780","CshA","RnjB","BSU_04580","rnjB","CshA","RnjB","BSU_04580","BSU_16780","string-db","224308.BSU16780/224308.BSU04580","physical","txid224308"
"BSU_04580","BSU_39110","CshA","DeaD","BSU_04580","BSU_39110","CshA","DeaD","BSU_04580","BSU_39110","subtiwiki","224308.BSU04580/224308.BSU39110","physical","txid224308"
"BSU_04580","BSU_29190","CshA","PfkA","BSU_04580","BSU_29190","CshA","PfkA","BSU_04580","BSU_29190","string-db","224308.BSU29190/224308.BSU04580","physical","txid224308"
"BSU_04580","BSU_25290","CshA","Era","BSU_04580","era","CshA","Era","BSU_04580","BSU_25290","string-db","224308.BSU25290/224308.BSU04580","physical","txid224308"
"BSU_04580","BSU_16960","CshA","Rny","BSU_04580","BSU_16960","CshA","Rny","BSU_04580","BSU_16960","subtiwiki","224308.BSU16960/224308.BSU04580","physical","txid224308"
"BSU_04580","BSU_41050","CshA","RnpA","BSU_04580","BSU_41050","CshA","RnpA","BSU_04580","BSU_41050","subtiwiki","224308.BSU41050/224308.BSU04580","physical","txid224308"
"BSU_04580","BSU_01160","CshA","RplC","BSU_04580","rplC","CshA","RplC","BSU_04580","BSU_01160","subtiwiki","224308.BSU04580/224308.BSU01160","physical","txid224308"
"BSU_04580","BSU_01280","CshA","RplE","BSU_04580","rplE","CshA","RplE","BSU_04580","BSU_01280","subtiwiki","224308.BSU04580/224308.BSU01280","physical","txid224308"
"BSU_16690","BSU_16780","PnpA","RnjB","pnpA","rnjB","PnpA","RnjB","BSU_16690","BSU_16780","string-db","224308.BSU16780/224308.BSU16690","physical","txid224308"
"BSU_16690","BSU_35370","PnpA","CsrA","pnpA","csrA","PnpA","CsrA","BSU_16690","BSU_35370","string-db","224308.BSU35370/224308.BSU16690","physical","txid224308"
"BSU_16690","BSU_41050","PnpA","RnpA","pnpA","BSU_41050","PnpA","RnpA","BSU_16690","BSU_41050","string-db","224308.BSU41050/224308.BSU16690","physical","txid224308"
"BSU_16690","BSU_29190","PnpA","PfkA","pnpA","BSU_29190","PnpA","PfkA","BSU_16690","BSU_29190","subtiwiki","224308.BSU16690/224308.BSU29190","physical","txid224308"
"BSU_16690","BSU_37080","PnpA","Rho","pnpA","BSU_37080","PnpA","Rho","BSU_16690","BSU_37080","string-db","224308.BSU37080/224308.BSU16690","physical","txid224308"
"BSU_16690","BSU_16960","PnpA","Rny","pnpA","BSU_16960","PnpA","Rny","BSU_16690","BSU_16960","subtiwiki","224308.BSU16690/224308.BSU16960","physical","txid224308"
"BSU_16690","BSU_24290","PnpA","XseB","pnpA","BSU_24290","PnpA","XseB","BSU_16690","BSU_24290","string-db","224308.BSU24290/224308.BSU16690","physical","txid224308"
"BSU_16690","BSU_19400","PnpA","SodC","pnpA","BSU_19400","PnpA","SodC","BSU_16690","BSU_19400","string-db","224308.BSU19400/224308.BSU16690","physical","txid224308"
"BSU_16690","BSU_29740","PnpA","CcpA","pnpA","ccpA","PnpA","CcpA","BSU_16690","BSU_29740","string-db","224308.BSU29740/224308.BSU16690","physical","txid224308"
"BSU_16690","BSU_33940","PnpA","GapA","pnpA","gapA","PnpA","GapA","BSU_16690","BSU_33940","string-db","224308.BSU33940/224308.BSU16690","physical","txid224308"
"BSU_16690","BSU_15660","PnpA","YloC","pnpA","yloC","PnpA","YloC","BSU_16690","BSU_15660","subtiwiki","224308.BSU16690/224308.BSU15660","physical","txid224308"
"BSU_16780","BSU_16960","RnjB","Rny","rnjB","BSU_16960","RnjB","Rny","BSU_16780","BSU_16960","string-db","224308.BSU16960/224308.BSU16780","physical","txid224308"
"BSU_16780","BSU_41050","RnjB","RnpA","rnjB","BSU_41050","RnjB","RnpA","BSU_16780","BSU_41050","string-db","224308.BSU41050/224308.BSU16780","physical","txid224308"
"BSU_16780","BSU_29190","RnjB","PfkA","rnjB","BSU_29190","RnjB","PfkA","BSU_16780","BSU_29190","string-db","224308.BSU29190/224308.BSU16780","physical","txid224308"
"BSU_16780","BSU_29740","RnjB","CcpA","rnjB","ccpA","RnjB","CcpA","BSU_16780","BSU_29740","string-db","224308.BSU29740/224308.BSU16780","physical","txid224308"
"BSU_29190","BSU_41050","PfkA","RnpA","BSU_29190","BSU_41050","PfkA","RnpA","BSU_29190","BSU_41050","string-db","224308.BSU41050/224308.BSU29190","physical","txid224308"
"BSU_29190","BSU_29740","PfkA","CcpA","BSU_29190","ccpA","PfkA","CcpA","BSU_29190","BSU_29740","string-db","224308.BSU29740/224308.BSU29190","physical","txid224308"
"BSU_29190","BSU_37090","PfkA","YwjI","BSU_29190","BSU_37090","PfkA","YwjI","BSU_29190","BSU_37090","string-db","224308.BSU37090/224308.BSU29190","physical","txid224308"
"BSU_29190","BSU_33910","PfkA","Pgm","BSU_29190","pgm","PfkA","Pgm","BSU_29190","BSU_33910","subtiwiki","224308.BSU29190/224308.BSU33910","physical","txid224308"
"BSU_29190","BSU_40190","PfkA","Fbp","BSU_29190","fbp","PfkA","Fbp","BSU_29190","BSU_40190","string-db","224308.BSU40190/224308.BSU29190","physical","txid224308"
"BSU_25290","BSU_25320","Era","YqfG","era","BSU_25320","Era","YqfG","BSU_25290","BSU_25320","string-db","224308.BSU25320/224308.BSU25290","physical","txid224308"
"BSU_04620","BSU_15920","AcpS","AcpA","BSU_04620","acpA","AcpS","AcpA","BSU_04620","BSU_15920","subtiwiki","224308.BSU04620/224308.BSU15920","physical","txid224308"
"BSU_04620","BSU_38520","AcpS","DltC","BSU_04620","dltC","AcpS","DltC","BSU_04620","BSU_38520","subtiwiki","224308.BSU04620/224308.BSU38520","physical","txid224308"
"BSU_15920","BSU_30190","AcpA","BioI","acpA","bioI","AcpA","BioI","BSU_15920","BSU_30190","subtiwiki","224308.BSU15920/224308.BSU30190","physical","txid224308"
"BSU_15920","BSU_15880","AcpA","FapR","acpA","fapR","AcpA","FapR","BSU_15920","BSU_15880","subtiwiki","224308.BSU15920/224308.BSU15880","physical","txid224308"
"BSU_15920","BSU_22790","AcpA","Hbs","acpA","hbs","AcpA","Hbs","BSU_15920","BSU_22790","subtiwiki","224308.BSU15920/224308.BSU22790","physical","txid224308"
"BSU_04640","BSU_17640","AlrA","AlrB","BSU_04640","yncD","AlrA","YncD","BSU_04640","BSU_17640","string-db","224308.BSU17640/224308.BSU04640","physical","txid224308"
"BSU_04650","BSU_04660","NdoAI","NdoA","BSU_04650","BSU_04660","NdoAI","NdoA","BSU_04650","BSU_04660","subtiwiki","224308.BSU04650/224308.BSU04660","physical","txid224308"
"BSU_04670","BSU_04740","RsbRA","RsbX","rsbR","rsbX","RsbR","RsbX","BSU_04670","BSU_04740","subtiwiki","224308.BSU04670/224308.BSU04740","physical","txid224308"
"BSU_04670","BSU_13200","RsbRA","RsbRB","rsbR","BSU_13200","RsbR","RsbRB","BSU_04670","BSU_13200","subtiwiki","224308.BSU04670/224308.BSU13200","physical","txid224308"
"BSU_04670","BSU_24760","RsbRA","RsbRD","rsbR","rsbRD","RsbR","RsbRD","BSU_04670","BSU_24760","subtiwiki","224308.BSU04670/224308.BSU24760","physical","txid224308"
"BSU_04670","BSU_30340","RsbRA","YtvA","rsbR","ytvA","RsbR","YtvA","BSU_04670","BSU_30340","subtiwiki","224308.BSU04670/224308.BSU30340","physical","txid224308"
"BSU_04670","BSU_04680","RsbRA","RsbS","rsbR","rsbS","RsbR","RsbS","BSU_04670","BSU_04680","subtiwiki","224308.BSU04670/224308.BSU04680","physical","txid224308"
"BSU_04670","BSU_04690","RsbRA","RsbT","rsbR","rsbT","RsbR","RsbT","BSU_04670","BSU_04690","subtiwiki","224308.BSU04670/224308.BSU04690","physical","txid224308"
"BSU_04670","BSU_19450","RsbRA","RsbRC","rsbR","BSU_19450","RsbR","RsbRC","BSU_04670","BSU_19450","subtiwiki","224308.BSU19450/224308.BSU04670","physical","txid224308"
"BSU_30340","BSU_04690","YtvA","RsbT","ytvA","rsbT","YtvA","RsbT","BSU_30340","BSU_04690","subtiwiki","224308.BSU30340/224308.BSU04690","physical","txid224308"
"BSU_30340","BSU_04680","YtvA","RsbS","ytvA","rsbS","YtvA","RsbS","BSU_30340","BSU_04680","subtiwiki","224308.BSU30340/224308.BSU04680","physical","txid224308"
"BSU_30340","BSU_24760","YtvA","RsbRD","ytvA","rsbRD","YtvA","RsbRD","BSU_30340","BSU_24760","subtiwiki","224308.BSU30340/224308.BSU24760","physical","txid224308"
"BSU_19450","BSU_30340","RsbRC","YtvA","BSU_19450","ytvA","RsbRC","YtvA","BSU_19450","BSU_30340","subtiwiki","224308.BSU19450/224308.BSU30340","physical","txid224308"
"BSU_19450","BSU_24760","RsbRC","RsbRD","BSU_19450","rsbRD","RsbRC","RsbRD","BSU_19450","BSU_24760","subtiwiki","224308.BSU19450/224308.BSU24760","physical","txid224308"
"BSU_19450","BSU_04690","RsbRC","RsbT","BSU_19450","rsbT","RsbRC","RsbT","BSU_19450","BSU_04690","subtiwiki","224308.BSU19450/224308.BSU04690","physical","txid224308"
"BSU_19450","BSU_04680","RsbRC","RsbS","BSU_19450","rsbS","RsbRC","RsbS","BSU_19450","BSU_04680","subtiwiki","224308.BSU19450/224308.BSU04680","physical","txid224308"
"BSU_19450","BSU_13200","RsbRC","RsbRB","BSU_19450","BSU_13200","RsbRC","RsbRB","BSU_19450","BSU_13200","subtiwiki","224308.BSU19450/224308.BSU13200","physical","txid224308"
"BSU_24760","BSU_04690","RsbRD","RsbT","rsbRD","rsbT","RsbRD","RsbT","BSU_24760","BSU_04690","subtiwiki","224308.BSU24760/224308.BSU04690","physical","txid224308"
"BSU_04680","BSU_24760","RsbS","RsbRD","rsbS","rsbRD","RsbS","RsbRD","BSU_04680","BSU_24760","subtiwiki","224308.BSU04680/224308.BSU24760","physical","txid224308"
"BSU_04680","BSU_13200","RsbS","RsbRB","rsbS","BSU_13200","RsbS","RsbRB","BSU_04680","BSU_13200","subtiwiki","224308.BSU04680/224308.BSU13200","physical","txid224308"
"BSU_04680","BSU_24300","RsbS","XseA","rsbS","BSU_24300","RsbS","XseA","BSU_04680","BSU_24300","string-db","224308.BSU24300/224308.BSU04680","physical","txid224308"
"BSU_04680","BSU_04690","RsbS","RsbT","rsbS","rsbT","RsbS","RsbT","BSU_04680","BSU_04690","subtiwiki","224308.BSU04680/224308.BSU04690","physical","txid224308"
"BSU_04680","BSU_04740","RsbS","RsbX","rsbS","rsbX","RsbS","RsbX","BSU_04680","BSU_04740","subtiwiki","224308.BSU04680/224308.BSU04740","physical","txid224308"
"BSU_04740","BSU_27920","RsbX","Obg","rsbX","obg","RsbX","Obg","BSU_04740","BSU_27920","string-db","224308.BSU27920/224308.BSU04740","physical","txid224308"
"BSU_04700","BSU_04680","RsbU","RsbS","rsbU","rsbS","RsbU","RsbS","BSU_04700","BSU_04680","subtiwiki","224308.BSU04700/224308.BSU04680","physical","txid224308"
"BSU_04700","BSU_04710","RsbU","RsbV","rsbU","rsbV","RsbU","RsbV","BSU_04700","BSU_04710","subtiwiki","224308.BSU04700/224308.BSU04710","physical","txid224308"
"BSU_04710","BSU_23460","RsbV","SpoIIAB","rsbV","spoIIAB","RsbV","SpoIIAB","BSU_04710","BSU_23460","subtiwiki","224308.BSU04710/224308.BSU23460","physical","txid224308"
"BSU_04710","BSU_04720","RsbV","RsbW","rsbV","rsbW","RsbV","RsbW","BSU_04710","BSU_04720","subtiwiki","224308.BSU04720/224308.BSU04710","physical","txid224308"
"BSU_27920","BSU_01490","Obg","RplM","obg","rplM","Obg","RplM","BSU_27920","BSU_01490","subtiwiki","224308.BSU27920/224308.BSU01490","physical","txid224308"
"BSU_27920","BSU_29740","Obg","CcpA","obg","ccpA","Obg","CcpA","BSU_27920","BSU_29740","string-db","224308.BSU29740/224308.BSU27920","physical","txid224308"
"BSU_25460","BSU_25480","DnaJ","GrpE","dnaJ","grpE","DnaJ","GrpE","BSU_25460","BSU_25480","string-db","224308.BSU25480/224308.BSU25460","physical","txid224308"
"BSU_25460","BSU_37080","DnaJ","Rho","dnaJ","BSU_37080","DnaJ","Rho","BSU_25460","BSU_37080","string-db","224308.BSU37080/224308.BSU25460","physical","txid224308"
"BSU_25460","BSU_25470","DnaJ","DnaK","dnaJ","dnaK","DnaJ","DnaK","BSU_25460","BSU_25470","subtiwiki","224308.BSU25470/224308.BSU25460","physical","txid224308"
"BSU_05000","BSU_24300","YddK","XseA","BSU_05000","BSU_24300","YddK","XseA","BSU_05000","BSU_24300","string-db","224308.BSU24300/224308.BSU05000","physical","txid224308"
"BSU_05010","BSU_04820","RapI","ImmR","rapI","immR","RapI","ImmR","BSU_05010","BSU_04820","subtiwiki","224308.BSU05010/224308.BSU04820","physical","txid224308"
"BSU_05010","BSU_05020","RapI","PhrI","rapI","phrI","RapI","PhrI","BSU_05010","BSU_05020","subtiwiki","224308.BSU05010/224308.BSU05020","physical","txid224308"
"BSU_05010","BSU_37130","RapI","Spo0F","rapI","spo0F","RapI","Spo0F","BSU_05010","BSU_37130","string-db","224308.BSU37130/224308.BSU05010","physical","txid224308"
"BSU_05010","BSU_37470","RapI","PhrF","rapI","phrF","RapI","PhrF","BSU_05010","BSU_37470","string-db","224308.BSU37470/224308.BSU05010","physical","txid224308"
"BSU_05420","BSU_37460","YdfI","RapF","ydfI","rapF","YdfI","RapF","BSU_05420","BSU_37460","string-db","224308.BSU37460/224308.BSU05420","physical","txid224308"
"BSU_30620","BSU_30610","YtlD","YtlC","ytlD","ytlC","YtlD","YtlC","BSU_30620","BSU_30610","subtiwiki","224308.BSU30620/224308.BSU30610","physical","txid224308"
"BSU_30620","BSU_30595","YtlD","YtlA","ytlD","ytlA","YtlD","YtlA","BSU_30620","BSU_30595","subtiwiki","224308.BSU30620/224308.BSU30595","physical","txid224308"
"BSU_32710","BSU_36190","SufC","RttN","sufC","BSU_36190","SufC","YwqJ","BSU_32710","BSU_36190","string-db","224308.BSU36190/224308.BSU32710","physical","txid224308"
"BSU_16340","BSU_25330","FliZ","YqfF","fliO","BSU_25330","FliO","YqfF","BSU_16340","BSU_25330","string-db","224308.BSU25330/224308.BSU16340","physical","txid224308"
"BSU_17180","BSU_17210","PksJ","PksN","pksJ","pksN","PksJ","PksN","BSU_17180","BSU_17210","string-db","224308.BSU17210/224308.BSU17180","physical","txid224308"
"BSU_17180","BSU_31860","PksJ","YueB","pksJ","yueB","PksJ","YueB","BSU_17180","BSU_31860","string-db","224308.BSU31860/224308.BSU17180","physical","txid224308"
"BSU_17180","BSU_25330","PksJ","YqfF","pksJ","BSU_25330","PksJ","YqfF","BSU_17180","BSU_25330","string-db","224308.BSU25330/224308.BSU17180","physical","txid224308"
"BSU_17180","BSU_17220","PksJ","PksR","pksJ","pksR","PksJ","PksR","BSU_17180","BSU_17220","string-db","224308.BSU17220/224308.BSU17180","physical","txid224308"
"BSU_29100","BSU_29110","PhoR","PhoP","phoR","phoP","PhoR","PhoP","BSU_29100","BSU_29110","subtiwiki","224308.BSU29110/224308.BSU29100","physical","txid224308"
"BSU_05750","BSU_32690","Fra","SufS","BSU_05750","sufS","Fra","SufS","BSU_05750","BSU_32690","subtiwiki","224308.BSU05750/224308.BSU32690","physical","txid224308"
"BSU_05750","BSU_32680","Fra","SufU","BSU_05750","sufU","Fra","SufU","BSU_05750","BSU_32680","subtiwiki","224308.BSU05750/224308.BSU32680","physical","txid224308"
"BSU_05750","BSU_10130","Fra","HemH","BSU_05750","BSU_10130","Fra","HemH","BSU_05750","BSU_10130","subtiwiki","224308.BSU05750/224308.BSU10130","physical","txid224308"
"BSU_05770","BSU_10770","YdhI","WprA","BSU_05770","wprA","YdhI","WprA","BSU_05770","BSU_10770","string-db","224308.BSU10770/224308.BSU05770","physical","txid224308"
"BSU_05810","BSU_05830","GmuB","GmuC","gmuB","gmuC","GmuB","GmuC","BSU_05810","BSU_05830","subtiwiki","224308.BSU05810/224308.BSU05830","physical","txid224308"
"BSU_05810","BSU_38570","GmuB","LicA","gmuB","licA","GmuB","LicA","BSU_05810","BSU_38570","string-db","224308.BSU38570/224308.BSU05810","physical","txid224308"
"BSU_05810","BSU_05820","GmuB","GmuA","gmuB","gmuA","GmuB","GmuA","BSU_05810","BSU_05820","subtiwiki","224308.BSU05810/224308.BSU05820","physical","txid224308"
"BSU_05810","BSU_38580","GmuB","LicC","gmuB","licC","GmuB","LicC","BSU_05810","BSU_38580","string-db","224308.BSU38580/224308.BSU05810","physical","txid224308"
"BSU_05810","BSU_38590","GmuB","LicB","gmuB","licB","GmuB","LicB","BSU_05810","BSU_38590","string-db","224308.BSU38590/224308.BSU05810","physical","txid224308"
"BSU_05810","BSU_38390","GmuB","YwbA","gmuB","BSU_38390","GmuB","YwbA","BSU_05810","BSU_38390","string-db","224308.BSU38390/224308.BSU05810","physical","txid224308"
"BSU_38590","BSU_38600","LicB","LicR","licB","licR","LicB","LicR","BSU_38590","BSU_38600","subtiwiki","224308.BSU38590/224308.BSU38600","physical","txid224308"
"BSU_38570","BSU_38590","LicA","LicB","licA","licB","LicA","LicB","BSU_38570","BSU_38590","subtiwiki","224308.BSU38590/224308.BSU38570","physical","txid224308"
"BSU_38570","BSU_38580","LicA","LicC","licA","licC","LicA","LicC","BSU_38570","BSU_38580","string-db","224308.BSU38580/224308.BSU38570","physical","txid224308"
"BSU_38390","BSU_38590","YwbA","LicB","BSU_38390","licB","YwbA","LicB","BSU_38390","BSU_38590","string-db","224308.BSU38590/224308.BSU38390","physical","txid224308"
"BSU_38390","BSU_38570","YwbA","LicA","BSU_38390","licA","YwbA","LicA","BSU_38390","BSU_38570","string-db","224308.BSU38570/224308.BSU38390","physical","txid224308"
"BSU_38390","BSU_38580","YwbA","LicC","BSU_38390","licC","YwbA","LicC","BSU_38390","BSU_38580","string-db","224308.BSU38580/224308.BSU38390","physical","txid224308"
"BSU_05830","BSU_38390","GmuC","YwbA","gmuC","BSU_38390","GmuC","YwbA","BSU_05830","BSU_38390","string-db","224308.BSU38390/224308.BSU05830","physical","txid224308"
"BSU_05830","BSU_38580","GmuC","LicC","gmuC","licC","GmuC","LicC","BSU_05830","BSU_38580","string-db","224308.BSU38580/224308.BSU05830","physical","txid224308"
"BSU_05830","BSU_38570","GmuC","LicA","gmuC","licA","GmuC","LicA","BSU_05830","BSU_38570","string-db","224308.BSU38570/224308.BSU05830","physical","txid224308"
"BSU_05830","BSU_38590","GmuC","LicB","gmuC","licB","GmuC","LicB","BSU_05830","BSU_38590","string-db","224308.BSU38590/224308.BSU05830","physical","txid224308"
"BSU_05820","BSU_05830","GmuA","GmuC","gmuA","gmuC","GmuA","GmuC","BSU_05820","BSU_05830","string-db","224308.BSU05830/224308.BSU05820","physical","txid224308"
"BSU_05820","BSU_38570","GmuA","LicA","gmuA","licA","GmuA","LicA","BSU_05820","BSU_38570","string-db","224308.BSU38570/224308.BSU05820","physical","txid224308"
"BSU_05820","BSU_38590","GmuA","LicB","gmuA","licB","GmuA","LicB","BSU_05820","BSU_38590","string-db","224308.BSU38590/224308.BSU05820","physical","txid224308"
"BSU_05820","BSU_38390","GmuA","YwbA","gmuA","BSU_38390","GmuA","YwbA","BSU_05820","BSU_38390","string-db","224308.BSU38390/224308.BSU05820","physical","txid224308"
"BSU_05820","BSU_38580","GmuA","LicC","gmuA","licC","GmuA","LicC","BSU_05820","BSU_38580","string-db","224308.BSU38580/224308.BSU05820","physical","txid224308"
"BSU_38580","BSU_38590","LicC","LicB","licC","licB","LicC","LicB","BSU_38580","BSU_38590","subtiwiki","224308.BSU38590/224308.BSU38580","physical","txid224308"
"BSU_05860","BSU_06170","GmuE","YdjE","gmuE","fruC","GmuE","YdjE","BSU_05860","BSU_06170","string-db","224308.BSU06170/224308.BSU05860","physical","txid224308"
"BSU_05870","BSU_12020","GmuF","ManA","gmuF","manA","GmuF","ManA","BSU_05870","BSU_12020","string-db","224308.BSU12020/224308.BSU05870","physical","txid224308"
"BSU_05870","BSU_35790","GmuF","YvyI","gmuF","pmi","GmuF","YvyI","BSU_05870","BSU_35790","string-db","224308.BSU35790/224308.BSU05870","physical","txid224308"
"BSU_12020","BSU_35790","ManA","YvyI","manA","pmi","ManA","YvyI","BSU_12020","BSU_35790","string-db","224308.BSU35790/224308.BSU12020","physical","txid224308"
"BSU_05900","BSU_15780","ThiL","CpgA","BSU_05900","BSU_15780","ThiL","CpgA","BSU_05900","BSU_15780","string-db","224308.BSU15780/224308.BSU05900","physical","txid224308"
"BSU_05920","BSU_05910","TsaB","TsaE","BSU_05920","BSU_05910","TsaB","TsaE","BSU_05920","BSU_05910","subtiwiki","224308.BSU05920/224308.BSU05910","physical","txid224308"
"BSU_05920","BSU_05940","TsaB","TsaD","BSU_05920","BSU_05940","TsaB","TsaD","BSU_05920","BSU_05940","subtiwiki","224308.BSU05940/224308.BSU05920","physical","txid224308"
"BSU_05920","BSU_36950","TsaB","TsaC","BSU_05920","tsaC","TsaB","TsaC","BSU_05920","BSU_36950","string-db","224308.BSU36950/224308.BSU05920","physical","txid224308"
"BSU_05940","BSU_05910","TsaD","TsaE","BSU_05940","BSU_05910","TsaD","TsaE","BSU_05940","BSU_05910","subtiwiki","224308.BSU05940/224308.BSU05910","physical","txid224308"
"BSU_06020","BSU_16500","GroES","Tsf","groES","tsf","GroES","Tsf","BSU_06020","BSU_16500","string-db","224308.BSU16500/224308.BSU06020","physical","txid224308"
"BSU_06020","BSU_06030","GroES","GroEL","groES","groEL","GroES","GroEL","BSU_06020","BSU_06030","subtiwiki","224308.BSU06020/224308.BSU06030","physical","txid224308"
"BSU_06020","BSU_25480","GroES","GrpE","groES","grpE","GroES","GrpE","BSU_06020","BSU_25480","string-db","224308.BSU25480/224308.BSU06020","physical","txid224308"
"BSU_25480","BSU_25510","GrpE","LepA","grpE","lepA","GrpE","LepA","BSU_25480","BSU_25510","string-db","224308.BSU25510/224308.BSU25480","physical","txid224308"
"BSU_25480","BSU_25490","GrpE","HrcA","grpE","hrcA","GrpE","HrcA","BSU_25480","BSU_25490","string-db","224308.BSU25490/224308.BSU25480","physical","txid224308"
"BSU_37080","BSU_16600","Rho","NusA","BSU_37080","nusA","Rho","NusA","BSU_37080","BSU_16600","subtiwiki","224308.BSU37080/224308.BSU16600","physical","txid224308"
"BSU_37080","BSU_01070","Rho","RpoB","BSU_37080","rpoB","Rho","RpoB","BSU_37080","BSU_01070","subtiwiki","224308.BSU37080/224308.BSU01070","physical","txid224308"
"BSU_37080","BSU_01080","Rho","RpoC","BSU_37080","rpoC","Rho","RpoC","BSU_37080","BSU_01080","subtiwiki","224308.BSU37080/224308.BSU01080","physical","txid224308"
"BSU_37080","BSU_15690","Rho","RpoZ","BSU_37080","yloH","Rho","YloH","BSU_37080","BSU_15690","subtiwiki","224308.BSU37080/224308.BSU15690","physical","txid224308"
"BSU_06060","BSU_06070","BsuMA","BsuMB","ydiO","ydiP","BsuMA","BsuMB","BSU_06060","BSU_06070","string-db","224308.BSU06070/224308.BSU06060","physical","txid224308"
"BSU_06060","BSU_20250","BsuMA","MtbP","ydiO","BSU_20250","BsuMA","MtbP","BSU_06060","BSU_20250","string-db","224308.BSU20250/224308.BSU06060","physical","txid224308"
"BSU_06060","BSU_27280","BsuMA","YrrT","ydiO","yrrT","BsuMA","YrrT","BSU_06060","BSU_27280","string-db","224308.BSU27280/224308.BSU06060","physical","txid224308"
"BSU_06070","BSU_20250","BsuMB","MtbP","ydiP","BSU_20250","BsuMB","MtbP","BSU_06070","BSU_20250","string-db","224308.BSU20250/224308.BSU06070","physical","txid224308"
"BSU_06070","BSU_27280","BsuMB","YrrT","ydiP","yrrT","BsuMB","YrrT","BSU_06070","BSU_27280","string-db","224308.BSU27280/224308.BSU06070","physical","txid224308"
"BSU_20250","BSU_27280","MtbP","YrrT","BSU_20250","yrrT","MtbP","YrrT","BSU_20250","BSU_27280","string-db","224308.BSU27280/224308.BSU20250","physical","txid224308"
"BSU_06180","BSU_06210","PspA","YdjI","pspA","ydjI","PspA","YdjI","BSU_06180","BSU_06210","subtiwiki","224308.BSU06180/224308.BSU06210","physical","txid224308"
"BSU_06180","BSU_06200","PspA","YdjH","pspA","ydjH","PspA","YdjH","BSU_06180","BSU_06200","subtiwiki","224308.BSU06180/224308.BSU06200","physical","txid224308"
"BSU_06180","BSU_24290","PspA","XseB","pspA","BSU_24290","PspA","XseB","BSU_06180","BSU_24290","string-db","224308.BSU24290/224308.BSU06180","physical","txid224308"
"BSU_06180","BSU_29740","PspA","CcpA","pspA","ccpA","PspA","CcpA","BSU_06180","BSU_29740","string-db","224308.BSU29740/224308.BSU06180","physical","txid224308"
"BSU_06210","BSU_29740","YdjI","CcpA","ydjI","ccpA","YdjI","CcpA","BSU_06210","BSU_29740","string-db","224308.BSU29740/224308.BSU06210","physical","txid224308"
"BSU_06240","BSU_29740","BdhA","CcpA","bdhA","ccpA","BdhA","CcpA","BSU_06240","BSU_29740","string-db","224308.BSU29740/224308.BSU06240","physical","txid224308"
"BSU_06280","BSU_07580","YdjP","CitS","ydjP","BSU_07580","YdjP","CitS","BSU_06280","BSU_07580","string-db","224308.BSU07580/224308.BSU06280","physical","txid224308"
"BSU_06360","BSU_34360","GuaA","EpsB","guaA","epsB","GuaA","EpsB","BSU_06360","BSU_34360","string-db","224308.BSU34360/224308.BSU06360","physical","txid224308"
"BSU_06360","BSU_29740","GuaA","CcpA","guaA","ccpA","GuaA","CcpA","BSU_06360","BSU_29740","string-db","224308.BSU29740/224308.BSU06360","physical","txid224308"
"BSU_06380","BSU_40400","YebC","WalK","yebC","BSU_40400","YebC","WalK","BSU_06380","BSU_40400","string-db","224308.BSU40400/224308.BSU06380","physical","txid224308"
"BSU_40400","BSU_40410","WalK","WalR","BSU_40400","walR","WalK","WalR","BSU_40400","BSU_40410","subtiwiki","224308.BSU40410/224308.BSU40400","physical","txid224308"
"BSU_06420","BSU_29740","PurE","CcpA","purE","ccpA","PurE","CcpA","BSU_06420","BSU_29740","string-db","224308.BSU29740/224308.BSU06420","physical","txid224308"
"BSU_06440","BSU_31240","PurB","McpA","purB","mcpA","PurB","McpA","BSU_06440","BSU_31240","string-db","224308.BSU31240/224308.BSU06440","physical","txid224308"
"BSU_06440","BSU_29740","PurB","CcpA","purB","ccpA","PurB","CcpA","BSU_06440","BSU_29740","string-db","224308.BSU29740/224308.BSU06440","physical","txid224308"
"BSU_06440","BSU_33020","PurB","CssS","purB","cssS","PurB","CssS","BSU_06440","BSU_33020","string-db","224308.BSU33020/224308.BSU06440","physical","txid224308"
"BSU_06440","BSU_06450","PurB","PurC","purB","purC","PurB","PurC","BSU_06440","BSU_06450","string-db","224308.BSU06450/224308.BSU06440","physical","txid224308"
"BSU_06450","BSU_29740","PurC","CcpA","purC","ccpA","PurC","CcpA","BSU_06450","BSU_29740","string-db","224308.BSU29740/224308.BSU06450","physical","txid224308"
"BSU_06460","BSU_06470","PurS","PurQ","purS","purQ","PurS","PurQ","BSU_06460","BSU_06470","subtiwiki","224308.BSU06460/224308.BSU06470","physical","txid224308"
"BSU_06460","BSU_06480","PurS","PurL","purS","purL","PurS","PurL","BSU_06460","BSU_06480","subtiwiki","224308.BSU06460/224308.BSU06480","physical","txid224308"
"BSU_06480","BSU_29740","PurL","CcpA","purL","ccpA","PurL","CcpA","BSU_06480","BSU_29740","string-db","224308.BSU29740/224308.BSU06480","physical","txid224308"
"BSU_06490","BSU_29740","PurF","CcpA","purF","ccpA","PurF","CcpA","BSU_06490","BSU_29740","string-db","224308.BSU29740/224308.BSU06490","physical","txid224308"
"BSU_06530","BSU_28150","PurD","HemC","purD","hemC","PurD","HemC","BSU_06530","BSU_28150","string-db","224308.BSU28150/224308.BSU06530","physical","txid224308"
"BSU_28150","BSU_36900","HemC","GlyA","hemC","glyA","HemC","GlyA","BSU_28150","BSU_36900","string-db","224308.BSU36900/224308.BSU28150","physical","txid224308"
"BSU_28150","BSU_38290","HemC","ThiE","hemC","thiE","HemC","ThiE","BSU_28150","BSU_38290","string-db","224308.BSU38290/224308.BSU28150","physical","txid224308"
"BSU_06560","BSU_14520","YerA","AdeC","BSU_06560","BSU_14520","YerA","AdeC","BSU_06560","BSU_14520","string-db","224308.BSU14520/224308.BSU06560","physical","txid224308"
"BSU_06570","BSU_06610","YerB","PcrA","yerB","pcrA","YerB","PcrA","BSU_06570","BSU_06610","subtiwiki","224308.BSU06570/224308.BSU06610","physical","txid224308"
"BSU_10620","BSU_23220","AddB","ScpA","addB","scpA","AddB","ScpA","BSU_10620","BSU_23220","string-db","224308.BSU23220/224308.BSU10620","physical","txid224308"
"BSU_10620","BSU_10630","AddB","AddA","addB","addA","AddB","AddA","BSU_10620","BSU_10630","subtiwiki","224308.BSU10630/224308.BSU10620","physical","txid224308"
"BSU_10620","BSU_11820","AddB","YjcD","addB","BSU_11820","AddB","YjcD","BSU_10620","BSU_11820","string-db","224308.BSU11820/224308.BSU10620","physical","txid224308"
"BSU_10620","BSU_27740","AddB","RuvA","addB","ruvA","AddB","RuvA","BSU_10620","BSU_27740","string-db","224308.BSU27740/224308.BSU10620","physical","txid224308"
"BSU_10620","BSU_34360","AddB","EpsB","addB","epsB","AddB","EpsB","BSU_10620","BSU_34360","string-db","224308.BSU34360/224308.BSU10620","physical","txid224308"
"BSU_10630","BSU_28030","AddA","MreB","addA","mreB","AddA","MreB","BSU_10630","BSU_28030","string-db","224308.BSU28030/224308.BSU10630","physical","txid224308"
"BSU_10630","BSU_27740","AddA","RuvA","addA","ruvA","AddA","RuvA","BSU_10630","BSU_27740","string-db","224308.BSU27740/224308.BSU10630","physical","txid224308"
"BSU_10630","BSU_11820","AddA","YjcD","addA","BSU_11820","AddA","YjcD","BSU_10630","BSU_11820","string-db","224308.BSU11820/224308.BSU10630","physical","txid224308"
"BSU_11820","BSU_27740","YjcD","RuvA","BSU_11820","ruvA","YjcD","RuvA","BSU_11820","BSU_27740","string-db","224308.BSU27740/224308.BSU11820","physical","txid224308"
"BSU_11820","BSU_33450","YjcD","HelD","BSU_11820","BSU_33450","YjcD","HelD","BSU_11820","BSU_33450","string-db","224308.BSU33450/224308.BSU11820","physical","txid224308"
"BSU_06620","BSU_01070","LigA","RpoB","ligA","rpoB","LigA","RpoB","BSU_06620","BSU_01070","subtiwiki","224308.BSU06620/224308.BSU01070","physical","txid224308"
"BSU_06620","BSU_25330","LigA","YqfF","ligA","BSU_25330","LigA","YqfF","BSU_06620","BSU_25330","string-db","224308.BSU25330/224308.BSU06620","physical","txid224308"
"BSU_06620","BSU_20500","LigA","LigB","ligA","BSU_20500","LigA","LigB","BSU_06620","BSU_20500","string-db","224308.BSU20500/224308.BSU06620","physical","txid224308"
"BSU_06620","BSU_19400","LigA","SodC","ligA","BSU_19400","LigA","SodC","BSU_06620","BSU_19400","string-db","224308.BSU19400/224308.BSU06620","physical","txid224308"
"BSU_06680","BSU_06690","GatA","GatB","BSU_06680","BSU_06690","GatA","GatB","BSU_06680","BSU_06690","subtiwiki","224308.BSU06690/224308.BSU06680","physical","txid224308"
"BSU_06680","BSU_29740","GatA","CcpA","BSU_06680","ccpA","GatA","CcpA","BSU_06680","BSU_29740","string-db","224308.BSU29740/224308.BSU06680","physical","txid224308"
"BSU_06690","BSU_29740","GatB","CcpA","BSU_06690","ccpA","GatB","CcpA","BSU_06690","BSU_29740","string-db","224308.BSU29740/224308.BSU06690","physical","txid224308"
"BSU_08080","BSU_14580","AcoC","PdhA","acoC","pdhA","AcoC","PdhA","BSU_08080","BSU_14580","string-db","224308.BSU14580/224308.BSU08080","physical","txid224308"
"BSU_08080","BSU_37240","AcoC","YwiE","acoC","ywiE","AcoC","YwiE","BSU_08080","BSU_37240","string-db","224308.BSU37240/224308.BSU08080","physical","txid224308"
"BSU_08080","BSU_08090","AcoC","AcoL","acoC","acoL","AcoC","AcoL","BSU_08080","BSU_08090","subtiwiki","224308.BSU08090/224308.BSU08080","physical","txid224308"
"BSU_08080","BSU_14590","AcoC","PdhB","acoC","pdhB","AcoC","PdhB","BSU_08080","BSU_14590","string-db","224308.BSU14590/224308.BSU08080","physical","txid224308"
"BSU_08080","BSU_24060","AcoC","LpdV","acoC","lpdV","AcoC","LpdV","BSU_08080","BSU_24060","string-db","224308.BSU24060/224308.BSU08080","physical","txid224308"
"BSU_08080","BSU_14610","AcoC","PdhD","acoC","pdhD","AcoC","PdhD","BSU_08080","BSU_14610","string-db","224308.BSU14610/224308.BSU08080","physical","txid224308"
"BSU_08080","BSU_19660","AcoC","YozD","acoC","BSU_19660","AcoC","YozD","BSU_08080","BSU_19660","string-db","224308.BSU19660/224308.BSU08080","physical","txid224308"
"BSU_08080","BSU_08100","AcoC","AcoR","acoC","acoR","AcoC","AcoR","BSU_08080","BSU_08100","string-db","224308.BSU08100/224308.BSU08080","physical","txid224308"
"BSU_08080","BSU_13390","AcoC","YkoT","acoC","ykoT","AcoC","YkoT","BSU_08080","BSU_13390","string-db","224308.BSU13390/224308.BSU08080","physical","txid224308"
"BSU_08080","BSU_14600","AcoC","PdhC","acoC","pdhC","AcoC","PdhC","BSU_08080","BSU_14600","string-db","224308.BSU14600/224308.BSU08080","physical","txid224308"
"BSU_08080","BSU_25210","AcoC","DnaG","acoC","dnaG","AcoC","DnaG","BSU_08080","BSU_25210","string-db","224308.BSU25210/224308.BSU08080","physical","txid224308"
"BSU_08080","BSU_37640","AcoC","LipL","acoC","BSU_37640","AcoC","LipL","BSU_08080","BSU_37640","subtiwiki","224308.BSU08080/224308.BSU37640","physical","txid224308"
"BSU_33690","BSU_31260","YvaQ","McpB","yvaQ","mcpB","YvaQ","McpB","BSU_33690","BSU_31260","subtiwiki","224308.BSU33690/224308.BSU31260","physical","txid224308"
"BSU_23140","BSU_31860","ResB","YueB","resB","yueB","ResB","YueB","BSU_23140","BSU_31860","string-db","224308.BSU31860/224308.BSU23140","physical","txid224308"
"BSU_31960","BSU_31970","DhbF","DhbB","dhbF","dhbB","DhbF","DhbB","BSU_31960","BSU_31970","string-db","224308.BSU31970/224308.BSU31960","physical","txid224308"
"BSU_09550","BSU_09900","YhdP","YhaP","BSU_09550","yhaP","YhdP","YhaP","BSU_09550","BSU_09900","string-db","224308.BSU09900/224308.BSU09550","physical","txid224308"
"BSU_09550","BSU_13390","YhdP","YkoT","BSU_09550","ykoT","YhdP","YkoT","BSU_09550","BSU_13390","string-db","224308.BSU13390/224308.BSU09550","physical","txid224308"
"BSU_17320","BSU_25560","YmaF","HolA","BSU_17320","BSU_25560","YmaF","HolA","BSU_17320","BSU_25560","subtiwiki","224308.BSU17320/224308.BSU25560","physical","txid224308"
"BSU_06720","BSU_19330","DagK","SodF","BSU_06720","sodF","DagK","SodF","BSU_06720","BSU_19330","string-db","224308.BSU19330/224308.BSU06720","physical","txid224308"
"BSU_06720","BSU_15290","DagK","FtsZ","BSU_06720","ftsZ","DagK","FtsZ","BSU_06720","BSU_15290","string-db","224308.BSU15290/224308.BSU06720","physical","txid224308"
"BSU_06740","BSU_06760","YefB","YeeA","BSU_06740","BSU_06760","YefB","YeeA","BSU_06740","BSU_06760","string-db","224308.BSU06760/224308.BSU06740","physical","txid224308"
"BSU_06740","BSU_06780","YefB","YeeC","BSU_06740","BSU_06780","YefB","YeeC","BSU_06740","BSU_06780","string-db","224308.BSU06780/224308.BSU06740","physical","txid224308"
"BSU_06740","BSU_06770","YefB","YeeB","BSU_06740","BSU_06770","YefB","YeeB","BSU_06740","BSU_06770","string-db","224308.BSU06770/224308.BSU06740","physical","txid224308"
"BSU_06750","BSU_06770","YefC","YeeB","BSU_06750","BSU_06770","YefC","YeeB","BSU_06750","BSU_06770","string-db","224308.BSU06770/224308.BSU06750","physical","txid224308"
"BSU_06811","BSU_06812","YezG","YeeF","BSU_06811","BSU_06812","YezG","YeeF","BSU_06811","BSU_06812","subtiwiki","224308.BSU06812/224308.BSU06811","physical","txid224308"
"BSU_06830","BSU_37130","RapH","Spo0F","rapH","spo0F","RapH","Spo0F","BSU_06830","BSU_37130","subtiwiki","224308.BSU37130/224308.BSU06830","physical","txid224308"
"BSU_06830","BSU_16330","RapH","CheY","rapH","cheY","RapH","CheY","BSU_06830","BSU_16330","string-db","224308.BSU16330/224308.BSU06830","physical","txid224308"
"BSU_16330","BSU_16320","CheY","FliY","cheY","fliY","CheY","FliY","BSU_16330","BSU_16320","subtiwiki","224308.BSU16330/224308.BSU16320","physical","txid224308"
"BSU_16330","BSU_16430","CheY","CheA","cheY","cheA","CheY","CheA","BSU_16330","BSU_16430","subtiwiki","224308.BSU16330/224308.BSU16430","physical","txid224308"
"BSU_16330","BSU_16450","CheY","CheC","cheY","cheC","CheY","CheC","BSU_16330","BSU_16450","subtiwiki","224308.BSU16330/224308.BSU16450","physical","txid224308"
"BSU_16330","BSU_17940","CheY","YneI","cheY","yneI","CheY","YneI","BSU_16330","BSU_17940","string-db","224308.BSU17940/224308.BSU16330","physical","txid224308"
"BSU_06890","BSU_06910","CotJA","CotJC","cotJA","cotJC","CotJA","CotJC","BSU_06890","BSU_06910","subtiwiki","224308.BSU06890/224308.BSU06910","physical","txid224308"
"BSU_06950","BSU_06960","YesM","RhgL","rhgK","rhgL","RhgK","RhgL","BSU_06950","BSU_06960","subtiwiki","224308.BSU06950/224308.BSU06960","physical","txid224308"
"BSU_06950","BSU_19400","YesM","SodC","rhgK","BSU_19400","RhgK","SodC","BSU_06950","BSU_19400","string-db","224308.BSU19400/224308.BSU06950","physical","txid224308"
"BSU_13900","BSU_27080","PtsH","LevR","ptsH","levR","PtsH","LevR","BSU_13900","BSU_27080","subtiwiki","224308.BSU27080/224308.BSU13900","physical","txid224308"
"BSU_13900","BSU_35000","PtsH","HprK","ptsH","hprK","PtsH","HprK","BSU_13900","BSU_35000","subtiwiki","224308.BSU13900/224308.BSU35000","physical","txid224308"
"BSU_13900","BSU_29740","PtsH","CcpA","ptsH","ccpA","PtsH","CcpA","BSU_13900","BSU_29740","subtiwiki","224308.BSU13900/224308.BSU29740","physical","txid224308"
"BSU_13900","BSU_13910","PtsH","PtsI","ptsH","ptsI","PtsH","PtsI","BSU_13900","BSU_13910","subtiwiki","224308.BSU13910/224308.BSU13900","physical","txid224308"
"BSU_13900","BSU_33940","PtsH","GapA","ptsH","gapA","PtsH","GapA","BSU_13900","BSU_33940","subtiwiki","224308.BSU13900/224308.BSU33940","physical","txid224308"
"BSU_13900","BSU_03982","PtsH","MtlF","ptsH","mtlF","PtsH","MtlF","BSU_13900","BSU_03982","subtiwiki","224308.BSU13900/224308.BSU03982","physical","txid224308"
"BSU_13900","BSU_39080","PtsH","LicT","ptsH","licT","PtsH","LicT","BSU_13900","BSU_39080","subtiwiki","224308.BSU13900/224308.BSU39080","physical","txid224308"
"BSU_13900","BSU_35910","PtsH","RbsR","ptsH","rbsR","PtsH","RbsR","BSU_13900","BSU_35910","subtiwiki","224308.BSU13900/224308.BSU35910","physical","txid224308"
"BSU_13900","BSU_09290","PtsH","GlpK","ptsH","glpK","PtsH","GlpK","BSU_13900","BSU_09290","subtiwiki","224308.BSU13900/224308.BSU09290","physical","txid224308"
"BSU_13900","BSU_13880","PtsH","GlcT","ptsH","glcT","PtsH","GlcT","BSU_13900","BSU_13880","subtiwiki","224308.BSU13900/224308.BSU13880","physical","txid224308"
"BSU_13900","BSU_38070","PtsH","SacT","ptsH","sacT","PtsH","SacT","BSU_13900","BSU_38070","subtiwiki","224308.BSU13900/224308.BSU38070","physical","txid224308"
"BSU_13900","BSU_38420","PtsH","SacY","ptsH","sacY","PtsH","SacY","BSU_13900","BSU_38420","subtiwiki","224308.BSU13900/224308.BSU38420","physical","txid224308"
"BSU_13900","BSU_38600","PtsH","LicR","ptsH","licR","PtsH","LicR","BSU_13900","BSU_38600","subtiwiki","224308.BSU13900/224308.BSU38600","physical","txid224308"
"BSU_13900","BSU_39270","PtsH","BglP","ptsH","bglP","PtsH","BglP","BSU_13900","BSU_39270","subtiwiki","224308.BSU13900/224308.BSU39270","physical","txid224308"
"BSU_13900","BSU_13890","PtsH","PtsG","ptsH","ptsG","PtsH","PtsG","BSU_13900","BSU_13890","subtiwiki","224308.BSU13900/224308.BSU13890","physical","txid224308"
"BSU_13900","BSU_14400","PtsH","FruA","ptsH","fruA","PtsH","FruA","BSU_13900","BSU_14400","subtiwiki","224308.BSU13900/224308.BSU14400","physical","txid224308"
"BSU_13900","BSU_02350","PtsH","GamP","ptsH","gamP","PtsH","GamP","BSU_13900","BSU_02350","subtiwiki","224308.BSU13900/224308.BSU02350","physical","txid224308"
"BSU_13900","BSU_27070","PtsH","LevD","ptsH","levD","PtsH","LevD","BSU_13900","BSU_27070","subtiwiki","224308.BSU13900/224308.BSU27070","physical","txid224308"
"BSU_13900","BSU_12010","PtsH","ManP","ptsH","manP","PtsH","ManP","BSU_13900","BSU_12010","subtiwiki","224308.BSU13900/224308.BSU12010","physical","txid224308"
"BSU_13900","BSU_38570","PtsH","LicA","ptsH","licA","PtsH","LicA","BSU_13900","BSU_38570","subtiwiki","224308.BSU13900/224308.BSU38570","physical","txid224308"
"BSU_13900","BSU_05820","PtsH","GmuA","ptsH","gmuA","PtsH","GmuA","BSU_13900","BSU_05820","subtiwiki","224308.BSU13900/224308.BSU05820","physical","txid224308"
"BSU_13900","BSU_12000","PtsH","ManR","ptsH","manR","PtsH","ManR","BSU_13900","BSU_12000","subtiwiki","224308.BSU13900/224308.BSU12000","physical","txid224308"
"BSU_13900","BSU_38050","PtsH","SacP","ptsH","sacP","PtsH","SacP","BSU_13900","BSU_38050","subtiwiki","224308.BSU13900/224308.BSU38050","physical","txid224308"
"BSU_13900","BSU_07800","PtsH","TreP","ptsH","treP","PtsH","TreP","BSU_13900","BSU_07800","subtiwiki","224308.BSU13900/224308.BSU07800","physical","txid224308"
"BSU_13900","BSU_38410","PtsH","SacX","ptsH","sacX","PtsH","SacX","BSU_13900","BSU_38410","subtiwiki","224308.BSU13900/224308.BSU38410","physical","txid224308"
"BSU_13900","BSU_40910","PtsH","RpsF","ptsH","rpsF","PtsH","RpsF","BSU_13900","BSU_40910","subtiwiki","224308.BSU13900/224308.BSU40910","physical","txid224308"
"BSU_34740","BSU_35000","Crh","HprK","crh","hprK","Crh","HprK","BSU_34740","BSU_35000","subtiwiki","224308.BSU35000/224308.BSU34740","physical","txid224308"
"BSU_18160","BSU_28510","XynD","Xsa","xynD","abf2","XynD","Xsa","BSU_18160","BSU_28510","string-db","224308.BSU28510/224308.BSU18160","physical","txid224308"
"BSU_18160","BSU_28720","XynD","AbfA","xynD","abfA","XynD","AbfA","BSU_18160","BSU_28720","string-db","224308.BSU28720/224308.BSU18160","physical","txid224308"
"BSU_07080","BSU_34130","RhgZ","GanA","yesZ","ganA","YesZ","GanA","BSU_07080","BSU_34130","string-db","224308.BSU34130/224308.BSU07080","physical","txid224308"
"BSU_07090","BSU_08670","YetA","YgaB","BSU_07090","BSU_08670","YetA","YgaB","BSU_07090","BSU_08670","string-db","224308.BSU08670/224308.BSU07090","physical","txid224308"
"BSU_07100","BSU_07110","LplA","LplB","BSU_07100","BSU_07110","LplA","LplB","BSU_07100","BSU_07110","subtiwiki","224308.BSU07100/224308.BSU07110","physical","txid224308"
"BSU_07100","BSU_30170","LplA","YtcP","BSU_07100","BSU_30170","LplA","YtcP","BSU_07100","BSU_30170","string-db","224308.BSU30170/224308.BSU07100","physical","txid224308"
"BSU_07100","BSU_07120","LplA","LplC","BSU_07100","BSU_07120","LplA","LplC","BSU_07100","BSU_07120","subtiwiki","224308.BSU07120/224308.BSU07100","physical","txid224308"
"BSU_07100","BSU_30160","LplA","YtcQ","BSU_07100","BSU_30160","LplA","YtcQ","BSU_07100","BSU_30160","string-db","224308.BSU30160/224308.BSU07100","physical","txid224308"
"BSU_07100","BSU_30135","LplA","YteP","BSU_07100","BSU_30135","LplA","YteP","BSU_07100","BSU_30135","string-db","224308.BSU30135/224308.BSU07100","physical","txid224308"
"BSU_07110","BSU_30170","LplB","YtcP","BSU_07110","BSU_30170","LplB","YtcP","BSU_07110","BSU_30170","string-db","224308.BSU30170/224308.BSU07110","physical","txid224308"
"BSU_07110","BSU_30160","LplB","YtcQ","BSU_07110","BSU_30160","LplB","YtcQ","BSU_07110","BSU_30160","string-db","224308.BSU30160/224308.BSU07110","physical","txid224308"
"BSU_07110","BSU_30135","LplB","YteP","BSU_07110","BSU_30135","LplB","YteP","BSU_07110","BSU_30135","string-db","224308.BSU30135/224308.BSU07110","physical","txid224308"
"BSU_07110","BSU_07120","LplB","LplC","BSU_07110","BSU_07120","LplB","LplC","BSU_07110","BSU_07120","subtiwiki","224308.BSU07120/224308.BSU07110","physical","txid224308"
"BSU_30135","BSU_30160","YteP","YtcQ","BSU_30135","BSU_30160","YteP","YtcQ","BSU_30135","BSU_30160","subtiwiki","224308.BSU30160/224308.BSU30135","physical","txid224308"
"BSU_30135","BSU_30170","YteP","YtcP","BSU_30135","BSU_30170","YteP","YtcP","BSU_30135","BSU_30170","subtiwiki","224308.BSU30135/224308.BSU30170","physical","txid224308"
"BSU_07120","BSU_30135","LplC","YteP","BSU_07120","BSU_30135","LplC","YteP","BSU_07120","BSU_30135","string-db","224308.BSU30135/224308.BSU07120","physical","txid224308"
"BSU_07120","BSU_30160","LplC","YtcQ","BSU_07120","BSU_30160","LplC","YtcQ","BSU_07120","BSU_30160","string-db","224308.BSU30160/224308.BSU07120","physical","txid224308"
"BSU_07120","BSU_30170","LplC","YtcP","BSU_07120","BSU_30170","LplC","YtcP","BSU_07120","BSU_30170","string-db","224308.BSU30170/224308.BSU07120","physical","txid224308"
"BSU_30160","BSU_30170","YtcQ","YtcP","BSU_30160","BSU_30170","YtcQ","YtcP","BSU_30160","BSU_30170","subtiwiki","224308.BSU30160/224308.BSU30170","physical","txid224308"
"BSU_07250","BSU_27160","CypD","CypB","BSU_07250","yrhJ","CypD","CypB","BSU_07250","BSU_27160","string-db","224308.BSU27160/224308.BSU07250","physical","txid224308"
"BSU_07260","BSU_07710","LtaSA","LtaSB","yfnI","BSU_07710","YfnI","LtaSB","BSU_07260","BSU_07710","string-db","224308.BSU07710/224308.BSU07260","physical","txid224308"
"BSU_07350","BSU_29740","YfmT","CcpA","yfmT","ccpA","YfmT","CcpA","BSU_07350","BSU_29740","string-db","224308.BSU29740/224308.BSU07350","physical","txid224308"
"BSU_07490","BSU_07520","YfmF","YfmC","fecF","fecC","FecF","FecC","BSU_07490","BSU_07520","subtiwiki","224308.BSU07520/224308.BSU07490","physical","txid224308"
"BSU_07490","BSU_07510","YfmF","YfmD","fecF","fecD","FecF","FecD","BSU_07490","BSU_07510","subtiwiki","224308.BSU07510/224308.BSU07490","physical","txid224308"
"BSU_07490","BSU_07500","YfmF","YfmE","fecF","fecE","FecF","FecE","BSU_07490","BSU_07500","subtiwiki","224308.BSU07500/224308.BSU07490","physical","txid224308"
"BSU_07500","BSU_07520","YfmE","YfmC","fecE","fecC","FecE","FecC","BSU_07500","BSU_07520","subtiwiki","224308.BSU07520/224308.BSU07500","physical","txid224308"
"BSU_07500","BSU_07510","YfmE","YfmD","fecE","fecD","FecE","FecD","BSU_07500","BSU_07510","subtiwiki","224308.BSU07500/224308.BSU07510","physical","txid224308"
"BSU_07510","BSU_07520","YfmD","YfmC","fecD","fecC","FecD","FecC","BSU_07510","BSU_07520","subtiwiki","224308.BSU07520/224308.BSU07510","physical","txid224308"
"BSU_07560","BSU_34950","Pel","PelC","pel","BSU_34950","Pel","PelC","BSU_07560","BSU_34950","string-db","224308.BSU34950/224308.BSU07560","physical","txid224308"
"BSU_07570","BSU_07580","YflS","CitS","yflS","BSU_07580","YflS","CitS","BSU_07570","BSU_07580","string-db","224308.BSU07580/224308.BSU07570","physical","txid224308"
"BSU_29440","BSU_31240","ArgH","McpA","argH","mcpA","ArgH","McpA","BSU_29440","BSU_31240","string-db","224308.BSU31240/224308.BSU29440","physical","txid224308"
"BSU_29440","BSU_31250","ArgH","TlpA","argH","tlpA","ArgH","TlpA","BSU_29440","BSU_31250","string-db","224308.BSU31250/224308.BSU29440","physical","txid224308"
"BSU_27710","BSU_01160","Tgt","RplC","BSU_27710","rplC","Tgt","RplC","BSU_27710","BSU_01160","subtiwiki","224308.BSU27710/224308.BSU01160","physical","txid224308"
"BSU_18200","BSU_24300","NrnB","XseA","nrnB","BSU_24300","NrnB","XseA","BSU_18200","BSU_24300","string-db","224308.BSU24300/224308.BSU18200","physical","txid224308"
"BSU_07640","BSU_29470","YflL","AckA","BSU_07640","ackA","YflL","AckA","BSU_07640","BSU_29470","string-db","224308.BSU29470/224308.BSU07640","physical","txid224308"
"BSU_29470","BSU_29740","AckA","CcpA","ackA","ccpA","AckA","CcpA","BSU_29470","BSU_29740","string-db","224308.BSU29740/224308.BSU29470","physical","txid224308"
"BSU_22230","BSU_13900","YpqE","PtsH","ptsA","ptsH","PtsA","PtsH","BSU_22230","BSU_13900","subtiwiki","224308.BSU22230/224308.BSU13900","physical","txid224308"
"BSU_22230","BSU_24850","YpqE","GlcK","ptsA","BSU_24850","PtsA","GlcK","BSU_22230","BSU_24850","string-db","224308.BSU24850/224308.BSU22230","physical","txid224308"
"BSU_22230","BSU_40120","YpqE","YyzE","ptsA","BSU_40120","PtsA","YyzE","BSU_22230","BSU_40120","string-db","224308.BSU40120/224308.BSU22230","physical","txid224308"
"BSU_07810","BSU_08180","TreA","MalA","treA","malA","TreA","MalA","BSU_07810","BSU_08180","string-db","224308.BSU08180/224308.BSU07810","physical","txid224308"
"BSU_07880","BSU_36240","YfkJ","YwqE","yfkJ","ptpZ","YfkJ","PtpZ","BSU_07880","BSU_36240","string-db","224308.BSU36240/224308.BSU07880","physical","txid224308"
"BSU_07900","BSU_16960","Rbn","Rny","yfkH","BSU_16960","Rbn","Rny","BSU_07900","BSU_16960","string-db","224308.BSU16960/224308.BSU07900","physical","txid224308"
"BSU_07900","BSU_30270","Rbn","MsmE","yfkH","melE","Rbn","MelE","BSU_07900","BSU_30270","string-db","224308.BSU30270/224308.BSU07900","physical","txid224308"
"BSU_30270","BSU_30290","MsmE","AmyC","melE","melC","MelE","MelC","BSU_30270","BSU_30290","subtiwiki","224308.BSU30290/224308.BSU30270","physical","txid224308"
"BSU_30270","BSU_32550","MsmE","YurJ","melE","frlP","MelE","FrlP","BSU_30270","BSU_32550","string-db","224308.BSU32550/224308.BSU30270","physical","txid224308"
"BSU_30270","BSU_32590","MsmE","FrlN","melE","frlN","MelE","FrlN","BSU_30270","BSU_32590","string-db","224308.BSU32590/224308.BSU30270","physical","txid224308"
"BSU_30270","BSU_30280","MsmE","AmyD","melE","melD","MelE","MelD","BSU_30270","BSU_30280","subtiwiki","224308.BSU30280/224308.BSU30270","physical","txid224308"
"BSU_30270","BSU_32580","MsmE","FrlM","melE","frlM","MelE","FrlM","BSU_30270","BSU_32580","string-db","224308.BSU32580/224308.BSU30270","physical","txid224308"
"BSU_30270","BSU_32600","MsmE","FrlO","melE","frlO","MelE","FrlO","BSU_30270","BSU_32600","string-db","224308.BSU32600/224308.BSU30270","physical","txid224308"
"BSU_30270","BSU_38810","MsmE","MsmX","melE","msmX","MelE","MsmX","BSU_30270","BSU_38810","string-db","224308.BSU38810/224308.BSU30270","physical","txid224308"
"BSU_08000","BSU_19400","YfjQ","SodC","BSU_08000","BSU_19400","YfjQ","SodC","BSU_08000","BSU_19400","string-db","224308.BSU19400/224308.BSU08000","physical","txid224308"
"BSU_08060","BSU_08080","AcoA","AcoC","acoA","acoC","AcoA","AcoC","BSU_08060","BSU_08080","subtiwiki","224308.BSU08060/224308.BSU08080","physical","txid224308"
"BSU_08060","BSU_34520","AcoA","YvdP","acoA","cotQ","AcoA","CotQ","BSU_08060","BSU_34520","string-db","224308.BSU34520/224308.BSU08060","physical","txid224308"
"BSU_08060","BSU_08070","AcoA","AcoB","acoA","acoB","AcoA","AcoB","BSU_08060","BSU_08070","subtiwiki","224308.BSU08070/224308.BSU08060","physical","txid224308"
"BSU_08060","BSU_08100","AcoA","AcoR","acoA","acoR","AcoA","AcoR","BSU_08060","BSU_08100","string-db","224308.BSU08100/224308.BSU08060","physical","txid224308"
"BSU_08060","BSU_25570","AcoA","ComEC","acoA","comEC","AcoA","ComEC","BSU_08060","BSU_25570","string-db","224308.BSU25570/224308.BSU08060","physical","txid224308"
"BSU_25570","BSU_25590","ComEC","ComEA","comEC","comEA","ComEC","ComEA","BSU_25570","BSU_25590","subtiwiki","224308.BSU25570/224308.BSU25590","physical","txid224308"
"BSU_25570","BSU_35470","ComEC","ComFA","comEC","comFA","ComEC","ComFA","BSU_25570","BSU_35470","subtiwiki","224308.BSU25570/224308.BSU35470","physical","txid224308"
"BSU_25570","BSU_35450","ComEC","ComFC","comEC","comFC","ComEC","ComFC","BSU_25570","BSU_35450","string-db","224308.BSU35450/224308.BSU25570","physical","txid224308"
"BSU_25570","BSU_37240","ComEC","YwiE","comEC","ywiE","ComEC","YwiE","BSU_25570","BSU_37240","string-db","224308.BSU37240/224308.BSU25570","physical","txid224308"
"BSU_34520","BSU_11750","YvdP","CotY","cotQ","cotY","CotQ","CotY","BSU_34520","BSU_11750","subtiwiki","224308.BSU34520/224308.BSU11750","physical","txid224308"
"BSU_34520","BSU_37240","YvdP","YwiE","cotQ","ywiE","CotQ","YwiE","BSU_34520","BSU_37240","string-db","224308.BSU37240/224308.BSU34520","physical","txid224308"
"BSU_08070","BSU_08080","AcoB","AcoC","acoB","acoC","AcoB","AcoC","BSU_08070","BSU_08080","subtiwiki","224308.BSU08070/224308.BSU08080","physical","txid224308"
"BSU_08070","BSU_08100","AcoB","AcoR","acoB","acoR","AcoB","AcoR","BSU_08070","BSU_08100","string-db","224308.BSU08100/224308.BSU08070","physical","txid224308"
"BSU_14580","BSU_14600","PdhA","PdhC","pdhA","pdhC","PdhA","PdhC","BSU_14580","BSU_14600","subtiwiki","224308.BSU14600/224308.BSU14580","physical","txid224308"
"BSU_14580","BSU_24060","PdhA","LpdV","pdhA","lpdV","PdhA","LpdV","BSU_14580","BSU_24060","string-db","224308.BSU24060/224308.BSU14580","physical","txid224308"
"BSU_14580","BSU_29740","PdhA","CcpA","pdhA","ccpA","PdhA","CcpA","BSU_14580","BSU_29740","string-db","224308.BSU29740/224308.BSU14580","physical","txid224308"
"BSU_14580","BSU_14610","PdhA","PdhD","pdhA","pdhD","PdhA","PdhD","BSU_14580","BSU_14610","subtiwiki","224308.BSU14580/224308.BSU14610","physical","txid224308"
"BSU_14580","BSU_14590","PdhA","PdhB","pdhA","pdhB","PdhA","PdhB","BSU_14580","BSU_14590","subtiwiki","224308.BSU14590/224308.BSU14580","physical","txid224308"
"BSU_14580","BSU_01500","PdhA","RpsI","pdhA","rpsI","PdhA","RpsI","BSU_14580","BSU_01500","subtiwiki","224308.BSU14580/224308.BSU01500","physical","txid224308"
"BSU_08090","BSU_19360","AcoL","OdhB","acoL","odhB","AcoL","OdhB","BSU_08090","BSU_19360","string-db","224308.BSU19360/224308.BSU08090","physical","txid224308"
"BSU_08090","BSU_24560","AcoL","GcvPA","acoL","gcvPA","AcoL","GcvPA","BSU_08090","BSU_24560","string-db","224308.BSU24560/224308.BSU08090","physical","txid224308"
"BSU_08090","BSU_32800","AcoL","GcvH","acoL","BSU_32800","AcoL","GcvH","BSU_08090","BSU_32800","string-db","224308.BSU32800/224308.BSU08090","physical","txid224308"
"BSU_08090","BSU_24040","AcoL","BkdAB","acoL","bkdAB","AcoL","BkdAB","BSU_08090","BSU_24040","string-db","224308.BSU24040/224308.BSU08090","physical","txid224308"
"BSU_08090","BSU_24050","AcoL","BkdAA","acoL","bkdAA","AcoL","BkdAA","BSU_08090","BSU_24050","string-db","224308.BSU24050/224308.BSU08090","physical","txid224308"
"BSU_08090","BSU_14590","AcoL","PdhB","acoL","pdhB","AcoL","PdhB","BSU_08090","BSU_14590","string-db","224308.BSU14590/224308.BSU08090","physical","txid224308"
"BSU_08090","BSU_19370","AcoL","OdhA","acoL","odhA","AcoL","OdhA","BSU_08090","BSU_19370","string-db","224308.BSU19370/224308.BSU08090","physical","txid224308"
"BSU_08090","BSU_24060","AcoL","LpdV","acoL","lpdV","AcoL","LpdV","BSU_08090","BSU_24060","string-db","224308.BSU24060/224308.BSU08090","physical","txid224308"
"BSU_08090","BSU_24570","AcoL","GcvT","acoL","gcvT","AcoL","GcvT","BSU_08090","BSU_24570","string-db","224308.BSU24570/224308.BSU08090","physical","txid224308"
"BSU_08090","BSU_14600","AcoL","PdhC","acoL","pdhC","AcoL","PdhC","BSU_08090","BSU_14600","string-db","224308.BSU14600/224308.BSU08090","physical","txid224308"
"BSU_08090","BSU_24550","AcoL","GcvPB","acoL","gcvPB","AcoL","GcvPB","BSU_08090","BSU_24550","string-db","224308.BSU24550/224308.BSU08090","physical","txid224308"
"BSU_08090","BSU_24030","AcoL","BkdB","acoL","bkdB","AcoL","BkdB","BSU_08090","BSU_24030","string-db","224308.BSU24030/224308.BSU08090","physical","txid224308"
"BSU_08090","BSU_14610","AcoL","PdhD","acoL","pdhD","AcoL","PdhD","BSU_08090","BSU_14610","string-db","224308.BSU14610/224308.BSU08090","physical","txid224308"
"BSU_08090","BSU_14580","AcoL","PdhA","acoL","pdhA","AcoL","PdhA","BSU_08090","BSU_14580","string-db","224308.BSU14580/224308.BSU08090","physical","txid224308"
"BSU_08090","BSU_08070","AcoL","AcoB","acoL","acoB","AcoL","AcoB","BSU_08090","BSU_08070","subtiwiki","224308.BSU08090/224308.BSU08070","physical","txid224308"
"BSU_08090","BSU_08060","AcoL","AcoA","acoL","acoA","AcoL","AcoA","BSU_08090","BSU_08060","subtiwiki","224308.BSU08090/224308.BSU08060","physical","txid224308"
"BSU_14610","BSU_24060","PdhD","LpdV","pdhD","lpdV","PdhD","LpdV","BSU_14610","BSU_24060","string-db","224308.BSU24060/224308.BSU14610","physical","txid224308"
"BSU_14610","BSU_24030","PdhD","BkdB","pdhD","bkdB","PdhD","BkdB","BSU_14610","BSU_24030","string-db","224308.BSU24030/224308.BSU14610","physical","txid224308"
"BSU_14610","BSU_29740","PdhD","CcpA","pdhD","ccpA","PdhD","CcpA","BSU_14610","BSU_29740","string-db","224308.BSU29740/224308.BSU14610","physical","txid224308"
"BSU_14610","BSU_24550","PdhD","GcvPB","pdhD","gcvPB","PdhD","GcvPB","BSU_14610","BSU_24550","string-db","224308.BSU24550/224308.BSU14610","physical","txid224308"
"BSU_14610","BSU_19360","PdhD","OdhB","pdhD","odhB","PdhD","OdhB","BSU_14610","BSU_19360","subtiwiki","224308.BSU19360/224308.BSU14610","physical","txid224308"
"BSU_14610","BSU_24050","PdhD","BkdAA","pdhD","bkdAA","PdhD","BkdAA","BSU_14610","BSU_24050","string-db","224308.BSU24050/224308.BSU14610","physical","txid224308"
"BSU_14610","BSU_24570","PdhD","GcvT","pdhD","gcvT","PdhD","GcvT","BSU_14610","BSU_24570","string-db","224308.BSU24570/224308.BSU14610","physical","txid224308"
"BSU_14610","BSU_32800","PdhD","GcvH","pdhD","BSU_32800","PdhD","GcvH","BSU_14610","BSU_32800","string-db","224308.BSU32800/224308.BSU14610","physical","txid224308"
"BSU_14610","BSU_24040","PdhD","BkdAB","pdhD","bkdAB","PdhD","BkdAB","BSU_14610","BSU_24040","string-db","224308.BSU24040/224308.BSU14610","physical","txid224308"
"BSU_14610","BSU_24560","PdhD","GcvPA","pdhD","gcvPA","PdhD","GcvPA","BSU_14610","BSU_24560","string-db","224308.BSU24560/224308.BSU14610","physical","txid224308"
"BSU_14610","BSU_19370","PdhD","OdhA","pdhD","odhA","PdhD","OdhA","BSU_14610","BSU_19370","subtiwiki","224308.BSU19370/224308.BSU14610","physical","txid224308"
"BSU_14590","BSU_18060","PdhB","PdhI","pdhB","BSU_18060","PdhB","PdhI","BSU_14590","BSU_18060","subtiwiki","224308.BSU14590/224308.BSU18060","physical","txid224308"
"BSU_14590","BSU_24060","PdhB","LpdV","pdhB","lpdV","PdhB","LpdV","BSU_14590","BSU_24060","string-db","224308.BSU24060/224308.BSU14590","physical","txid224308"
"BSU_14590","BSU_29740","PdhB","CcpA","pdhB","ccpA","PdhB","CcpA","BSU_14590","BSU_29740","string-db","224308.BSU29740/224308.BSU14590","physical","txid224308"
"BSU_14590","BSU_14600","PdhB","PdhC","pdhB","pdhC","PdhB","PdhC","BSU_14590","BSU_14600","subtiwiki","224308.BSU14600/224308.BSU14590","physical","txid224308"
"BSU_14590","BSU_14610","PdhB","PdhD","pdhB","pdhD","PdhB","PdhD","BSU_14590","BSU_14610","subtiwiki","224308.BSU14590/224308.BSU14610","physical","txid224308"
"BSU_14600","BSU_35940","PdhC","RbsA","pdhC","rbsA","PdhC","RbsA","BSU_14600","BSU_35940","subtiwiki","224308.BSU14600/224308.BSU35940","physical","txid224308"
"BSU_14600","BSU_37640","PdhC","LipL","pdhC","BSU_37640","PdhC","LipL","BSU_14600","BSU_37640","subtiwiki","224308.BSU14600/224308.BSU37640","physical","txid224308"
"BSU_14600","BSU_24060","PdhC","LpdV","pdhC","lpdV","PdhC","LpdV","BSU_14600","BSU_24060","string-db","224308.BSU24060/224308.BSU14600","physical","txid224308"
"BSU_14600","BSU_25210","PdhC","DnaG","pdhC","dnaG","PdhC","DnaG","BSU_14600","BSU_25210","string-db","224308.BSU25210/224308.BSU14600","physical","txid224308"
"BSU_14600","BSU_14610","PdhC","PdhD","pdhC","pdhD","PdhC","PdhD","BSU_14600","BSU_14610","subtiwiki","224308.BSU14600/224308.BSU14610","physical","txid224308"
"BSU_24060","BSU_24560","LpdV","GcvPA","lpdV","gcvPA","LpdV","GcvPA","BSU_24060","BSU_24560","string-db","224308.BSU24560/224308.BSU24060","physical","txid224308"
"BSU_24060","BSU_32800","LpdV","GcvH","lpdV","BSU_32800","LpdV","GcvH","BSU_24060","BSU_32800","string-db","224308.BSU32800/224308.BSU24060","physical","txid224308"
"BSU_24060","BSU_24550","LpdV","GcvPB","lpdV","gcvPB","LpdV","GcvPB","BSU_24060","BSU_24550","string-db","224308.BSU24550/224308.BSU24060","physical","txid224308"
"BSU_24060","BSU_24570","LpdV","GcvT","lpdV","gcvT","LpdV","GcvT","BSU_24060","BSU_24570","string-db","224308.BSU24570/224308.BSU24060","physical","txid224308"
"BSU_24570","BSU_32800","GcvT","GcvH","gcvT","BSU_32800","GcvT","GcvH","BSU_24570","BSU_32800","string-db","224308.BSU32800/224308.BSU24570","physical","txid224308"
"BSU_24570","BSU_36900","GcvT","GlyA","gcvT","glyA","GcvT","GlyA","BSU_24570","BSU_36900","string-db","224308.BSU36900/224308.BSU24570","physical","txid224308"
"BSU_24560","BSU_24570","GcvPA","GcvT","gcvPA","gcvT","GcvPA","GcvT","BSU_24560","BSU_24570","string-db","224308.BSU24570/224308.BSU24560","physical","txid224308"
"BSU_24560","BSU_32800","GcvPA","GcvH","gcvPA","BSU_32800","GcvPA","GcvH","BSU_24560","BSU_32800","string-db","224308.BSU32800/224308.BSU24560","physical","txid224308"
"BSU_19360","BSU_33040","OdhB","FumC","odhB","citG","OdhB","CitG","BSU_19360","BSU_33040","string-db","224308.BSU33040/224308.BSU19360","physical","txid224308"
"BSU_19360","BSU_19370","OdhB","OdhA","odhB","odhA","OdhB","OdhA","BSU_19360","BSU_19370","subtiwiki","224308.BSU19360/224308.BSU19370","physical","txid224308"
"BSU_19360","BSU_24060","OdhB","LpdV","odhB","lpdV","OdhB","LpdV","BSU_19360","BSU_24060","string-db","224308.BSU24060/224308.BSU19360","physical","txid224308"
"BSU_19360","BSU_29130","OdhB","Icd","odhB","icd","OdhB","Icd","BSU_19360","BSU_29130","subtiwiki","224308.BSU19360/224308.BSU29130","physical","txid224308"
"BSU_19360","BSU_10250","OdhB","LplJ","odhB","BSU_10250","OdhB","LplJ","BSU_19360","BSU_10250","subtiwiki","224308.BSU19360/224308.BSU10250","physical","txid224308"
"BSU_19360","BSU_37640","OdhB","LipL","odhB","BSU_37640","OdhB","LipL","BSU_19360","BSU_37640","subtiwiki","224308.BSU19360/224308.BSU37640","physical","txid224308"
"BSU_19360","BSU_13910","OdhB","PtsI","odhB","ptsI","OdhB","PtsI","BSU_19360","BSU_13910","subtiwiki","224308.BSU19360/224308.BSU13910","physical","txid224308"
"BSU_24050","BSU_24060","BkdAA","LpdV","bkdAA","lpdV","BkdAA","LpdV","BSU_24050","BSU_24060","subtiwiki","224308.BSU24050/224308.BSU24060","physical","txid224308"
"BSU_24040","BSU_25210","BkdAB","DnaG","bkdAB","dnaG","BkdAB","DnaG","BSU_24040","BSU_25210","string-db","224308.BSU25210/224308.BSU24040","physical","txid224308"
"BSU_24040","BSU_24050","BkdAB","BkdAA","bkdAB","bkdAA","BkdAB","BkdAA","BSU_24040","BSU_24050","subtiwiki","224308.BSU24040/224308.BSU24050","physical","txid224308"
"BSU_24040","BSU_40440","BkdAB","DnaC","bkdAB","BSU_40440","BkdAB","DnaC","BSU_24040","BSU_40440","string-db","224308.BSU40440/224308.BSU24040","physical","txid224308"
"BSU_24040","BSU_24060","BkdAB","LpdV","bkdAB","lpdV","BkdAB","LpdV","BSU_24040","BSU_24060","subtiwiki","224308.BSU24040/224308.BSU24060","physical","txid224308"
"BSU_19370","BSU_33040","OdhA","FumC","odhA","citG","OdhA","CitG","BSU_19370","BSU_33040","string-db","224308.BSU33040/224308.BSU19370","physical","txid224308"
"BSU_19370","BSU_24060","OdhA","LpdV","odhA","lpdV","OdhA","LpdV","BSU_19370","BSU_24060","string-db","224308.BSU24060/224308.BSU19370","physical","txid224308"
"BSU_24550","BSU_32800","GcvPB","GcvH","gcvPB","BSU_32800","GcvPB","GcvH","BSU_24550","BSU_32800","string-db","224308.BSU32800/224308.BSU24550","physical","txid224308"
"BSU_24550","BSU_24560","GcvPB","GcvPA","gcvPB","gcvPA","GcvPB","GcvPA","BSU_24550","BSU_24560","subtiwiki","224308.BSU24550/224308.BSU24560","physical","txid224308"
"BSU_24550","BSU_24570","GcvPB","GcvT","gcvPB","gcvT","GcvPB","GcvT","BSU_24550","BSU_24570","string-db","224308.BSU24570/224308.BSU24550","physical","txid224308"
"BSU_32800","BSU_37640","GcvH","LipL","BSU_32800","BSU_37640","GcvH","LipL","BSU_32800","BSU_37640","subtiwiki","224308.BSU32800/224308.BSU37640","physical","txid224308"
"BSU_32800","BSU_10250","GcvH","LplJ","BSU_32800","BSU_10250","GcvH","LplJ","BSU_32800","BSU_10250","subtiwiki","224308.BSU32800/224308.BSU10250","physical","txid224308"
"BSU_24030","BSU_24050","BkdB","BkdAA","bkdB","bkdAA","BkdB","BkdAA","BSU_24030","BSU_24050","subtiwiki","224308.BSU24030/224308.BSU24050","physical","txid224308"
"BSU_24030","BSU_24060","BkdB","LpdV","bkdB","lpdV","BkdB","LpdV","BSU_24030","BSU_24060","subtiwiki","224308.BSU24030/224308.BSU24060","physical","txid224308"
"BSU_24030","BSU_34360","BkdB","EpsB","bkdB","epsB","BkdB","EpsB","BSU_24030","BSU_34360","string-db","224308.BSU34360/224308.BSU24030","physical","txid224308"
"BSU_24030","BSU_24040","BkdB","BkdAB","bkdB","bkdAB","BkdB","BkdAB","BSU_24030","BSU_24040","subtiwiki","224308.BSU24030/224308.BSU24040","physical","txid224308"
"BSU_24030","BSU_37640","BkdB","LipL","bkdB","BSU_37640","BkdB","LipL","BSU_24030","BSU_37640","subtiwiki","224308.BSU24030/224308.BSU37640","physical","txid224308"
"BSU_08200","BSU_02350","MalP","GamP","malP","gamP","MalP","GamP","BSU_08200","BSU_02350","subtiwiki","224308.BSU08200/224308.BSU02350","physical","txid224308"
"BSU_08200","BSU_13890","MalP","PtsG","malP","ptsG","MalP","PtsG","BSU_08200","BSU_13890","subtiwiki","224308.BSU08200/224308.BSU13890","physical","txid224308"
"BSU_08200","BSU_22230","MalP","YpqE","malP","ptsA","MalP","PtsA","BSU_08200","BSU_22230","subtiwiki","224308.BSU08200/224308.BSU22230","physical","txid224308"
"BSU_08200","BSU_40120","MalP","YyzE","malP","BSU_40120","MalP","YyzE","BSU_08200","BSU_40120","string-db","224308.BSU40120/224308.BSU08200","physical","txid224308"
"BSU_08450","BSU_08460","YfiZ","YfhA","yfiZ","yfhA","YfiZ","YfhA","BSU_08450","BSU_08460","subtiwiki","224308.BSU08460/224308.BSU08450","physical","txid224308"
"BSU_08460","BSU_32940","YfhA","YusV","yfhA","yusV","YfhA","YusV","BSU_08460","BSU_32940","subtiwiki","224308.BSU08460/224308.BSU32940","physical","txid224308"
"BSU_08460","BSU_08440","YfhA","YfiY","yfhA","yfiY","YfhA","YfiY","BSU_08460","BSU_08440","subtiwiki","224308.BSU08460/224308.BSU08440","physical","txid224308"
"BSU_08470","BSU_19400","YfhB","SodC","BSU_08470","BSU_19400","YfhB","SodC","BSU_08470","BSU_19400","string-db","224308.BSU19400/224308.BSU08470","physical","txid224308"
"BSU_08520","BSU_22310","RecX","RecU","BSU_08520","recU","RecX","RecU","BSU_08520","BSU_22310","string-db","224308.BSU22310/224308.BSU08520","physical","txid224308"
"BSU_08650","BSU_04060","FabL","YcsG","fabL","ycsG","FabL","YcsG","BSU_08650","BSU_04060","subtiwiki","224308.BSU08650/224308.BSU04060","physical","txid224308"
"BSU_08650","BSU_29740","FabL","CcpA","fabL","ccpA","FabL","CcpA","BSU_08650","BSU_29740","string-db","224308.BSU29740/224308.BSU08650","physical","txid224308"
"BSU_08650","BSU_11720","FabL","FabI","fabL","fabI","FabL","FabI","BSU_08650","BSU_11720","string-db","224308.BSU11720/224308.BSU08650","physical","txid224308"
"BSU_11720","BSU_16870","FabI","YmfI","fabI","BSU_16870","FabI","YmfI","BSU_11720","BSU_16870","string-db","224308.BSU16870/224308.BSU11720","physical","txid224308"
"BSU_11720","BSU_15910","FabI","FabG","fabI","fabG","FabI","FabG","BSU_11720","BSU_15910","string-db","224308.BSU15910/224308.BSU11720","physical","txid224308"
"BSU_11720","BSU_29420","FabI","YtkK","fabI","ytkK","FabI","YtkK","BSU_11720","BSU_29420","string-db","224308.BSU29420/224308.BSU11720","physical","txid224308"
"BSU_11720","BSU_15900","FabI","FabD","fabI","fabD","FabI","FabD","BSU_11720","BSU_15900","string-db","224308.BSU15900/224308.BSU11720","physical","txid224308"
"BSU_11720","BSU_29740","FabI","CcpA","fabI","ccpA","FabI","CcpA","BSU_11720","BSU_29740","string-db","224308.BSU29740/224308.BSU11720","physical","txid224308"
"BSU_08710","BSU_28120","GsaB","HemL","BSU_08710","hemL","GsaB","HemL","BSU_08710","BSU_28120","string-db","224308.BSU28120/224308.BSU08710","physical","txid224308"
"BSU_08760","BSU_29740","Spo0M","CcpA","spo0M","ccpA","Spo0M","CcpA","BSU_08760","BSU_29740","string-db","224308.BSU29740/224308.BSU08760","physical","txid224308"
"BSU_08820","BSU_12420","KatA","YjoB","katA","yjoB","KatA","YjoB","BSU_08820","BSU_12420","subtiwiki","224308.BSU08820/224308.BSU12420","physical","txid224308"
"BSU_08820","BSU_39050","KatA","KatE","katA","katE","KatA","KatE","BSU_08820","BSU_39050","string-db","224308.BSU39050/224308.BSU08820","physical","txid224308"
"BSU_08820","BSU_38630","KatA","KatX","katA","katX","KatA","KatX","BSU_08820","BSU_38630","string-db","224308.BSU38630/224308.BSU08820","physical","txid224308"
"BSU_38630","BSU_39050","KatX","KatE","katX","katE","KatX","KatE","BSU_38630","BSU_39050","string-db","224308.BSU39050/224308.BSU38630","physical","txid224308"
"BSU_08830","BSU_08850","SsuB","SsuC","ssuB","ssuC","SsuB","SsuC","BSU_08830","BSU_08850","subtiwiki","224308.BSU08830/224308.BSU08850","physical","txid224308"
"BSU_08830","BSU_08840","SsuB","SsuA","ssuB","ssuA","SsuB","SsuA","BSU_08830","BSU_08840","subtiwiki","224308.BSU08830/224308.BSU08840","physical","txid224308"
"BSU_08840","BSU_08850","SsuA","SsuC","ssuA","ssuC","SsuA","SsuC","BSU_08840","BSU_08850","subtiwiki","224308.BSU08850/224308.BSU08840","physical","txid224308"
"BSU_08940","BSU_24300","YhbD","XseA","BSU_08940","BSU_24300","YhbD","XseA","BSU_08940","BSU_24300","string-db","224308.BSU24300/224308.BSU08940","physical","txid224308"
"BSU_09100","BSU_16490","CspB","RpsB","cspB","rpsB","CspB","RpsB","BSU_09100","BSU_16490","subtiwiki","224308.BSU09100/224308.BSU16490","physical","txid224308"
"BSU_09100","BSU_25140","CspB","CshB","cspB","BSU_25140","CspB","CshB","BSU_09100","BSU_25140","subtiwiki","224308.BSU09100/224308.BSU25140","physical","txid224308"
"BSU_09100","BSU_04580","CspB","CshA","cspB","BSU_04580","CspB","CshA","BSU_09100","BSU_04580","subtiwiki","224308.BSU09100/224308.BSU04580","physical","txid224308"
"BSU_09100","BSU_15830","CspB","YloU","cspB","BSU_15830","CspB","YloU","BSU_09100","BSU_15830","string-db","224308.BSU15830/224308.BSU09100","physical","txid224308"
"BSU_09100","BSU_24330","CspB","YqhY","cspB","BSU_24330","CspB","YqhY","BSU_09100","BSU_24330","string-db","224308.BSU24330/224308.BSU09100","physical","txid224308"
"BSU_09110","BSU_32750","YhcJ","MetN","BSU_09110","metN","YhcJ","MetN","BSU_09110","BSU_32750","string-db","224308.BSU32750/224308.BSU09110","physical","txid224308"
"BSU_09110","BSU_32740","YhcJ","MetP","BSU_09110","metP","YhcJ","MetP","BSU_09110","BSU_32740","string-db","224308.BSU32740/224308.BSU09110","physical","txid224308"
"BSU_09110","BSU_32730","YhcJ","MetQ","BSU_09110","metQ","YhcJ","MetQ","BSU_09110","BSU_32730","string-db","224308.BSU32730/224308.BSU09110","physical","txid224308"
"BSU_32740","BSU_32750","MetP","MetN","metP","metN","MetP","MetN","BSU_32740","BSU_32750","subtiwiki","224308.BSU32750/224308.BSU32740","physical","txid224308"
"BSU_32730","BSU_23560","MetQ","MleN","metQ","mleN","MetQ","MleN","BSU_32730","BSU_23560","subtiwiki","224308.BSU32730/224308.BSU23560","physical","txid224308"
"BSU_32730","BSU_38850","MetQ","YxkC","metQ","yxkC","MetQ","YxkC","BSU_32730","BSU_38850","subtiwiki","224308.BSU32730/224308.BSU38850","physical","txid224308"
"BSU_32730","BSU_35700","MetQ","TagH","metQ","tagH","MetQ","TagH","BSU_32730","BSU_35700","subtiwiki","224308.BSU32730/224308.BSU35700","physical","txid224308"
"BSU_32730","BSU_13950","MetQ","McpC","metQ","mcpC","MetQ","McpC","BSU_32730","BSU_13950","subtiwiki","224308.BSU32730/224308.BSU13950","physical","txid224308"
"BSU_32730","BSU_32750","MetQ","MetN","metQ","metN","MetQ","MetN","BSU_32730","BSU_32750","subtiwiki","224308.BSU32730/224308.BSU32750","physical","txid224308"
"BSU_32730","BSU_32740","MetQ","MetP","metQ","metP","MetQ","MetP","BSU_32730","BSU_32740","subtiwiki","224308.BSU32730/224308.BSU32740","physical","txid224308"
"BSU_09180","BSU_39940","YhcQ","YxaL","yhcQ","yxaL","YhcQ","YxaL","BSU_09180","BSU_39940","string-db","224308.BSU39940/224308.BSU09180","physical","txid224308"
"BSU_09300","BSU_22830","GlpD","GpsA","glpD","BSU_22830","GlpD","GpsA","BSU_09300","BSU_22830","string-db","224308.BSU22830/224308.BSU09300","physical","txid224308"
"BSU_09300","BSU_28190","GlpD","YsxC","glpD","ysxC","GlpD","YsxC","BSU_09300","BSU_28190","string-db","224308.BSU28190/224308.BSU09300","physical","txid224308"
"BSU_09300","BSU_27700","GlpD","YrbF","glpD","BSU_27700","GlpD","YrbF","BSU_09300","BSU_27700","subtiwiki","224308.BSU09300/224308.BSU27700","physical","txid224308"
"BSU_09300","BSU_02980","GlpD","OpuAA","glpD","opuAA","GlpD","OpuAA","BSU_09300","BSU_02980","subtiwiki","224308.BSU09300/224308.BSU02980","physical","txid224308"
"BSU_09300","BSU_22350","GlpD","DnaD","glpD","BSU_22350","GlpD","DnaD","BSU_09300","BSU_22350","subtiwiki","224308.BSU09300/224308.BSU22350","physical","txid224308"
"BSU_09300","BSU_07800","GlpD","TreP","glpD","treP","GlpD","TreP","BSU_09300","BSU_07800","subtiwiki","224308.BSU09300/224308.BSU07800","physical","txid224308"
"BSU_09310","BSU_29740","PgcA","CcpA","BSU_09310","ccpA","PgcA","CcpA","BSU_09310","BSU_29740","string-db","224308.BSU29740/224308.BSU09310","physical","txid224308"
"BSU_09310","BSU_17460","PgcA","GlnA","BSU_09310","glnA","PgcA","GlnA","BSU_09310","BSU_17460","string-db","224308.BSU17460/224308.BSU09310","physical","txid224308"
"BSU_09310","BSU_23500","PgcA","Drm","BSU_09310","drm","PgcA","Drm","BSU_09310","BSU_23500","string-db","224308.BSU23500/224308.BSU09310","physical","txid224308"
"BSU_09320","BSU_09330","YhcY","YhcZ","yhcY","yhcZ","YhcY","YhcZ","BSU_09320","BSU_09330","subtiwiki","224308.BSU09320/224308.BSU09330","physical","txid224308"
"BSU_09320","BSU_23220","YhcY","ScpA","yhcY","scpA","YhcY","ScpA","BSU_09320","BSU_23220","string-db","224308.BSU23220/224308.BSU09320","physical","txid224308"
"BSU_09380","BSU_19400","NsrR","SodC","nsrR","BSU_19400","NsrR","SodC","BSU_09380","BSU_19400","string-db","224308.BSU19400/224308.BSU09380","physical","txid224308"
"BSU_09420","BSU_15290","LytE","FtsZ","lytE","ftsZ","LytE","FtsZ","BSU_09420","BSU_15290","subtiwiki","224308.BSU09420/224308.BSU15290","physical","txid224308"
"BSU_09420","BSU_15160","LytE","PbpB","lytE","BSU_15160","LytE","PbpB","BSU_09420","BSU_15160","subtiwiki","224308.BSU09420/224308.BSU15160","physical","txid224308"
"BSU_09420","BSU_14470","LytE","MreBH","lytE","mreBH","LytE","MreBH","BSU_09420","BSU_14470","subtiwiki","224308.BSU09420/224308.BSU14470","physical","txid224308"
"BSU_09420","BSU_28030","LytE","MreB","lytE","mreB","LytE","MreB","BSU_09420","BSU_28030","string-db","224308.BSU28030/224308.BSU09420","physical","txid224308"
"BSU_14470","BSU_36410","MreBH","Mbl","mreBH","mbl","MreBH","Mbl","BSU_14470","BSU_36410","subtiwiki","224308.BSU14470/224308.BSU36410","physical","txid224308"
"BSU_14470","BSU_16910","MreBH","RodZ","mreBH","BSU_16910","MreBH","RodZ","BSU_14470","BSU_16910","subtiwiki","224308.BSU14470/224308.BSU16910","physical","txid224308"
"BSU_14470","BSU_28020","MreBH","MreC","mreBH","mreC","MreBH","MreC","BSU_14470","BSU_28020","subtiwiki","224308.BSU14470/224308.BSU28020","physical","txid224308"
"BSU_14470","BSU_38120","MreBH","RodA","mreBH","rodA","MreBH","RodA","BSU_14470","BSU_38120","subtiwiki","224308.BSU14470/224308.BSU38120","physical","txid224308"
"BSU_14470","BSU_27310","MreBH","PbpI","mreBH","pbpI","MreBH","PbpI","BSU_14470","BSU_27310","subtiwiki","224308.BSU14470/224308.BSU27310","physical","txid224308"
"BSU_14470","BSU_13980","MreBH","PbpH","mreBH","pbpH","MreBH","PbpH","BSU_14470","BSU_13980","subtiwiki","224308.BSU14470/224308.BSU13980","physical","txid224308"
"BSU_14470","BSU_04140","MreBH","PbpC","mreBH","BSU_04140","MreBH","PbpC","BSU_14470","BSU_04140","subtiwiki","224308.BSU14470/224308.BSU04140","physical","txid224308"
"BSU_14470","BSU_28030","MreBH","MreB","mreBH","mreB","MreBH","MreB","BSU_14470","BSU_28030","subtiwiki","224308.BSU14470/224308.BSU28030","physical","txid224308"
"BSU_09440","BSU_18000","CitA","CitB","citA","citB","CitA","CitB","BSU_09440","BSU_18000","string-db","224308.BSU18000/224308.BSU09440","physical","txid224308"
"BSU_09440","BSU_24140","CitA","MmgD","citA","mmgD","CitA","MmgD","BSU_09440","BSU_24140","string-db","224308.BSU24140/224308.BSU09440","physical","txid224308"
"BSU_09440","BSU_29140","CitA","CitZ","citA","citZ","CitA","CitZ","BSU_09440","BSU_29140","string-db","224308.BSU29140/224308.BSU09440","physical","txid224308"
"BSU_09440","BSU_29130","CitA","Icd","citA","icd","CitA","Icd","BSU_09440","BSU_29130","string-db","224308.BSU29130/224308.BSU09440","physical","txid224308"
"BSU_29140","BSU_29740","CitZ","CcpA","citZ","ccpA","CitZ","CcpA","BSU_29140","BSU_29740","string-db","224308.BSU29740/224308.BSU29140","physical","txid224308"
"BSU_18000","BSU_24140","CitB","MmgD","citB","mmgD","CitB","MmgD","BSU_18000","BSU_24140","string-db","224308.BSU24140/224308.BSU18000","physical","txid224308"
"BSU_18000","BSU_29740","CitB","CcpA","citB","ccpA","CitB","CcpA","BSU_18000","BSU_29740","string-db","224308.BSU29740/224308.BSU18000","physical","txid224308"
"BSU_18000","BSU_29140","CitB","CitZ","citB","citZ","CitB","CitZ","BSU_18000","BSU_29140","string-db","224308.BSU29140/224308.BSU18000","physical","txid224308"
"BSU_29130","BSU_29740","Icd","CcpA","icd","ccpA","Icd","CcpA","BSU_29130","BSU_29740","string-db","224308.BSU29740/224308.BSU29130","physical","txid224308"
"BSU_29130","BSU_29140","Icd","CitZ","icd","citZ","Icd","CitZ","BSU_29130","BSU_29140","subtiwiki","224308.BSU29140/224308.BSU29130","physical","txid224308"
"BSU_29130","BSU_18000","Icd","CitB","icd","citB","Icd","CitB","BSU_29130","BSU_18000","subtiwiki","224308.BSU29130/224308.BSU18000","physical","txid224308"
"BSU_24140","BSU_29140","MmgD","CitZ","mmgD","citZ","MmgD","CitZ","BSU_24140","BSU_29140","string-db","224308.BSU29140/224308.BSU24140","physical","txid224308"
"BSU_24140","BSU_29130","MmgD","Icd","mmgD","icd","MmgD","Icd","BSU_24140","BSU_29130","string-db","224308.BSU29130/224308.BSU24140","physical","txid224308"
"BSU_09500","BSU_09510","YhdK","YhdL","yhdK","yhdL","YhdK","YhdL","BSU_09500","BSU_09510","subtiwiki","224308.BSU09500/224308.BSU09510","physical","txid224308"
"BSU_09510","BSU_09520","YhdL","SigM","yhdL","sigM","YhdL","SigM","BSU_09510","BSU_09520","subtiwiki","224308.BSU09520/224308.BSU09510","physical","txid224308"
"BSU_09520","BSU_01080","SigM","RpoC","sigM","rpoC","SigM","RpoC","BSU_09520","BSU_01080","subtiwiki","224308.BSU09520/224308.BSU01080","physical","txid224308"
"BSU_09520","BSU_01070","SigM","RpoB","sigM","rpoB","SigM","RpoB","BSU_09520","BSU_01070","subtiwiki","224308.BSU09520/224308.BSU01070","physical","txid224308"
"BSU_09570","BSU_22620","YhdR","HisC","BSU_09570","hisC","YhdR","HisC","BSU_09570","BSU_22620","string-db","224308.BSU22620/224308.BSU09570","physical","txid224308"
"BSU_09570","BSU_18440","YhdR","GltB","BSU_09570","gltB","YhdR","GltB","BSU_09570","BSU_18440","string-db","224308.BSU18440/224308.BSU09570","physical","txid224308"
"BSU_09570","BSU_22370","YhdR","AspB","BSU_09570","BSU_22370","YhdR","AspB","BSU_09570","BSU_22370","string-db","224308.BSU22370/224308.BSU09570","physical","txid224308"
"BSU_09570","BSU_37790","YhdR","RocG","BSU_09570","rocG","YhdR","RocG","BSU_09570","BSU_37790","string-db","224308.BSU37790/224308.BSU09570","physical","txid224308"
"BSU_09570","BSU_22960","YhdR","GudB","BSU_09570","gudB","YhdR","GudB","BSU_09570","BSU_22960","string-db","224308.BSU22960/224308.BSU09570","physical","txid224308"
"BSU_09570","BSU_18450","YhdR","GltA","BSU_09570","gltA","YhdR","GltA","BSU_09570","BSU_18450","string-db","224308.BSU18450/224308.BSU09570","physical","txid224308"
"BSU_09570","BSU_09670","YhdR","Dat","BSU_09570","BSU_09670","YhdR","Dat","BSU_09570","BSU_09670","string-db","224308.BSU09670/224308.BSU09570","physical","txid224308"
"BSU_09670","BSU_32630","Dat","YurR","BSU_09670","BSU_32630","Dat","YurR","BSU_09670","BSU_32630","string-db","224308.BSU32630/224308.BSU09670","physical","txid224308"
"BSU_09670","BSU_22370","Dat","AspB","BSU_09670","BSU_22370","Dat","AspB","BSU_09670","BSU_22370","string-db","224308.BSU22370/224308.BSU09670","physical","txid224308"
"BSU_22620","BSU_22630","HisC","TrpA","hisC","trpA","HisC","TrpA","BSU_22620","BSU_22630","string-db","224308.BSU22630/224308.BSU22620","physical","txid224308"
"BSU_22620","BSU_29740","HisC","CcpA","hisC","ccpA","HisC","CcpA","BSU_22620","BSU_29740","string-db","224308.BSU29740/224308.BSU22620","physical","txid224308"
"BSU_22960","BSU_37790","GudB","RocG","gudB","rocG","GudB","RocG","BSU_22960","BSU_37790","string-db","224308.BSU37790/224308.BSU22960","physical","txid224308"
"BSU_22960","BSU_29740","GudB","CcpA","gudB","ccpA","GudB","CcpA","BSU_22960","BSU_29740","string-db","224308.BSU29740/224308.BSU22960","physical","txid224308"
"BSU_18440","BSU_22370","GltB","AspB","gltB","BSU_22370","GltB","AspB","BSU_18440","BSU_22370","string-db","224308.BSU22370/224308.BSU18440","physical","txid224308"
"BSU_18440","BSU_22960","GltB","GudB","gltB","gudB","GltB","GudB","BSU_18440","BSU_22960","string-db","224308.BSU22960/224308.BSU18440","physical","txid224308"
"BSU_18440","BSU_37790","GltB","RocG","gltB","rocG","GltB","RocG","BSU_18440","BSU_37790","string-db","224308.BSU37790/224308.BSU18440","physical","txid224308"
"BSU_18440","BSU_18450","GltB","GltA","gltB","gltA","GltB","GltA","BSU_18440","BSU_18450","subtiwiki","224308.BSU18450/224308.BSU18440","physical","txid224308"
"BSU_18440","BSU_29740","GltB","CcpA","gltB","ccpA","GltB","CcpA","BSU_18440","BSU_29740","string-db","224308.BSU29740/224308.BSU18440","physical","txid224308"
"BSU_18450","BSU_22370","GltA","AspB","gltA","BSU_22370","GltA","AspB","BSU_18450","BSU_22370","string-db","224308.BSU22370/224308.BSU18450","physical","txid224308"
"BSU_18450","BSU_29740","GltA","CcpA","gltA","ccpA","GltA","CcpA","BSU_18450","BSU_29740","string-db","224308.BSU29740/224308.BSU18450","physical","txid224308"
"BSU_18450","BSU_22960","GltA","GudB","gltA","gudB","GltA","GudB","BSU_18450","BSU_22960","subtiwiki","224308.BSU18450/224308.BSU22960","physical","txid224308"
"BSU_18450","BSU_37790","GltA","RocG","gltA","rocG","GltA","RocG","BSU_18450","BSU_37790","string-db","224308.BSU37790/224308.BSU18450","physical","txid224308"
"BSU_18450","BSU_29130","GltA","Icd","gltA","icd","GltA","Icd","BSU_18450","BSU_29130","subtiwiki","224308.BSU18450/224308.BSU29130","physical","txid224308"
"BSU_22370","BSU_29740","AspB","CcpA","BSU_22370","ccpA","AspB","CcpA","BSU_22370","BSU_29740","string-db","224308.BSU29740/224308.BSU22370","physical","txid224308"
"BSU_22370","BSU_37790","AspB","RocG","BSU_22370","rocG","AspB","RocG","BSU_22370","BSU_37790","string-db","224308.BSU37790/224308.BSU22370","physical","txid224308"
"BSU_22370","BSU_22960","AspB","GudB","BSU_22370","gudB","AspB","GudB","BSU_22370","BSU_22960","string-db","224308.BSU22960/224308.BSU22370","physical","txid224308"
"BSU_22370","BSU_22620","AspB","HisC","BSU_22370","hisC","AspB","HisC","BSU_22370","BSU_22620","string-db","224308.BSU22620/224308.BSU22370","physical","txid224308"
"BSU_09710","BSU_09720","YheI","YheH","bmrC","bmrD","BmrC","BmrD","BSU_09710","BSU_09720","subtiwiki","224308.BSU09710/224308.BSU09720","physical","txid224308"
"BSU_09750","BSU_28220","SspB","ClpX","sspB","clpX","SspB","ClpX","BSU_09750","BSU_28220","string-db","224308.BSU28220/224308.BSU09750","physical","txid224308"
"BSU_09830","BSU_15810","YhaX","SpoVM","yhaX","spoVM","YhaX","SpoVM","BSU_09830","BSU_15810","string-db","224308.BSU15810/224308.BSU09830","physical","txid224308"
"BSU_09830","BSU_28110","YhaX","SpoVID","yhaX","spoVID","YhaX","SpoVID","BSU_09830","BSU_28110","string-db","224308.BSU28110/224308.BSU09830","physical","txid224308"
"BSU_15810","BSU_28110","SpoVM","SpoVID","spoVM","spoVID","SpoVM","SpoVID","BSU_15810","BSU_28110","subtiwiki","224308.BSU28110/224308.BSU15810","physical","txid224308"
"BSU_09840","BSU_25500","HemZ","HemN","hemZ","hemN","HemZ","HemN","BSU_09840","BSU_25500","string-db","224308.BSU25500/224308.BSU09840","physical","txid224308"
"BSU_16460","BSU_31240","CheD","McpA","cheD","mcpA","CheD","McpA","BSU_16460","BSU_31240","subtiwiki","224308.BSU16460/224308.BSU31240","physical","txid224308"
"BSU_16460","BSU_31260","CheD","McpB","cheD","mcpB","CheD","McpB","BSU_16460","BSU_31260","subtiwiki","224308.BSU16460/224308.BSU31260","physical","txid224308"
"BSU_15850","BSU_21770","SdaAB","IlvA","BSU_15850","ilvA","SdaAB","IlvA","BSU_15850","BSU_21770","string-db","224308.BSU21770/224308.BSU15850","physical","txid224308"
"BSU_15850","BSU_15860","SdaAB","SdaAA","BSU_15850","BSU_15860","SdaAB","SdaAA","BSU_15850","BSU_15860","subtiwiki","224308.BSU15860/224308.BSU15850","physical","txid224308"
"BSU_09910","BSU_09920","YhaO","SbcE","yhaO","sbcE","YhaO","SbcE","BSU_09910","BSU_09920","string-db","224308.BSU09920/224308.BSU09910","physical","txid224308"
"BSU_09930","BSU_20480","YhaM","YoqX","yhaM","BSU_20480","YhaM","YoqX","BSU_09930","BSU_20480","string-db","224308.BSU20480/224308.BSU09930","physical","txid224308"
"BSU_09930","BSU_40440","YhaM","DnaC","yhaM","BSU_40440","YhaM","DnaC","BSU_09930","BSU_40440","subtiwiki","224308.BSU40440/224308.BSU09930","physical","txid224308"
"BSU_09930","BSU_30150","YhaM","YtdP","yhaM","BSU_30150","YhaM","YtdP","BSU_09930","BSU_30150","string-db","224308.BSU30150/224308.BSU09930","physical","txid224308"
"BSU_09930","BSU_37240","YhaM","YwiE","yhaM","ywiE","YhaM","YwiE","BSU_09930","BSU_37240","string-db","224308.BSU37240/224308.BSU09930","physical","txid224308"
"BSU_09940","BSU_40960","YhaL","ParB","yhaL","parB","YhaL","ParB","BSU_09940","BSU_40960","string-db","224308.BSU40960/224308.BSU09940","physical","txid224308"
"BSU_09950","BSU_10160","PrsA","YhgE","BSU_09950","BSU_10160","PrsA","YhgE","BSU_09950","BSU_10160","subtiwiki","224308.BSU09950/224308.BSU10160","physical","txid224308"
"BSU_09950","BSU_15160","PrsA","PbpB","BSU_09950","BSU_15160","PrsA","PbpB","BSU_09950","BSU_15160","subtiwiki","224308.BSU09950/224308.BSU15160","physical","txid224308"
"BSU_09950","BSU_40440","PrsA","DnaC","BSU_09950","BSU_40440","PrsA","DnaC","BSU_09950","BSU_40440","string-db","224308.BSU40440/224308.BSU09950","physical","txid224308"
"BSU_09950","BSU_29740","PrsA","CcpA","BSU_09950","ccpA","PrsA","CcpA","BSU_09950","BSU_29740","string-db","224308.BSU29740/224308.BSU09950","physical","txid224308"
"BSU_09950","BSU_15280","PrsA","FtsA","BSU_09950","ftsA","PrsA","FtsA","BSU_09950","BSU_15280","string-db","224308.BSU15280/224308.BSU09950","physical","txid224308"
"BSU_09980","BSU_24300","YhaI","XseA","BSU_09980","BSU_24300","YhaI","XseA","BSU_09980","BSU_24300","string-db","224308.BSU24300/224308.BSU09980","physical","txid224308"
"BSU_29180","BSU_35190","Pyk","YvkC","BSU_29180","BSU_35190","Pyk","YvkC","BSU_29180","BSU_35190","string-db","224308.BSU35190/224308.BSU29180","physical","txid224308"
"BSU_29180","BSU_29740","Pyk","CcpA","BSU_29180","ccpA","Pyk","CcpA","BSU_29180","BSU_29740","string-db","224308.BSU29740/224308.BSU29180","physical","txid224308"
"BSU_24610","BSU_31450","SinR","KinB","sinR","kinB","SinR","KinB","BSU_24610","BSU_31450","string-db","224308.BSU31450/224308.BSU24610","physical","txid224308"
"BSU_24610","BSU_34380","SinR","SlrR","sinR","slrR","SinR","SlrR","BSU_24610","BSU_34380","subtiwiki","224308.BSU24610/224308.BSU34380","physical","txid224308"
"BSU_24610","BSU_38229","SinR","SlrA","sinR","slrA","SinR","SlrA","BSU_24610","BSU_38229","subtiwiki","224308.BSU24610/224308.BSU38229","physical","txid224308"
"BSU_10000","BSU_36260","YhaH","YwqC","BSU_10000","tkmA","YhaH","TkmA","BSU_10000","BSU_36260","string-db","224308.BSU36260/224308.BSU10000","physical","txid224308"
"BSU_10170","BSU_11330","FabHB","FabHA","fabHB","fabHA","FabHB","FabHA","BSU_10170","BSU_11330","string-db","224308.BSU11330/224308.BSU10170","physical","txid224308"
"BSU_10250","BSU_29740","LplJ","CcpA","BSU_10250","ccpA","LplJ","CcpA","BSU_10250","BSU_29740","string-db","224308.BSU29740/224308.BSU10250","physical","txid224308"
"BSU_10270","BSU_28560","LcfB","LcfA","lcfB","lcfA","LcfB","LcfA","BSU_10270","BSU_28560","string-db","224308.BSU28560/224308.BSU10270","physical","txid224308"
"BSU_10270","BSU_10360","LcfB","YhfT","lcfB","yhfT","LcfB","YhfT","BSU_10270","BSU_10360","string-db","224308.BSU10360/224308.BSU10270","physical","txid224308"
"BSU_10360","BSU_28560","YhfT","LcfA","yhfT","lcfA","YhfT","LcfA","BSU_10360","BSU_28560","string-db","224308.BSU28560/224308.BSU10360","physical","txid224308"
"BSU_10350","BSU_24170","YhfS","MmgA","yhfS","mmgA","YhfS","MmgA","BSU_10350","BSU_24170","string-db","224308.BSU24170/224308.BSU10350","physical","txid224308"
"BSU_10350","BSU_32830","YhfS","FadA","yhfS","fadA","YhfS","FadA","BSU_10350","BSU_32830","string-db","224308.BSU32830/224308.BSU10350","physical","txid224308"
"BSU_24170","BSU_32830","MmgA","FadA","mmgA","fadA","MmgA","FadA","BSU_24170","BSU_32830","string-db","224308.BSU32830/224308.BSU24170","physical","txid224308"
"BSU_23050","BSU_01470","FmnP","EcfT","ribU","BSU_01470","RibU","YbaF","BSU_23050","BSU_01470","subtiwiki","224308.BSU23050/224308.BSU01470","physical","txid224308"
"BSU_23050","BSU_30990","FmnP","ThiT","ribU","thiT","RibU","ThiT","BSU_23050","BSU_30990","string-db","224308.BSU30990/224308.BSU23050","physical","txid224308"
"BSU_10380","BSU_31250","HemAT","TlpA","hemAT","tlpA","HemAT","TlpA","BSU_10380","BSU_31250","string-db","224308.BSU31250/224308.BSU10380","physical","txid224308"
"BSU_10380","BSU_31240","HemAT","McpA","hemAT","mcpA","HemAT","McpA","BSU_10380","BSU_31240","string-db","224308.BSU31240/224308.BSU10380","physical","txid224308"
"BSU_10570","BSU_13050","YhjN","YkzH","BSU_10570","BSU_13050","YhjN","YkzH","BSU_10570","BSU_13050","string-db","224308.BSU13050/224308.BSU10570","physical","txid224308"
"BSU_10570","BSU_24290","YhjN","XseB","BSU_10570","BSU_24290","YhjN","XseB","BSU_10570","BSU_24290","string-db","224308.BSU24290/224308.BSU10570","physical","txid224308"
"BSU_13050","BSU_41020","YkzH","MnmE","BSU_13050","thdF","YkzH","ThdF","BSU_13050","BSU_41020","string-db","224308.BSU41020/224308.BSU13050","physical","txid224308"
"BSU_13050","BSU_33020","YkzH","CssS","BSU_13050","cssS","YkzH","CssS","BSU_13050","BSU_33020","string-db","224308.BSU33020/224308.BSU13050","physical","txid224308"
"BSU_13050","BSU_28610","YkzH","YshA","BSU_13050","BSU_28610","YkzH","ZapA","BSU_13050","BSU_28610","string-db","224308.BSU28610/224308.BSU13050","physical","txid224308"
"BSU_10640","BSU_10650","SbcD","SbcC","sbcD","sbcC","SbcD","SbcC","BSU_10640","BSU_10650","string-db","224308.BSU10650/224308.BSU10640","physical","txid224308"
"BSU_10650","BSU_31240","SbcC","McpA","sbcC","mcpA","SbcC","McpA","BSU_10650","BSU_31240","string-db","224308.BSU31240/224308.BSU10650","physical","txid224308"
"BSU_10650","BSU_25210","SbcC","DnaG","sbcC","dnaG","SbcC","DnaG","BSU_10650","BSU_25210","string-db","224308.BSU25210/224308.BSU10650","physical","txid224308"
"BSU_10650","BSU_31250","SbcC","TlpA","sbcC","tlpA","SbcC","TlpA","BSU_10650","BSU_31250","string-db","224308.BSU31250/224308.BSU10650","physical","txid224308"
"BSU_19510","BSU_33030","YojB","YuxN","BSU_19510","yuxN","YojB","YuxN","BSU_19510","BSU_33030","string-db","224308.BSU33030/224308.BSU19510","physical","txid224308"
"BSU_19510","BSU_40360","YojB","HtrC","BSU_19510","htrC","YojB","HtrC","BSU_19510","BSU_40360","string-db","224308.BSU40360/224308.BSU19510","physical","txid224308"
"BSU_12420","BSU_26020","YjoB","YqbP","yjoB","BSU_26020","YjoB","YqbP","BSU_12420","BSU_26020","string-db","224308.BSU26020/224308.BSU12420","physical","txid224308"
"BSU_12420","BSU_29740","YjoB","CcpA","yjoB","ccpA","YjoB","CcpA","BSU_12420","BSU_29740","string-db","224308.BSU29740/224308.BSU12420","physical","txid224308"
"BSU_12420","BSU_21860","YjoB","BrxA","yjoB","BSU_21860","YjoB","BrxA","BSU_12420","BSU_21860","subtiwiki","224308.BSU12420/224308.BSU21860","physical","txid224308"
"BSU_33030","BSU_34810","YuxN","YvcD","yuxN","yvcD","YuxN","YvcD","BSU_33030","BSU_34810","string-db","224308.BSU34810/224308.BSU33030","physical","txid224308"
"BSU_33030","BSU_40370","YuxN","WalJ","yuxN","BSU_40370","YuxN","WalJ","BSU_33030","BSU_40370","string-db","224308.BSU40370/224308.BSU33030","physical","txid224308"
"BSU_25140","BSU_39110","CshB","DeaD","BSU_25140","BSU_39110","CshB","DeaD","BSU_25140","BSU_39110","subtiwiki","224308.BSU25140/224308.BSU39110","physical","txid224308"
"BSU_10780","BSU_35500","YisN","DegS","BSU_10780","degS","YisN","DegS","BSU_10780","BSU_35500","string-db","224308.BSU35500/224308.BSU10780","physical","txid224308"
"BSU_10780","BSU_25490","YisN","HrcA","BSU_10780","hrcA","YisN","HrcA","BSU_10780","BSU_25490","string-db","224308.BSU25490/224308.BSU10780","physical","txid224308"
"BSU_10780","BSU_25560","YisN","HolA","BSU_10780","BSU_25560","YisN","HolA","BSU_10780","BSU_25560","string-db","224308.BSU25560/224308.BSU10780","physical","txid224308"
"BSU_10850","BSU_31170","YisS","YulF","iolX","BSU_31170","YisS","YulF","BSU_10850","BSU_31170","string-db","224308.BSU31170/224308.BSU10850","physical","txid224308"
"BSU_10850","BSU_33530","YisS","YvaA","iolX","iolW","YisS","YvaA","BSU_10850","BSU_33530","string-db","224308.BSU33530/224308.BSU10850","physical","txid224308"
"BSU_31170","BSU_33530","YulF","YvaA","BSU_31170","iolW","YulF","YvaA","BSU_31170","BSU_33530","string-db","224308.BSU33530/224308.BSU31170","physical","txid224308"
"BSU_10910","BSU_15600","YisZ","CysC","yisZ","cysC","YisZ","CysC","BSU_10910","BSU_15600","string-db","224308.BSU15600/224308.BSU10910","physical","txid224308"
"BSU_10910","BSU_29250","YisZ","NrnA","yisZ","BSU_29250","YisZ","NrnA","BSU_10910","BSU_29250","string-db","224308.BSU29250/224308.BSU10910","physical","txid224308"
"BSU_15600","BSU_29250","CysC","NrnA","cysC","BSU_29250","CysC","NrnA","BSU_15600","BSU_29250","string-db","224308.BSU29250/224308.BSU15600","physical","txid224308"
"BSU_15600","BSU_29740","CysC","CcpA","cysC","ccpA","CysC","CcpA","BSU_15600","BSU_29740","string-db","224308.BSU29740/224308.BSU15600","physical","txid224308"
"BSU_10920","BSU_15590","YitA","Sat","yitA","sat","YitA","Sat","BSU_10920","BSU_15590","string-db","224308.BSU15590/224308.BSU10920","physical","txid224308"
"BSU_15590","BSU_15600","Sat","CysC","sat","cysC","Sat","CysC","BSU_15590","BSU_15600","string-db","224308.BSU15600/224308.BSU15590","physical","txid224308"
"BSU_15590","BSU_29740","Sat","CcpA","sat","ccpA","Sat","CcpA","BSU_15590","BSU_29740","string-db","224308.BSU29740/224308.BSU15590","physical","txid224308"
"BSU_15590","BSU_28000","Sat","MinC","sat","minC","Sat","MinC","BSU_15590","BSU_28000","string-db","224308.BSU28000/224308.BSU15590","physical","txid224308"
"BSU_10930","BSU_15570","YitB","CysH","yitB","cysH","YitB","CysH","BSU_10930","BSU_15570","string-db","224308.BSU15570/224308.BSU10930","physical","txid224308"
"BSU_11190","BSU_29740","ArgC","CcpA","argC","ccpA","ArgC","CcpA","BSU_11190","BSU_29740","string-db","224308.BSU29740/224308.BSU11190","physical","txid224308"
"BSU_11200","BSU_19710","ArgJ","YodQ","argJ","yodQ","ArgJ","YodQ","BSU_11200","BSU_19710","string-db","224308.BSU19710/224308.BSU11200","physical","txid224308"
"BSU_11200","BSU_29740","ArgJ","CcpA","argJ","ccpA","ArgJ","CcpA","BSU_11200","BSU_29740","string-db","224308.BSU29740/224308.BSU11200","physical","txid224308"
"BSU_11220","BSU_36190","ArgD","RttN","argD","BSU_36190","ArgD","YwqJ","BSU_11220","BSU_36190","string-db","224308.BSU36190/224308.BSU11220","physical","txid224308"
"BSU_11230","BSU_15510","CarA","PyrAA","carA","pyrAA","CarA","PyrAA","BSU_11230","BSU_15510","string-db","224308.BSU15510/224308.BSU11230","physical","txid224308"
"BSU_11230","BSU_11240","CarA","CarB","carA","carB","CarA","CarB","BSU_11230","BSU_11240","subtiwiki","224308.BSU11230/224308.BSU11240","physical","txid224308"
"BSU_11230","BSU_15520","CarA","PyrAB","carA","pyrAB","CarA","PyrAB","BSU_11230","BSU_15520","string-db","224308.BSU15520/224308.BSU11230","physical","txid224308"
"BSU_11240","BSU_15510","CarB","PyrAA","carB","pyrAA","CarB","PyrAA","BSU_11240","BSU_15510","string-db","224308.BSU15510/224308.BSU11240","physical","txid224308"
"BSU_11240","BSU_15520","CarB","PyrAB","carB","pyrAB","CarB","PyrAB","BSU_11240","BSU_15520","string-db","224308.BSU15520/224308.BSU11240","physical","txid224308"
"BSU_11240","BSU_29740","CarB","CcpA","carB","ccpA","CarB","CcpA","BSU_11240","BSU_29740","string-db","224308.BSU29740/224308.BSU11240","physical","txid224308"
"BSU_15510","BSU_15520","PyrAA","PyrAB","pyrAA","pyrAB","PyrAA","PyrAB","BSU_15510","BSU_15520","subtiwiki","224308.BSU15520/224308.BSU15510","physical","txid224308"
"BSU_11340","BSU_15920","FabF","AcpA","fabF","acpA","FabF","AcpA","BSU_11340","BSU_15920","string-db","224308.BSU15920/224308.BSU11340","physical","txid224308"
"BSU_11340","BSU_15900","FabF","FabD","fabF","fabD","FabF","FabD","BSU_11340","BSU_15900","string-db","224308.BSU15900/224308.BSU11340","physical","txid224308"
"BSU_15900","BSU_29740","FabD","CcpA","fabD","ccpA","FabD","CcpA","BSU_15900","BSU_29740","string-db","224308.BSU29740/224308.BSU15900","physical","txid224308"
"BSU_15900","BSU_15910","FabD","FabG","fabD","fabG","FabD","FabG","BSU_15900","BSU_15910","string-db","224308.BSU15910/224308.BSU15900","physical","txid224308"
"BSU_15900","BSU_16870","FabD","YmfI","fabD","BSU_16870","FabD","YmfI","BSU_15900","BSU_16870","string-db","224308.BSU16870/224308.BSU15900","physical","txid224308"
"BSU_15900","BSU_24350","FabD","AccB","fabD","BSU_24350","FabD","AccB","BSU_15900","BSU_24350","string-db","224308.BSU24350/224308.BSU15900","physical","txid224308"
"BSU_15900","BSU_29420","FabD","YtkK","fabD","ytkK","FabD","YtkK","BSU_15900","BSU_29420","string-db","224308.BSU29420/224308.BSU15900","physical","txid224308"
"BSU_11360","BSU_11470","AppD","OppF","appD","oppF","AppD","OppF","BSU_11360","BSU_11470","string-db","224308.BSU11470/224308.BSU11360","physical","txid224308"
"BSU_11360","BSU_11400","AppD","AppC","appD","appC","AppD","AppC","BSU_11360","BSU_11400","subtiwiki","224308.BSU11400/224308.BSU11360","physical","txid224308"
"BSU_11360","BSU_13000","AppD","YkfD","appD","ykfD","AppD","YkfD","BSU_11360","BSU_13000","string-db","224308.BSU13000/224308.BSU11360","physical","txid224308"
"BSU_11360","BSU_11390","AppD","AppB","appD","appB","AppD","AppB","BSU_11360","BSU_11390","subtiwiki","224308.BSU11360/224308.BSU11390","physical","txid224308"
"BSU_11360","BSU_11370","AppD","AppF","appD","appF","AppD","AppF","BSU_11360","BSU_11370","subtiwiki","224308.BSU11360/224308.BSU11370","physical","txid224308"
"BSU_11470","BSU_12920","OppF","DppA","oppF","dppA","OppF","DppA","BSU_11470","BSU_12920","string-db","224308.BSU12920/224308.BSU11470","physical","txid224308"
"BSU_11390","BSU_11400","AppB","AppC","appB","appC","AppB","AppC","BSU_11390","BSU_11400","subtiwiki","224308.BSU11400/224308.BSU11390","physical","txid224308"
"BSU_11390","BSU_11440","AppB","OppB","appB","oppB","AppB","OppB","BSU_11390","BSU_11440","string-db","224308.BSU11440/224308.BSU11390","physical","txid224308"
"BSU_11390","BSU_11450","AppB","OppC","appB","oppC","AppB","OppC","BSU_11390","BSU_11450","string-db","224308.BSU11450/224308.BSU11390","physical","txid224308"
"BSU_11390","BSU_13000","AppB","YkfD","appB","ykfD","AppB","YkfD","BSU_11390","BSU_13000","string-db","224308.BSU13000/224308.BSU11390","physical","txid224308"
"BSU_13000","BSU_12940","YkfD","DppC","ykfD","dppC","YkfD","DppC","BSU_13000","BSU_12940","subtiwiki","224308.BSU13000/224308.BSU12940","physical","txid224308"
"BSU_11370","BSU_11400","AppF","AppC","appF","appC","AppF","AppC","BSU_11370","BSU_11400","subtiwiki","224308.BSU11400/224308.BSU11370","physical","txid224308"
"BSU_11370","BSU_11390","AppF","AppB","appF","appB","AppF","AppB","BSU_11370","BSU_11390","subtiwiki","224308.BSU11370/224308.BSU11390","physical","txid224308"
"BSU_11370","BSU_13000","AppF","YkfD","appF","ykfD","AppF","YkfD","BSU_11370","BSU_13000","string-db","224308.BSU13000/224308.BSU11370","physical","txid224308"
"BSU_11440","BSU_11460","OppB","OppD","oppB","oppD","OppB","OppD","BSU_11440","BSU_11460","subtiwiki","224308.BSU11460/224308.BSU11440","physical","txid224308"
"BSU_11440","BSU_11450","OppB","OppC","oppB","oppC","OppB","OppC","BSU_11440","BSU_11450","subtiwiki","224308.BSU11440/224308.BSU11450","physical","txid224308"
"BSU_11440","BSU_11470","OppB","OppF","oppB","oppF","OppB","OppF","BSU_11440","BSU_11470","subtiwiki","224308.BSU11470/224308.BSU11440","physical","txid224308"
"BSU_11440","BSU_12920","OppB","DppA","oppB","dppA","OppB","DppA","BSU_11440","BSU_12920","string-db","224308.BSU12920/224308.BSU11440","physical","txid224308"
"BSU_11450","BSU_11460","OppC","OppD","oppC","oppD","OppC","OppD","BSU_11450","BSU_11460","subtiwiki","224308.BSU11460/224308.BSU11450","physical","txid224308"
"BSU_11450","BSU_12930","OppC","DppB","oppC","dppB","OppC","DppB","BSU_11450","BSU_12930","string-db","224308.BSU12930/224308.BSU11450","physical","txid224308"
"BSU_11450","BSU_11470","OppC","OppF","oppC","oppF","OppC","OppF","BSU_11450","BSU_11470","subtiwiki","224308.BSU11470/224308.BSU11450","physical","txid224308"
"BSU_11450","BSU_12920","OppC","DppA","oppC","dppA","OppC","DppA","BSU_11450","BSU_12920","string-db","224308.BSU12920/224308.BSU11450","physical","txid224308"
"BSU_12940","BSU_12960","DppC","DppE","dppC","dppE","DppC","DppE","BSU_12940","BSU_12960","subtiwiki","224308.BSU12960/224308.BSU12940","physical","txid224308"
"BSU_12940","BSU_12950","DppC","DppD","dppC","dppD","DppC","DppD","BSU_12940","BSU_12950","subtiwiki","224308.BSU12950/224308.BSU12940","physical","txid224308"
"BSU_11460","BSU_11470","OppD","OppF","oppD","oppF","OppD","OppF","BSU_11460","BSU_11470","subtiwiki","224308.BSU11460/224308.BSU11470","physical","txid224308"
"BSU_11460","BSU_12920","OppD","DppA","oppD","dppA","OppD","DppA","BSU_11460","BSU_12920","string-db","224308.BSU12920/224308.BSU11460","physical","txid224308"
"BSU_12930","BSU_13000","DppB","YkfD","dppB","ykfD","DppB","YkfD","BSU_12930","BSU_13000","subtiwiki","224308.BSU12930/224308.BSU13000","physical","txid224308"
"BSU_12930","BSU_12950","DppB","DppD","dppB","dppD","DppB","DppD","BSU_12930","BSU_12950","subtiwiki","224308.BSU12930/224308.BSU12950","physical","txid224308"
"BSU_12930","BSU_12960","DppB","DppE","dppB","dppE","DppB","DppE","BSU_12930","BSU_12960","subtiwiki","224308.BSU12930/224308.BSU12960","physical","txid224308"
"BSU_12930","BSU_12940","DppB","DppC","dppB","dppC","DppB","DppC","BSU_12930","BSU_12940","subtiwiki","224308.BSU12930/224308.BSU12940","physical","txid224308"
"BSU_12920","BSU_12940","DppA","DppC","dppA","dppC","DppA","DppC","BSU_12920","BSU_12940","string-db","224308.BSU12940/224308.BSU12920","physical","txid224308"
"BSU_12920","BSU_12930","DppA","DppB","dppA","dppB","DppA","DppB","BSU_12920","BSU_12930","string-db","224308.BSU12930/224308.BSU12920","physical","txid224308"
"BSU_11530","BSU_35470","CoiA","ComFA","BSU_11530","comFA","CoiA","ComFA","BSU_11530","BSU_35470","subtiwiki","224308.BSU11530/224308.BSU35470","physical","txid224308"
"BSU_11530","BSU_16940","CoiA","RecA","BSU_11530","recA","CoiA","RecA","BSU_11530","BSU_16940","string-db","224308.BSU16940/224308.BSU11530","physical","txid224308"
"BSU_11530","BSU_16110","CoiA","DprA","BSU_11530","dprA","CoiA","DprA","BSU_11530","BSU_16110","string-db","224308.BSU16110/224308.BSU11530","physical","txid224308"
"BSU_11530","BSU_36310","CoiA","SsbB","BSU_11530","ssbB","CoiA","SsbB","BSU_11530","BSU_36310","subtiwiki","224308.BSU11530/224308.BSU36310","physical","txid224308"
"BSU_16110","BSU_36310","DprA","SsbB","dprA","ssbB","DprA","SsbB","BSU_16110","BSU_36310","subtiwiki","224308.BSU36310/224308.BSU16110","physical","txid224308"
"BSU_16110","BSU_16940","DprA","RecA","dprA","recA","DprA","RecA","BSU_16110","BSU_16940","subtiwiki","224308.BSU16940/224308.BSU16110","physical","txid224308"
"BSU_16110","BSU_35470","DprA","ComFA","dprA","comFA","DprA","ComFA","BSU_16110","BSU_35470","subtiwiki","224308.BSU35470/224308.BSU16110","physical","txid224308"
"BSU_16110","BSU_35450","DprA","ComFC","dprA","comFC","DprA","ComFC","BSU_16110","BSU_35450","subtiwiki","224308.BSU16110/224308.BSU35450","physical","txid224308"
"BSU_36310","BSU_35470","SsbB","ComFA","ssbB","comFA","SsbB","ComFA","BSU_36310","BSU_35470","subtiwiki","224308.BSU36310/224308.BSU35470","physical","txid224308"
"BSU_22970","BSU_28220","MecB","ClpX","BSU_22970","clpX","YpbH","ClpX","BSU_22970","BSU_28220","string-db","224308.BSU28220/224308.BSU22970","physical","txid224308"
"BSU_22970","BSU_34540","MecB","ClpP","BSU_22970","clpP","YpbH","ClpP","BSU_22970","BSU_34540","string-db","224308.BSU34540/224308.BSU22970","physical","txid224308"
"BSU_22970","BSU_28200","MecB","LonA","BSU_22970","lonA","YpbH","LonA","BSU_22970","BSU_28200","string-db","224308.BSU28200/224308.BSU22970","physical","txid224308"
"BSU_11600","BSU_27600","RelP","Rsh","BSU_11600","BSU_27600","SasB","Rel","BSU_11600","BSU_27600","string-db","224308.BSU27600/224308.BSU11600","physical","txid224308"
"BSU_11600","BSU_38480","RelP","RelQ","BSU_11600","sasA","SasB","RelQ","BSU_11600","BSU_38480","string-db","224308.BSU38480/224308.BSU11600","physical","txid224308"
"BSU_11610","BSU_29540","PpnKA","PpnKB","BSU_11610","BSU_29540","PpnKA","YtdI","BSU_11610","BSU_29540","string-db","224308.BSU29540/224308.BSU11610","physical","txid224308"
"BSU_29540","BSU_29470","PpnKB","AckA","BSU_29540","ackA","YtdI","AckA","BSU_29540","BSU_29470","subtiwiki","224308.BSU29540/224308.BSU29470","physical","txid224308"
"BSU_11620","BSU_19400","YjbO","SodC","BSU_11620","BSU_19400","YjbO","SodC","BSU_11620","BSU_19400","string-db","224308.BSU19400/224308.BSU11620","physical","txid224308"
"BSU_11650","BSU_29740","TenA","CcpA","tenA","ccpA","TenA","CcpA","BSU_11650","BSU_29740","string-db","224308.BSU29740/224308.BSU11650","physical","txid224308"
"BSU_11680","BSU_11690","ThiS","ThiG","thiS","thiG","ThiS","ThiG","BSU_11680","BSU_11690","subtiwiki","224308.BSU11680/224308.BSU11690","physical","txid224308"
"BSU_11690","BSU_29740","ThiG","CcpA","thiG","ccpA","ThiG","CcpA","BSU_11690","BSU_29740","string-db","224308.BSU29740/224308.BSU11690","physical","txid224308"
"BSU_11700","BSU_29740","ThiF","CcpA","thiF","ccpA","ThiF","CcpA","BSU_11700","BSU_29740","string-db","224308.BSU29740/224308.BSU11700","physical","txid224308"
"BSU_11700","BSU_29580","ThiF","ThiI","thiF","BSU_29580","ThiF","ThiI","BSU_11700","BSU_29580","string-db","224308.BSU29580/224308.BSU11700","physical","txid224308"
"BSU_15910","BSU_29420","FabG","YtkK","fabG","ytkK","FabG","YtkK","BSU_15910","BSU_29420","string-db","224308.BSU29420/224308.BSU15910","physical","txid224308"
"BSU_15910","BSU_29740","FabG","CcpA","fabG","ccpA","FabG","CcpA","BSU_15910","BSU_29740","string-db","224308.BSU29740/224308.BSU15910","physical","txid224308"
"BSU_15910","BSU_16870","FabG","YmfI","fabG","BSU_16870","FabG","YmfI","BSU_15910","BSU_16870","string-db","224308.BSU16870/224308.BSU15910","physical","txid224308"
"BSU_16870","BSU_29420","YmfI","YtkK","BSU_16870","ytkK","YmfI","YtkK","BSU_16870","BSU_29420","string-db","224308.BSU29420/224308.BSU16870","physical","txid224308"
"BSU_11740","BSU_11750","CotZ","CotY","cotZ","cotY","CotZ","CotY","BSU_11740","BSU_11750","subtiwiki","224308.BSU11750/224308.BSU11740","physical","txid224308"
"BSU_11770","BSU_19780","CotW","CgeA","cotW","cgeA","CotW","CgeA","BSU_11770","BSU_19780","subtiwiki","224308.BSU11770/224308.BSU19780","physical","txid224308"
"BSU_11770","BSU_11780","CotW","CotV","cotW","cotV","CotW","CotV","BSU_11770","BSU_11780","subtiwiki","224308.BSU11770/224308.BSU11780","physical","txid224308"
"BSU_11780","BSU_11750","CotV","CotY","cotV","cotY","CotV","CotY","BSU_11780","BSU_11750","subtiwiki","224308.BSU11780/224308.BSU11750","physical","txid224308"
"BSU_11780","BSU_19780","CotV","CgeA","cotV","cgeA","CotV","CgeA","BSU_11780","BSU_19780","subtiwiki","224308.BSU11780/224308.BSU19780","physical","txid224308"
"BSU_11780","BSU_11740","CotV","CotZ","cotV","cotZ","CotV","CotZ","BSU_11780","BSU_11740","subtiwiki","224308.BSU11780/224308.BSU11740","physical","txid224308"
"BSU_11870","BSU_29740","MetI","CcpA","metI","ccpA","MetI","CcpA","BSU_11870","BSU_29740","string-db","224308.BSU29740/224308.BSU11870","physical","txid224308"
"BSU_11880","BSU_27260","MetC","MccA","metC","mccA","MetC","MccA","BSU_11880","BSU_27260","string-db","224308.BSU27260/224308.BSU11880","physical","txid224308"
"BSU_11880","BSU_31440","MetC","PatB","metC","BSU_31440","MetC","PatB","BSU_11880","BSU_31440","string-db","224308.BSU31440/224308.BSU11880","physical","txid224308"
"BSU_11880","BSU_27250","MetC","MccB","metC","mccB","MetC","MccB","BSU_11880","BSU_27250","string-db","224308.BSU27250/224308.BSU11880","physical","txid224308"
"BSU_27250","BSU_31440","MccB","PatB","mccB","BSU_31440","MccB","PatB","BSU_27250","BSU_31440","string-db","224308.BSU31440/224308.BSU27250","physical","txid224308"
"BSU_27260","BSU_31440","MccA","PatB","mccA","BSU_31440","MccA","PatB","BSU_27260","BSU_31440","string-db","224308.BSU31440/224308.BSU27260","physical","txid224308"
"BSU_11890","BSU_29230","YjcK","DnaE","BSU_11890","dnaE","YjcK","DnaE","BSU_11890","BSU_29230","string-db","224308.BSU29230/224308.BSU11890","physical","txid224308"
"BSU_11890","BSU_35500","YjcK","DegS","BSU_11890","degS","YjcK","DegS","BSU_11890","BSU_35500","string-db","224308.BSU35500/224308.BSU11890","physical","txid224308"
"BSU_12010","BSU_27070","ManP","LevD","manP","levD","ManP","LevD","BSU_12010","BSU_27070","string-db","224308.BSU27070/224308.BSU12010","physical","txid224308"
"BSU_12010","BSU_27060","ManP","LevE","manP","levE","ManP","LevE","BSU_12010","BSU_27060","string-db","224308.BSU27060/224308.BSU12010","physical","txid224308"
"BSU_12010","BSU_27050","ManP","LevF","manP","levF","ManP","LevF","BSU_12010","BSU_27050","string-db","224308.BSU27050/224308.BSU12010","physical","txid224308"
"BSU_12010","BSU_27040","ManP","LevG","manP","levG","ManP","LevG","BSU_12010","BSU_27040","string-db","224308.BSU27040/224308.BSU12010","physical","txid224308"
"BSU_12010","BSU_14400","ManP","FruA","manP","fruA","ManP","FruA","BSU_12010","BSU_14400","string-db","224308.BSU14400/224308.BSU12010","physical","txid224308"
"BSU_12010","BSU_12000","ManP","ManR","manP","manR","ManP","ManR","BSU_12010","BSU_12000","subtiwiki","224308.BSU12010/224308.BSU12000","physical","txid224308"
"BSU_27040","BSU_27060","LevG","LevE","levG","levE","LevG","LevE","BSU_27040","BSU_27060","string-db","224308.BSU27060/224308.BSU27040","physical","txid224308"
"BSU_27040","BSU_27070","LevG","LevD","levG","levD","LevG","LevD","BSU_27040","BSU_27070","string-db","224308.BSU27070/224308.BSU27040","physical","txid224308"
"BSU_27040","BSU_27050","LevG","LevF","levG","levF","LevG","LevF","BSU_27040","BSU_27050","subtiwiki","224308.BSU27050/224308.BSU27040","physical","txid224308"
"BSU_27060","BSU_27070","LevE","LevD","levE","levD","LevE","LevD","BSU_27060","BSU_27070","subtiwiki","224308.BSU27070/224308.BSU27060","physical","txid224308"
"BSU_27050","BSU_27060","LevF","LevE","levF","levE","LevF","LevE","BSU_27050","BSU_27060","string-db","224308.BSU27060/224308.BSU27050","physical","txid224308"
"BSU_27050","BSU_27070","LevF","LevD","levF","levD","LevF","LevD","BSU_27050","BSU_27070","string-db","224308.BSU27070/224308.BSU27050","physical","txid224308"
"BSU_12080","BSU_38160","CtaO","QoxB","ctaO","qoxB","CtaO","QoxB","BSU_12080","BSU_38160","string-db","224308.BSU38160/224308.BSU12080","physical","txid224308"
"BSU_12080","BSU_14900","CtaO","CtaD","ctaO","ctaD","CtaO","CtaD","BSU_12080","BSU_14900","string-db","224308.BSU14900/224308.BSU12080","physical","txid224308"
"BSU_12080","BSU_14880","CtaO","CtaB","ctaO","ctaB","CtaO","CtaB","BSU_12080","BSU_14880","string-db","224308.BSU14880/224308.BSU12080","physical","txid224308"
"BSU_12080","BSU_38140","CtaO","QoxD","ctaO","qoxD","CtaO","QoxD","BSU_12080","BSU_38140","string-db","224308.BSU38140/224308.BSU12080","physical","txid224308"
"BSU_12080","BSU_38150","CtaO","QoxC","ctaO","qoxC","CtaO","QoxC","BSU_12080","BSU_38150","string-db","224308.BSU38150/224308.BSU12080","physical","txid224308"
"BSU_12080","BSU_14910","CtaO","CtaE","ctaO","ctaE","CtaO","CtaE","BSU_12080","BSU_14910","string-db","224308.BSU14910/224308.BSU12080","physical","txid224308"
"BSU_12080","BSU_14870","CtaO","CtaA","ctaO","ctaA","CtaO","CtaA","BSU_12080","BSU_14870","string-db","224308.BSU14870/224308.BSU12080","physical","txid224308"
"BSU_12080","BSU_38170","CtaO","QoxA","ctaO","qoxA","CtaO","QoxA","BSU_12080","BSU_38170","string-db","224308.BSU38170/224308.BSU12080","physical","txid224308"
"BSU_12080","BSU_14890","CtaO","CtaC","ctaO","ctaC","CtaO","CtaC","BSU_12080","BSU_14890","string-db","224308.BSU14890/224308.BSU12080","physical","txid224308"
"BSU_12080","BSU_14920","CtaO","CtaF","ctaO","ctaF","CtaO","CtaF","BSU_12080","BSU_14920","string-db","224308.BSU14920/224308.BSU12080","physical","txid224308"
"BSU_38150","BSU_38760","QoxC","CydA","qoxC","cydA","QoxC","CydA","BSU_38150","BSU_38760","string-db","224308.BSU38760/224308.BSU38150","physical","txid224308"
"BSU_38150","BSU_38750","QoxC","CydB","qoxC","cydB","QoxC","CydB","BSU_38150","BSU_38750","string-db","224308.BSU38750/224308.BSU38150","physical","txid224308"
"BSU_38150","BSU_38160","QoxC","QoxB","qoxC","qoxB","QoxC","QoxB","BSU_38150","BSU_38160","subtiwiki","224308.BSU38150/224308.BSU38160","physical","txid224308"
"BSU_38150","BSU_38170","QoxC","QoxA","qoxC","qoxA","QoxC","QoxA","BSU_38150","BSU_38170","subtiwiki","224308.BSU38150/224308.BSU38170","physical","txid224308"
"BSU_38170","BSU_09950","QoxA","PrsA","qoxA","BSU_09950","QoxA","PrsA","BSU_38170","BSU_09950","subtiwiki","224308.BSU38170/224308.BSU09950","physical","txid224308"
"BSU_38170","BSU_30560","QoxA","PckA","qoxA","pckA","QoxA","PckA","BSU_38170","BSU_30560","subtiwiki","224308.BSU38170/224308.BSU30560","physical","txid224308"
"BSU_14890","BSU_14920","CtaC","CtaF","ctaC","ctaF","CtaC","CtaF","BSU_14890","BSU_14920","subtiwiki","224308.BSU14920/224308.BSU14890","physical","txid224308"
"BSU_14890","BSU_14910","CtaC","CtaE","ctaC","ctaE","CtaC","CtaE","BSU_14890","BSU_14910","subtiwiki","224308.BSU14890/224308.BSU14910","physical","txid224308"
"BSU_14890","BSU_38160","CtaC","QoxB","ctaC","qoxB","CtaC","QoxB","BSU_14890","BSU_38160","string-db","224308.BSU38160/224308.BSU14890","physical","txid224308"
"BSU_14890","BSU_38170","CtaC","QoxA","ctaC","qoxA","CtaC","QoxA","BSU_14890","BSU_38170","string-db","224308.BSU38170/224308.BSU14890","physical","txid224308"
"BSU_14890","BSU_14900","CtaC","CtaD","ctaC","ctaD","CtaC","CtaD","BSU_14890","BSU_14900","subtiwiki","224308.BSU14900/224308.BSU14890","physical","txid224308"
"BSU_14890","BSU_38140","CtaC","QoxD","ctaC","qoxD","CtaC","QoxD","BSU_14890","BSU_38140","string-db","224308.BSU38140/224308.BSU14890","physical","txid224308"
"BSU_14890","BSU_38150","CtaC","QoxC","ctaC","qoxC","CtaC","QoxC","BSU_14890","BSU_38150","string-db","224308.BSU38150/224308.BSU14890","physical","txid224308"
"BSU_14890","BSU_38980","CtaC","AtoB","ctaC","scoB","CtaC","ScoB","BSU_14890","BSU_38980","subtiwiki","224308.BSU14890/224308.BSU38980","physical","txid224308"
"BSU_14920","BSU_38150","CtaF","QoxC","ctaF","qoxC","CtaF","QoxC","BSU_14920","BSU_38150","string-db","224308.BSU38150/224308.BSU14920","physical","txid224308"
"BSU_14920","BSU_38160","CtaF","QoxB","ctaF","qoxB","CtaF","QoxB","BSU_14920","BSU_38160","string-db","224308.BSU38160/224308.BSU14920","physical","txid224308"
"BSU_14920","BSU_38140","CtaF","QoxD","ctaF","qoxD","CtaF","QoxD","BSU_14920","BSU_38140","string-db","224308.BSU38140/224308.BSU14920","physical","txid224308"
"BSU_14920","BSU_38170","CtaF","QoxA","ctaF","qoxA","CtaF","QoxA","BSU_14920","BSU_38170","string-db","224308.BSU38170/224308.BSU14920","physical","txid224308"
"BSU_14910","BSU_38140","CtaE","QoxD","ctaE","qoxD","CtaE","QoxD","BSU_14910","BSU_38140","string-db","224308.BSU38140/224308.BSU14910","physical","txid224308"
"BSU_14910","BSU_38750","CtaE","CydB","ctaE","cydB","CtaE","CydB","BSU_14910","BSU_38750","string-db","224308.BSU38750/224308.BSU14910","physical","txid224308"
"BSU_14910","BSU_30710","CtaE","YthA","ctaE","BSU_30710","CtaE","YthA","BSU_14910","BSU_30710","string-db","224308.BSU30710/224308.BSU14910","physical","txid224308"
"BSU_14910","BSU_38160","CtaE","QoxB","ctaE","qoxB","CtaE","QoxB","BSU_14910","BSU_38160","string-db","224308.BSU38160/224308.BSU14910","physical","txid224308"
"BSU_14910","BSU_38170","CtaE","QoxA","ctaE","qoxA","CtaE","QoxA","BSU_14910","BSU_38170","string-db","224308.BSU38170/224308.BSU14910","physical","txid224308"
"BSU_14910","BSU_38150","CtaE","QoxC","ctaE","qoxC","CtaE","QoxC","BSU_14910","BSU_38150","string-db","224308.BSU38150/224308.BSU14910","physical","txid224308"
"BSU_14910","BSU_38760","CtaE","CydA","ctaE","cydA","CtaE","CydA","BSU_14910","BSU_38760","string-db","224308.BSU38760/224308.BSU14910","physical","txid224308"
"BSU_14910","BSU_14920","CtaE","CtaF","ctaE","ctaF","CtaE","CtaF","BSU_14910","BSU_14920","subtiwiki","224308.BSU14920/224308.BSU14910","physical","txid224308"
"BSU_14910","BSU_14870","CtaE","CtaA","ctaE","ctaA","CtaE","CtaA","BSU_14910","BSU_14870","subtiwiki","224308.BSU14910/224308.BSU14870","physical","txid224308"
"BSU_14870","BSU_14880","CtaA","CtaB","ctaA","ctaB","CtaA","CtaB","BSU_14870","BSU_14880","string-db","224308.BSU14880/224308.BSU14870","physical","txid224308"
"BSU_38140","BSU_38150","QoxD","QoxC","qoxD","qoxC","QoxD","QoxC","BSU_38140","BSU_38150","subtiwiki","224308.BSU38140/224308.BSU38150","physical","txid224308"
"BSU_38140","BSU_38750","QoxD","CydB","qoxD","cydB","QoxD","CydB","BSU_38140","BSU_38750","string-db","224308.BSU38750/224308.BSU38140","physical","txid224308"
"BSU_38140","BSU_38160","QoxD","QoxB","qoxD","qoxB","QoxD","QoxB","BSU_38140","BSU_38160","subtiwiki","224308.BSU38140/224308.BSU38160","physical","txid224308"
"BSU_38140","BSU_38760","QoxD","CydA","qoxD","cydA","QoxD","CydA","BSU_38140","BSU_38760","string-db","224308.BSU38760/224308.BSU38140","physical","txid224308"
"BSU_38140","BSU_38170","QoxD","QoxA","qoxD","qoxA","QoxD","QoxA","BSU_38140","BSU_38170","subtiwiki","224308.BSU38140/224308.BSU38170","physical","txid224308"
"BSU_38160","BSU_38170","QoxB","QoxA","qoxB","qoxA","QoxB","QoxA","BSU_38160","BSU_38170","subtiwiki","224308.BSU38170/224308.BSU38160","physical","txid224308"
"BSU_14900","BSU_38160","CtaD","QoxB","ctaD","qoxB","CtaD","QoxB","BSU_14900","BSU_38160","string-db","224308.BSU38160/224308.BSU14900","physical","txid224308"
"BSU_14900","BSU_38150","CtaD","QoxC","ctaD","qoxC","CtaD","QoxC","BSU_14900","BSU_38150","string-db","224308.BSU38150/224308.BSU14900","physical","txid224308"
"BSU_14900","BSU_14910","CtaD","CtaE","ctaD","ctaE","CtaD","CtaE","BSU_14900","BSU_14910","subtiwiki","224308.BSU14910/224308.BSU14900","physical","txid224308"
"BSU_14900","BSU_38170","CtaD","QoxA","ctaD","qoxA","CtaD","QoxA","BSU_14900","BSU_38170","string-db","224308.BSU38170/224308.BSU14900","physical","txid224308"
"BSU_14900","BSU_38140","CtaD","QoxD","ctaD","qoxD","CtaD","QoxD","BSU_14900","BSU_38140","string-db","224308.BSU38140/224308.BSU14900","physical","txid224308"
"BSU_14900","BSU_14920","CtaD","CtaF","ctaD","ctaF","CtaD","CtaF","BSU_14900","BSU_14920","subtiwiki","224308.BSU14920/224308.BSU14900","physical","txid224308"
"BSU_12160","BSU_15760","YjgC","PrpC","forC1","BSU_15760","ForC1","PrpC","BSU_12160","BSU_15760","string-db","224308.BSU15760/224308.BSU12160","physical","txid224308"
"BSU_12160","BSU_27220","YjgC","YrhE","forC1","BSU_27220","ForC1","ForC2","BSU_12160","BSU_27220","string-db","224308.BSU27220/224308.BSU12160","physical","txid224308"
"BSU_15760","BSU_15780","PrpC","CpgA","BSU_15760","BSU_15780","PrpC","CpgA","BSU_15760","BSU_15780","subtiwiki","224308.BSU15760/224308.BSU15780","physical","txid224308"
"BSU_15760","BSU_01130","PrpC","TufA","BSU_15760","tufA","PrpC","TufA","BSU_15760","BSU_01130","subtiwiki","224308.BSU15760/224308.BSU01130","physical","txid224308"
"BSU_12430","BSU_31680","RapA","ComA","rapA","comA","RapA","ComA","BSU_12430","BSU_31680","string-db","224308.BSU31680/224308.BSU12430","physical","txid224308"
"BSU_12430","BSU_12440","RapA","PhrA","rapA","phrA","RapA","PhrA","BSU_12430","BSU_12440","subtiwiki","224308.BSU12430/224308.BSU12440","physical","txid224308"
"BSU_12430","BSU_37130","RapA","Spo0F","rapA","spo0F","RapA","Spo0F","BSU_12430","BSU_37130","subtiwiki","224308.BSU12430/224308.BSU37130","physical","txid224308"
"BSU_31680","BSU_37460","ComA","RapF","comA","rapF","ComA","RapF","BSU_31680","BSU_37460","subtiwiki","224308.BSU37460/224308.BSU31680","physical","txid224308"
"BSU_31680","BSU_06830","ComA","RapH","comA","rapH","ComA","RapH","BSU_31680","BSU_06830","subtiwiki","224308.BSU31680/224308.BSU06830","physical","txid224308"
"BSU_12440","BSU_37130","PhrA","Spo0F","phrA","spo0F","PhrA","Spo0F","BSU_12440","BSU_37130","string-db","224308.BSU37130/224308.BSU12440","physical","txid224308"
"BSU_12530","BSU_40440","XkdC","DnaC","xkdC","BSU_40440","XkdC","DnaC","BSU_12530","BSU_40440","string-db","224308.BSU40440/224308.BSU12530","physical","txid224308"
"BSU_12600","BSU_19660","XkdF","YozD","xkdF","BSU_19660","XkdF","YozD","BSU_12600","BSU_19660","string-db","224308.BSU19660/224308.BSU12600","physical","txid224308"
"BSU_12820","BSU_12830","SpoIISB","SpoIISA","spoIISB","spoIISA","SpoIISB","SpoIISA","BSU_12820","BSU_12830","subtiwiki","224308.BSU12820/224308.BSU12830","physical","txid224308"
"BSU_12850","BSU_31250","YkaA","TlpA","ykaA","tlpA","YkaA","TlpA","BSU_12850","BSU_31250","string-db","224308.BSU31250/224308.BSU12850","physical","txid224308"
"BSU_12850","BSU_31240","YkaA","McpA","ykaA","mcpA","YkaA","McpA","BSU_12850","BSU_31240","string-db","224308.BSU31240/224308.BSU12850","physical","txid224308"
"BSU_12900","BSU_33000","HtrA","HtrB","htrA","htrB","HtrA","HtrB","BSU_12900","BSU_33000","string-db","224308.BSU33000/224308.BSU12900","physical","txid224308"
"BSU_12900","BSU_33010","HtrA","CssR","htrA","cssR","HtrA","CssR","BSU_12900","BSU_33010","string-db","224308.BSU33010/224308.BSU12900","physical","txid224308"
"BSU_12900","BSU_33030","HtrA","YuxN","htrA","yuxN","HtrA","YuxN","BSU_12900","BSU_33030","string-db","224308.BSU33030/224308.BSU12900","physical","txid224308"
"BSU_12900","BSU_18670","HtrA","YoaN","htrA","oxdD","HtrA","OxdD","BSU_12900","BSU_18670","string-db","224308.BSU18670/224308.BSU12900","physical","txid224308"
"BSU_12900","BSU_26030","HtrA","YqbO","htrA","BSU_26030","HtrA","YqbO","BSU_12900","BSU_26030","string-db","224308.BSU26030/224308.BSU12900","physical","txid224308"
"BSU_18670","BSU_11750","YoaN","CotY","oxdD","cotY","OxdD","CotY","BSU_18670","BSU_11750","subtiwiki","224308.BSU18670/224308.BSU11750","physical","txid224308"
"BSU_18670","BSU_19780","YoaN","CgeA","oxdD","cgeA","OxdD","CgeA","BSU_18670","BSU_19780","subtiwiki","224308.BSU18670/224308.BSU19780","physical","txid224308"
"BSU_18670","BSU_14250","YoaN","YknT","oxdD","yknT","OxdD","YknT","BSU_18670","BSU_14250","subtiwiki","224308.BSU18670/224308.BSU14250","physical","txid224308"
"BSU_18670","BSU_33240","YoaN","OxdC","oxdD","oxdC","OxdD","OxdC","BSU_18670","BSU_33240","string-db","224308.BSU33240/224308.BSU18670","physical","txid224308"
"BSU_33010","BSU_33020","CssR","CssS","cssR","cssS","CssR","CssS","BSU_33010","BSU_33020","subtiwiki","224308.BSU33020/224308.BSU33010","physical","txid224308"
"BSU_12950","BSU_12960","DppD","DppE","dppD","dppE","DppD","DppE","BSU_12950","BSU_12960","subtiwiki","224308.BSU12950/224308.BSU12960","physical","txid224308"
"BSU_12950","BSU_13000","DppD","YkfD","dppD","ykfD","DppD","YkfD","BSU_12950","BSU_13000","subtiwiki","224308.BSU12950/224308.BSU13000","physical","txid224308"
"BSU_13010","BSU_29740","Pgl","CcpA","ykgB","ccpA","Pgl","CcpA","BSU_13010","BSU_29740","string-db","224308.BSU29740/224308.BSU13010","physical","txid224308"
"BSU_31890","BSU_31875","YukC","YukB","essB","yukB","EssB","YukB","BSU_31890","BSU_31875","subtiwiki","224308.BSU31890/224308.BSU31875","physical","txid224308"
"BSU_31890","BSU_39300","YukC","YxiD","essB","BSU_39300","EssB","YxiD","BSU_31890","BSU_39300","subtiwiki","224308.BSU31890/224308.BSU39300","physical","txid224308"
"BSU_31890","BSU_31910","YukC","YukE","essB","yukE","EssB","YukE","BSU_31890","BSU_31910","subtiwiki","224308.BSU31890/224308.BSU31910","physical","txid224308"
"BSU_31890","BSU_31850","YukC","YueC","essB","yueC","EssB","YueC","BSU_31890","BSU_31850","subtiwiki","224308.BSU31890/224308.BSU31850","physical","txid224308"
"BSU_13120","BSU_18470","ProB","ProJ","proB","proJ","ProB","ProJ","BSU_13120","BSU_18470","string-db","224308.BSU18470/224308.BSU13120","physical","txid224308"
"BSU_13200","BSU_24760","RsbRB","RsbRD","BSU_13200","rsbRD","RsbRB","RsbRD","BSU_13200","BSU_24760","subtiwiki","224308.BSU24760/224308.BSU13200","physical","txid224308"
"BSU_13200","BSU_30340","RsbRB","YtvA","BSU_13200","ytvA","RsbRB","YtvA","BSU_13200","BSU_30340","subtiwiki","224308.BSU30340/224308.BSU13200","physical","txid224308"
"BSU_13230","BSU_13240","ThiV","ThiU","thiV","thiU","ThiV","ThiU","BSU_13230","BSU_13240","subtiwiki","224308.BSU13240/224308.BSU13230","physical","txid224308"
"BSU_36510","BSU_36520","AmtB","NrgB","nrgA","nrgB","NrgA","NrgB","BSU_36510","BSU_36520","subtiwiki","224308.BSU36510/224308.BSU36520","physical","txid224308"
"BSU_13500","BSU_14510","KtrD","KtrC","BSU_13500","ktrC","KtrD","KtrC","BSU_13500","BSU_14510","subtiwiki","224308.BSU14510/224308.BSU13500","physical","txid224308"
"BSU_13500","BSU_31090","KtrD","KtrA","BSU_13500","ktrA","KtrD","KtrA","BSU_13500","BSU_31090","subtiwiki","224308.BSU13500/224308.BSU31090","physical","txid224308"
"BSU_31090","BSU_31100","KtrA","KtrB","ktrA","ktrB","KtrA","KtrB","BSU_31090","BSU_31100","subtiwiki","224308.BSU31090/224308.BSU31100","physical","txid224308"
"BSU_14510","BSU_31100","KtrC","KtrB","ktrC","ktrB","KtrC","KtrB","BSU_14510","BSU_31100","subtiwiki","224308.BSU14510/224308.BSU31100","physical","txid224308"
"BSU_13530","BSU_33030","KinE","YuxN","kinE","yuxN","KinE","YuxN","BSU_13530","BSU_33030","string-db","224308.BSU33030/224308.BSU13530","physical","txid224308"
"BSU_13530","BSU_31450","KinE","KinB","kinE","kinB","KinE","KinB","BSU_13530","BSU_31450","string-db","224308.BSU31450/224308.BSU13530","physical","txid224308"
"BSU_13530","BSU_37130","KinE","Spo0F","kinE","spo0F","KinE","Spo0F","BSU_13530","BSU_37130","subtiwiki","224308.BSU13530/224308.BSU37130","physical","txid224308"
"BSU_31450","BSU_22540","KinB","QcrC","kinB","qcrC","KinB","QcrC","BSU_31450","BSU_22540","subtiwiki","224308.BSU31450/224308.BSU22540","physical","txid224308"
"BSU_31450","BSU_25690","KinB","Sda","kinB","sda","KinB","Sda","BSU_31450","BSU_25690","subtiwiki","224308.BSU31450/224308.BSU25690","physical","txid224308"
"BSU_31450","BSU_14890","KinB","CtaC","kinB","ctaC","KinB","CtaC","BSU_31450","BSU_14890","subtiwiki","224308.BSU31450/224308.BSU14890","physical","txid224308"
"BSU_31450","BSU_37130","KinB","Spo0F","kinB","spo0F","KinB","Spo0F","BSU_31450","BSU_37130","subtiwiki","224308.BSU31450/224308.BSU37130","physical","txid224308"
"BSU_13550","BSU_29740","MtnA","CcpA","mtnA","ccpA","MtnA","CcpA","BSU_13550","BSU_29740","string-db","224308.BSU29740/224308.BSU13550","physical","txid224308"
"BSU_13560","BSU_29740","MtnK","CcpA","mtnK","ccpA","MtnK","CcpA","BSU_13560","BSU_29740","string-db","224308.BSU29740/224308.BSU13560","physical","txid224308"
"BSU_13560","BSU_01050","MtnK","RplL","mtnK","rplL","MtnK","RplL","BSU_13560","BSU_01050","subtiwiki","224308.BSU13560/224308.BSU01050","physical","txid224308"
"BSU_13560","BSU_32260","MtnK","Hom","mtnK","hom","MtnK","Hom","BSU_13560","BSU_32260","subtiwiki","224308.BSU13560/224308.BSU32260","physical","txid224308"
"BSU_13590","BSU_29740","MtnW","CcpA","mtnW","ccpA","MtnW","CcpA","BSU_13590","BSU_29740","string-db","224308.BSU29740/224308.BSU13590","physical","txid224308"
"BSU_13620","BSU_29740","MtnD","CcpA","mtnD","ccpA","MtnD","CcpA","BSU_13620","BSU_29740","string-db","224308.BSU29740/224308.BSU13620","physical","txid224308"
"BSU_13660","BSU_37130","KinD","Spo0F","BSU_13660","spo0F","KinD","Spo0F","BSU_13660","BSU_37130","subtiwiki","224308.BSU13660/224308.BSU37130","physical","txid224308"
"BSU_13660","BSU_31010","KinD","FloT","BSU_13660","floT","KinD","FloT","BSU_13660","BSU_31010","subtiwiki","224308.BSU13660/224308.BSU31010","physical","txid224308"
"BSU_13660","BSU_31450","KinD","KinB","BSU_13660","kinB","KinD","KinB","BSU_13660","BSU_31450","string-db","224308.BSU31450/224308.BSU13660","physical","txid224308"
"BSU_13660","BSU_14490","KinD","KinC","BSU_13660","kinC","KinD","KinC","BSU_13660","BSU_14490","string-db","224308.BSU14490/224308.BSU13660","physical","txid224308"
"BSU_14490","BSU_31450","KinC","KinB","kinC","kinB","KinC","KinB","BSU_14490","BSU_31450","string-db","224308.BSU31450/224308.BSU14490","physical","txid224308"
"BSU_14490","BSU_23220","KinC","ScpA","kinC","scpA","KinC","ScpA","BSU_14490","BSU_23220","string-db","224308.BSU23220/224308.BSU14490","physical","txid224308"
"BSU_13680","BSU_13690","MotB","MotA","motB","motA","MotB","MotA","BSU_13680","BSU_13690","subtiwiki","224308.BSU13690/224308.BSU13680","physical","txid224308"
"BSU_13680","BSU_29730","MotB","YtxD","motB","motP","MotB","MotP","BSU_13680","BSU_29730","string-db","224308.BSU29730/224308.BSU13680","physical","txid224308"
"BSU_13680","BSU_29720","MotB","YtxE","motB","motS","MotB","MotS","BSU_13680","BSU_29720","string-db","224308.BSU29720/224308.BSU13680","physical","txid224308"
"BSU_13680","BSU_16220","MotB","FliG","motB","fliG","MotB","FliG","BSU_13680","BSU_16220","string-db","224308.BSU16220/224308.BSU13680","physical","txid224308"
"BSU_13680","BSU_22910","MotB","YpfA","motB","BSU_22910","MotB","MotI","BSU_13680","BSU_22910","string-db","224308.BSU22910/224308.BSU13680","physical","txid224308"
"BSU_29720","BSU_29730","YtxE","YtxD","motS","motP","MotS","MotP","BSU_29720","BSU_29730","subtiwiki","224308.BSU29730/224308.BSU29720","physical","txid224308"
"BSU_13690","BSU_29720","MotA","YtxE","motA","motS","MotA","MotS","BSU_13690","BSU_29720","string-db","224308.BSU29720/224308.BSU13690","physical","txid224308"
"BSU_13690","BSU_29730","MotA","YtxD","motA","motP","MotA","MotP","BSU_13690","BSU_29730","string-db","224308.BSU29730/224308.BSU13690","physical","txid224308"
"BSU_13690","BSU_22910","MotA","YpfA","motA","BSU_22910","MotA","MotI","BSU_13690","BSU_22910","subtiwiki","224308.BSU13690/224308.BSU22910","physical","txid224308"
"BSU_13740","BSU_39940","QueE","YxaL","queE","yxaL","QueE","YxaL","BSU_13740","BSU_39940","string-db","224308.BSU39940/224308.BSU13740","physical","txid224308"
"BSU_13840","BSU_15170","StoA","SpoVD","stoA","spoVD","StoA","SpoVD","BSU_13840","BSU_15170","subtiwiki","224308.BSU13840/224308.BSU15170","physical","txid224308"
"BSU_13840","BSU_17930","StoA","CcdA","stoA","ccdA","StoA","CcdA","BSU_13840","BSU_17930","string-db","224308.BSU17930/224308.BSU13840","physical","txid224308"
"BSU_17930","BSU_23140","CcdA","ResB","ccdA","resB","CcdA","ResB","BSU_17930","BSU_23140","string-db","224308.BSU23140/224308.BSU17930","physical","txid224308"
"BSU_17930","BSU_23130","CcdA","ResC","ccdA","resC","CcdA","ResC","BSU_17930","BSU_23130","string-db","224308.BSU23130/224308.BSU17930","physical","txid224308"
"BSU_17930","BSU_17940","CcdA","YneI","ccdA","yneI","CcdA","YneI","BSU_17930","BSU_17940","string-db","224308.BSU17940/224308.BSU17930","physical","txid224308"
"BSU_13860","BSU_29740","YkvY","CcpA","BSU_13860","ccpA","YkvY","CcpA","BSU_13860","BSU_29740","string-db","224308.BSU29740/224308.BSU13860","physical","txid224308"
"BSU_13890","BSU_07800","PtsG","TreP","ptsG","treP","PtsG","TreP","BSU_13890","BSU_07800","subtiwiki","224308.BSU13890/224308.BSU07800","physical","txid224308"
"BSU_13890","BSU_13880","PtsG","GlcT","ptsG","glcT","PtsG","GlcT","BSU_13890","BSU_13880","subtiwiki","224308.BSU13890/224308.BSU13880","physical","txid224308"
"BSU_13890","BSU_13910","PtsG","PtsI","ptsG","ptsI","PtsG","PtsI","BSU_13890","BSU_13910","string-db","224308.BSU13910/224308.BSU13890","physical","txid224308"
"BSU_13890","BSU_38050","PtsG","SacP","ptsG","sacP","PtsG","SacP","BSU_13890","BSU_38050","subtiwiki","224308.BSU38050/224308.BSU13890","physical","txid224308"
"BSU_13890","BSU_24850","PtsG","GlcK","ptsG","BSU_24850","PtsG","GlcK","BSU_13890","BSU_24850","string-db","224308.BSU24850/224308.BSU13890","physical","txid224308"
"BSU_13890","BSU_40120","PtsG","YyzE","ptsG","BSU_40120","PtsG","YyzE","BSU_13890","BSU_40120","string-db","224308.BSU40120/224308.BSU13890","physical","txid224308"
"BSU_13890","BSU_22230","PtsG","YpqE","ptsG","ptsA","PtsG","PtsA","BSU_13890","BSU_22230","string-db","224308.BSU22230/224308.BSU13890","physical","txid224308"
"BSU_13910","BSU_21350","PtsI","CwlP","ptsI","BSU_21350","PtsI","CwlP","BSU_13910","BSU_21350","subtiwiki","224308.BSU13910/224308.BSU21350","physical","txid224308"
"BSU_13910","BSU_15420","PtsI","DivIVA","ptsI","divIVA","PtsI","DivIVA","BSU_13910","BSU_15420","string-db","224308.BSU15420/224308.BSU13910","physical","txid224308"
"BSU_13910","BSU_29740","PtsI","CcpA","ptsI","ccpA","PtsI","CcpA","BSU_13910","BSU_29740","string-db","224308.BSU29740/224308.BSU13910","physical","txid224308"
"BSU_13910","BSU_40400","PtsI","WalK","ptsI","BSU_40400","PtsI","WalK","BSU_13910","BSU_40400","string-db","224308.BSU40400/224308.BSU13910","physical","txid224308"
"BSU_24850","BSU_40120","GlcK","YyzE","BSU_24850","BSU_40120","GlcK","YyzE","BSU_24850","BSU_40120","string-db","224308.BSU40120/224308.BSU24850","physical","txid224308"
"BSU_27080","BSU_27060","LevR","LevE","levR","levE","LevR","LevE","BSU_27080","BSU_27060","subtiwiki","224308.BSU27080/224308.BSU27060","physical","txid224308"
"BSU_13950","BSU_31260","McpC","McpB","mcpC","mcpB","McpC","McpB","BSU_13950","BSU_31260","subtiwiki","224308.BSU13950/224308.BSU31260","physical","txid224308"
"BSU_13950","BSU_16460","McpC","CheD","mcpC","cheD","McpC","CheD","BSU_13950","BSU_16460","subtiwiki","224308.BSU13950/224308.BSU16460","physical","txid224308"
"BSU_13950","BSU_23980","McpC","ArtP","mcpC","artP","McpC","ArtP","BSU_13950","BSU_23980","subtiwiki","224308.BSU13950/224308.BSU23980","physical","txid224308"
"BSU_13950","BSU_16430","McpC","CheA","mcpC","cheA","McpC","CheA","BSU_13950","BSU_16430","string-db","224308.BSU16430/224308.BSU13950","physical","txid224308"
"BSU_13950","BSU_16440","McpC","CheW","mcpC","cheW","McpC","CheW","BSU_13950","BSU_16440","string-db","224308.BSU16440/224308.BSU13950","physical","txid224308"
"BSU_13960","BSU_29740","YkwC","CcpA","BSU_13960","ccpA","YkwC","CcpA","BSU_13960","BSU_29740","string-db","224308.BSU29740/224308.BSU13960","physical","txid224308"
"BSU_13980","BSU_28010","PbpH","MreD","pbpH","mreD","PbpH","MreD","BSU_13980","BSU_28010","subtiwiki","224308.BSU28010/224308.BSU13980","physical","txid224308"
"BSU_13980","BSU_28020","PbpH","MreC","pbpH","mreC","PbpH","MreC","BSU_13980","BSU_28020","subtiwiki","224308.BSU28020/224308.BSU13980","physical","txid224308"
"BSU_13980","BSU_28030","PbpH","MreB","pbpH","mreB","PbpH","MreB","BSU_13980","BSU_28030","subtiwiki","224308.BSU13980/224308.BSU28030","physical","txid224308"
"BSU_13980","BSU_38120","PbpH","RodA","pbpH","rodA","PbpH","RodA","BSU_13980","BSU_38120","subtiwiki","224308.BSU13980/224308.BSU38120","physical","txid224308"
"BSU_14010","BSU_16440","CheV","CheW","cheV","cheW","CheV","CheW","BSU_14010","BSU_16440","string-db","224308.BSU16440/224308.BSU14010","physical","txid224308"
"BSU_14010","BSU_29740","CheV","CcpA","cheV","ccpA","CheV","CcpA","BSU_14010","BSU_29740","string-db","224308.BSU29740/224308.BSU14010","physical","txid224308"
"BSU_14180","BSU_29740","DapH","CcpA","BSU_14180","ccpA","DapH","CcpA","BSU_14180","BSU_29740","string-db","224308.BSU29740/224308.BSU14180","physical","txid224308"
"BSU_14270","BSU_14310","MoeB","MoaD","BSU_14270","BSU_14310","MoeB","MoaD","BSU_14270","BSU_14310","string-db","224308.BSU14310/224308.BSU14270","physical","txid224308"
"BSU_14300","BSU_14310","MoaE","MoaD","BSU_14300","BSU_14310","MoaE","MoaD","BSU_14300","BSU_14310","subtiwiki","224308.BSU14300/224308.BSU14310","physical","txid224308"
"BSU_14340","BSU_14370","YknW","YknZ","yknW","yknZ","YknW","YknZ","BSU_14340","BSU_14370","subtiwiki","224308.BSU14340/224308.BSU14370","physical","txid224308"
"BSU_14340","BSU_14360","YknW","YknY","yknW","yknY","YknW","YknY","BSU_14340","BSU_14360","subtiwiki","224308.BSU14340/224308.BSU14360","physical","txid224308"
"BSU_14340","BSU_14350","YknW","YknX","yknW","yknX","YknW","YknX","BSU_14340","BSU_14350","subtiwiki","224308.BSU14340/224308.BSU14350","physical","txid224308"
"BSU_14350","BSU_14360","YknX","YknY","yknX","yknY","YknX","YknY","BSU_14350","BSU_14360","subtiwiki","224308.BSU14350/224308.BSU14360","physical","txid224308"
"BSU_14430","BSU_01280","YkpA","RplE","BSU_14430","rplE","YkpA","RplE","BSU_14430","BSU_01280","subtiwiki","224308.BSU14430/224308.BSU01280","physical","txid224308"
"BSU_14430","BSU_29740","YkpA","CcpA","BSU_14430","ccpA","YkpA","CcpA","BSU_14430","BSU_29740","string-db","224308.BSU29740/224308.BSU14430","physical","txid224308"
"BSU_14440","BSU_15110","PanE","PanE-2","BSU_14440","panE","PanE","PanE-2","BSU_14440","BSU_15110","string-db","224308.BSU15110/224308.BSU14440","physical","txid224308"
"BSU_33940","BSU_34740","GapA","Crh","gapA","crh","GapA","Crh","BSU_33940","BSU_34740","subtiwiki","224308.BSU34740/224308.BSU33940","physical","txid224308"
"BSU_33940","BSU_35620","GapA","LytC","gapA","lytC","GapA","LytC","BSU_33940","BSU_35620","string-db","224308.BSU35620/224308.BSU33940","physical","txid224308"
"BSU_33940","BSU_14629","GapA","Sr1","gapA","sr1","GapA","Sr1","BSU_33940","BSU_14629","subtiwiki","224308.BSU33940/224308.BSU14629","physical","txid224308"
"BSU_14740","BSU_24300","YlaD","XseA","ylaD","BSU_24300","YlaD","XseA","BSU_14740","BSU_24300","string-db","224308.BSU24300/224308.BSU14740","physical","txid224308"
"BSU_14740","BSU_15940","YlaD","Smc","ylaD","smc","YlaD","Smc","BSU_14740","BSU_15940","string-db","224308.BSU15940/224308.BSU14740","physical","txid224308"
"BSU_14770","BSU_29740","YlaG","CcpA","ylaG","ccpA","BipA","CcpA","BSU_14770","BSU_29740","string-db","224308.BSU29740/224308.BSU14770","physical","txid224308"
"BSU_35250","BSU_36410","FtsX","Mbl","ftsX","mbl","FtsX","Mbl","BSU_35250","BSU_36410","string-db","224308.BSU36410/224308.BSU35250","physical","txid224308"
"BSU_35250","BSU_35260","FtsX","FtsE","ftsX","ftsE","FtsX","FtsE","BSU_35250","BSU_35260","subtiwiki","224308.BSU35260/224308.BSU35250","physical","txid224308"
"BSU_38750","BSU_38760","CydB","CydA","cydB","cydA","CydB","CydA","BSU_38750","BSU_38760","subtiwiki","224308.BSU38760/224308.BSU38750","physical","txid224308"
"BSU_30710","BSU_38750","YthA","CydB","BSU_30710","cydB","YthA","CydB","BSU_30710","BSU_38750","string-db","224308.BSU38750/224308.BSU30710","physical","txid224308"
"BSU_30710","BSU_38760","YthA","CydA","BSU_30710","cydA","YthA","CydA","BSU_30710","BSU_38760","string-db","224308.BSU38760/224308.BSU30710","physical","txid224308"
"BSU_30710","BSU_38140","YthA","QoxD","BSU_30710","qoxD","YthA","QoxD","BSU_30710","BSU_38140","string-db","224308.BSU38140/224308.BSU30710","physical","txid224308"
"BSU_30710","BSU_38150","YthA","QoxC","BSU_30710","qoxC","YthA","QoxC","BSU_30710","BSU_38150","string-db","224308.BSU38150/224308.BSU30710","physical","txid224308"
"BSU_15060","BSU_25680","YlbM","YqeG","BSU_15060","BSU_25680","YlbM","YqeG","BSU_15060","BSU_25680","string-db","224308.BSU25680/224308.BSU15060","physical","txid224308"
"BSU_15060","BSU_25670","YlbM","YqeH","BSU_15060","BSU_25670","YlbM","YqeH","BSU_15060","BSU_25670","string-db","224308.BSU25670/224308.BSU15060","physical","txid224308"
"BSU_15060","BSU_25630","YlbM","YqeK","BSU_15060","BSU_25630","YlbM","YqeK","BSU_15060","BSU_25630","string-db","224308.BSU25630/224308.BSU15060","physical","txid224308"
"BSU_25630","BSU_25670","YqeK","YqeH","BSU_25630","BSU_25670","YqeK","YqeH","BSU_25630","BSU_25670","string-db","224308.BSU25670/224308.BSU25630","physical","txid224308"
"BSU_15090","BSU_23220","GerR","ScpA","gerR","scpA","GerR","ScpA","BSU_15090","BSU_23220","string-db","224308.BSU23220/224308.BSU15090","physical","txid224308"
"BSU_15100","BSU_29220","YlbP","YtsJ","ylbP","ytsJ","YlbP","YtsJ","BSU_15100","BSU_29220","string-db","224308.BSU29220/224308.BSU15100","physical","txid224308"
"BSU_29220","BSU_29740","YtsJ","CcpA","ytsJ","ccpA","YtsJ","CcpA","BSU_29220","BSU_29740","string-db","224308.BSU29740/224308.BSU29220","physical","txid224308"
"BSU_15130","BSU_25480","MraZ","GrpE","BSU_15130","grpE","MraZ","GrpE","BSU_15130","BSU_25480","string-db","224308.BSU25480/224308.BSU15130","physical","txid224308"
"BSU_15130","BSU_25490","MraZ","HrcA","BSU_15130","hrcA","MraZ","HrcA","BSU_15130","BSU_25490","string-db","224308.BSU25490/224308.BSU15130","physical","txid224308"
"BSU_15170","BSU_15210","SpoVD","SpoVE","spoVD","spoVE","SpoVD","SpoVE","BSU_15170","BSU_15210","subtiwiki","224308.BSU15170/224308.BSU15210","physical","txid224308"
"BSU_15170","BSU_15810","SpoVD","SpoVM","spoVD","spoVM","SpoVD","SpoVM","BSU_15170","BSU_15810","subtiwiki","224308.BSU15170/224308.BSU15810","physical","txid224308"
"BSU_15180","BSU_29740","MurE","CcpA","murE","ccpA","MurE","CcpA","BSU_15180","BSU_29740","string-db","224308.BSU29740/224308.BSU15180","physical","txid224308"
"BSU_15200","BSU_16530","MurD","UppS","murD","BSU_16530","MurD","UppS","BSU_15200","BSU_16530","string-db","224308.BSU16530/224308.BSU15200","physical","txid224308"
"BSU_26810","BSU_28390","YrpC","RacE","BSU_26810","BSU_28390","YrpC","RacE","BSU_26810","BSU_28390","string-db","224308.BSU28390/224308.BSU26810","physical","txid224308"
"BSU_15230","BSU_29740","MurB","CcpA","murB","ccpA","MurB","CcpA","BSU_15230","BSU_29740","string-db","224308.BSU29740/224308.BSU15230","physical","txid224308"
"BSU_15230","BSU_16530","MurB","UppS","murB","BSU_16530","MurB","UppS","BSU_15230","BSU_16530","string-db","224308.BSU16530/224308.BSU15230","physical","txid224308"
"BSU_15230","BSU_26810","MurB","YrpC","murB","BSU_26810","MurB","YrpC","BSU_15230","BSU_26810","string-db","224308.BSU26810/224308.BSU15230","physical","txid224308"
"BSU_15230","BSU_28390","MurB","RacE","murB","BSU_28390","MurB","RacE","BSU_15230","BSU_28390","string-db","224308.BSU28390/224308.BSU15230","physical","txid224308"
"BSU_15890","BSU_18070","PlsX","PlsY","plsX","BSU_18070","PlsX","PlsY","BSU_15890","BSU_18070","subtiwiki","224308.BSU15890/224308.BSU18070","physical","txid224308"
"BSU_17890","BSU_33920","Tkt","Tpi","tkt","tpi","Tkt","Tpi","BSU_17890","BSU_33920","subtiwiki","224308.BSU17890/224308.BSU33920","physical","txid224308"
"BSU_17890","BSU_40440","Tkt","DnaC","tkt","BSU_40440","Tkt","DnaC","BSU_17890","BSU_40440","string-db","224308.BSU40440/224308.BSU17890","physical","txid224308"
"BSU_17890","BSU_29740","Tkt","CcpA","tkt","ccpA","Tkt","CcpA","BSU_17890","BSU_29740","string-db","224308.BSU29740/224308.BSU17890","physical","txid224308"
"BSU_28000","BSU_35220","MinC","MinJ","minC","minJ","MinC","MinJ","BSU_28000","BSU_35220","subtiwiki","224308.BSU28000/224308.BSU35220","physical","txid224308"
"BSU_21920","BSU_29610","UgtP","EzrA","ugtP","ezrA","UgtP","EzrA","BSU_21920","BSU_29610","subtiwiki","224308.BSU21920/224308.BSU29610","physical","txid224308"
"BSU_17860","BSU_15160","YneA","PbpB","yneA","BSU_15160","YneA","PbpB","BSU_17860","BSU_15160","subtiwiki","224308.BSU17860/224308.BSU15160","physical","txid224308"
"BSU_17860","BSU_22320","YneA","PonA","yneA","ponA","YneA","PonA","BSU_17860","BSU_22320","subtiwiki","224308.BSU17860/224308.BSU22320","physical","txid224308"
"BSU_15310","BSU_15320","SpoIIGA","SigE","spoIIGA","sigE","SpoIIGA","SigE","BSU_15310","BSU_15320","subtiwiki","224308.BSU15310/224308.BSU15320","physical","txid224308"
"BSU_15310","BSU_36970","SpoIIGA","SpoIIR","spoIIGA","spoIIR","SpoIIGA","SpoIIR","BSU_15310","BSU_36970","subtiwiki","224308.BSU15310/224308.BSU36970","physical","txid224308"
"BSU_35220","BSU_16910","MinJ","RodZ","minJ","BSU_16910","MinJ","RodZ","BSU_35220","BSU_16910","subtiwiki","224308.BSU35220/224308.BSU16910","physical","txid224308"
"BSU_35220","BSU_40970","MinJ","ParA","minJ","parA","MinJ","ParA","BSU_35220","BSU_40970","string-db","224308.BSU40970/224308.BSU35220","physical","txid224308"
"BSU_27660","BSU_28050","ComN","Maf","comN","maf","ComN","Maf","BSU_27660","BSU_28050","string-db","224308.BSU28050/224308.BSU27660","physical","txid224308"
"BSU_27660","BSU_40970","ComN","ParA","comN","parA","ComN","ParA","BSU_27660","BSU_40970","string-db","224308.BSU40970/224308.BSU27660","physical","txid224308"
"BSU_27660","BSU_35220","ComN","MinJ","comN","minJ","ComN","MinJ","BSU_27660","BSU_35220","string-db","224308.BSU35220/224308.BSU27660","physical","txid224308"
"BSU_15710","BSU_25210","PriA","DnaG","BSU_15710","dnaG","PriA","DnaG","BSU_15710","BSU_25210","subtiwiki","224308.BSU15710/224308.BSU25210","physical","txid224308"
"BSU_15710","BSU_22350","PriA","DnaD","BSU_15710","BSU_22350","PriA","DnaD","BSU_15710","BSU_22350","subtiwiki","224308.BSU15710/224308.BSU22350","physical","txid224308"
"BSU_15710","BSU_28990","PriA","DnaB","BSU_15710","BSU_28990","PriA","DnaB","BSU_15710","BSU_28990","subtiwiki","224308.BSU28990/224308.BSU15710","physical","txid224308"
"BSU_15710","BSU_28980","PriA","DnaI","BSU_15710","BSU_28980","PriA","DnaI","BSU_15710","BSU_28980","subtiwiki","224308.BSU28980/224308.BSU15710","physical","txid224308"
"BSU_15710","BSU_23020","PriA","RecQ","BSU_15710","BSU_23020","PriA","RecS","BSU_15710","BSU_23020","string-db","224308.BSU23020/224308.BSU15710","physical","txid224308"
"BSU_15710","BSU_19220","PriA","RtbI","BSU_15710","BSU_19220","PriA","RecQ","BSU_15710","BSU_19220","string-db","224308.BSU19220/224308.BSU15710","physical","txid224308"
"BSU_15710","BSU_40440","PriA","DnaC","BSU_15710","BSU_40440","PriA","DnaC","BSU_15710","BSU_40440","subtiwiki","224308.BSU40440/224308.BSU15710","physical","txid224308"
"BSU_15710","BSU_00310","PriA","HolB","BSU_15710","BSU_00310","PriA","HolB","BSU_15710","BSU_00310","subtiwiki","224308.BSU15710/224308.BSU00310","physical","txid224308"
"BSU_15710","BSU_00040","PriA","RecF","BSU_15710","recF","PriA","RecF","BSU_15710","BSU_00040","subtiwiki","224308.BSU15710/224308.BSU00040","physical","txid224308"
"BSU_15710","BSU_00210","PriA","RecR","BSU_15710","BSU_00210","PriA","RecR","BSU_15710","BSU_00210","subtiwiki","224308.BSU15710/224308.BSU00210","physical","txid224308"
"BSU_15710","BSU_25560","PriA","HolA","BSU_15710","BSU_25560","PriA","HolA","BSU_15710","BSU_25560","subtiwiki","224308.BSU15710/224308.BSU25560","physical","txid224308"
"BSU_15710","BSU_16580","PriA","PolC","BSU_15710","BSU_16580","PriA","PolC","BSU_15710","BSU_16580","subtiwiki","224308.BSU15710/224308.BSU16580","physical","txid224308"
"BSU_15430","BSU_29740","IleS","CcpA","ileS","ccpA","IleS","CcpA","BSU_15430","BSU_29740","string-db","224308.BSU29740/224308.BSU15430","physical","txid224308"
"BSU_15460","BSU_15470","RluD","PyrR","BSU_15460","pyrR","RluD","PyrR","BSU_15460","BSU_15470","string-db","224308.BSU15470/224308.BSU15460","physical","txid224308"
"BSU_15470","BSU_36890","PyrR","Upp","pyrR","BSU_36890","PyrR","Upp","BSU_15470","BSU_36890","string-db","224308.BSU36890/224308.BSU15470","physical","txid224308"
"BSU_36890","BSU_01300","Upp","RpsH","BSU_36890","rpsH","Upp","RpsH","BSU_36890","BSU_01300","subtiwiki","224308.BSU36890/224308.BSU01300","physical","txid224308"
"BSU_15490","BSU_15530","PyrB","PyrK","pyrB","pyrK","PyrB","PyrK","BSU_15490","BSU_15530","string-db","224308.BSU15530/224308.BSU15490","physical","txid224308"
"BSU_15530","BSU_15540","PyrK","PyrD","pyrK","pyrD","PyrK","PyrD","BSU_15530","BSU_15540","subtiwiki","224308.BSU15540/224308.BSU15530","physical","txid224308"
"BSU_15500","BSU_15520","PyrC","PyrAB","pyrC","pyrAB","PyrC","PyrAB","BSU_15500","BSU_15520","string-db","224308.BSU15520/224308.BSU15500","physical","txid224308"
"BSU_15500","BSU_29740","PyrC","CcpA","pyrC","ccpA","PyrC","CcpA","BSU_15500","BSU_29740","string-db","224308.BSU29740/224308.BSU15500","physical","txid224308"
"BSU_15550","BSU_29740","PyrF","CcpA","pyrF","ccpA","PyrF","CcpA","BSU_15550","BSU_29740","string-db","224308.BSU29740/224308.BSU15550","physical","txid224308"
"BSU_15560","BSU_34360","PyrE","EpsB","pyrE","epsB","PyrE","EpsB","BSU_15560","BSU_34360","string-db","224308.BSU34360/224308.BSU15560","physical","txid224308"
"BSU_15620","BSU_15630","SirB","SirC","sirB","ylnF","SirB","SirC","BSU_15620","BSU_15630","string-db","224308.BSU15630/224308.BSU15620","physical","txid224308"
"BSU_15660","BSU_24300","YloC","XseA","yloC","BSU_24300","YloC","XseA","BSU_15660","BSU_24300","string-db","224308.BSU24300/224308.BSU15660","physical","txid224308"
"BSU_15720","BSU_01210","DefA","RplV","defA","rplV","DefA","RplV","BSU_15720","BSU_01210","subtiwiki","224308.BSU15720/224308.BSU01210","physical","txid224308"
"BSU_15720","BSU_36250","DefA","PtkA","defA","ptkA","DefA","PtkA","BSU_15720","BSU_36250","string-db","224308.BSU36250/224308.BSU15720","physical","txid224308"
"BSU_15860","BSU_21770","SdaAA","IlvA","BSU_15860","ilvA","SdaAA","IlvA","BSU_15860","BSU_21770","string-db","224308.BSU21770/224308.BSU15860","physical","txid224308"
"BSU_21770","BSU_29740","IlvA","CcpA","ilvA","ccpA","IlvA","CcpA","BSU_21770","BSU_29740","string-db","224308.BSU29740/224308.BSU21770","physical","txid224308"
"BSU_29450","BSU_29740","ArgG","CcpA","argG","ccpA","ArgG","CcpA","BSU_29450","BSU_29740","string-db","224308.BSU29740/224308.BSU29450","physical","txid224308"
"BSU_24350","BSU_22440","AccB","BirA","BSU_24350","birA","AccB","BirA","BSU_24350","BSU_22440","subtiwiki","224308.BSU24350/224308.BSU22440","physical","txid224308"
"BSU_24350","BSU_29200","AccB","AccA","BSU_24350","accA","AccB","AccA","BSU_24350","BSU_29200","subtiwiki","224308.BSU29200/224308.BSU24350","physical","txid224308"
"BSU_24350","BSU_29210","AccB","AccD","BSU_24350","accD","AccB","AccD","BSU_24350","BSU_29210","subtiwiki","224308.BSU24350/224308.BSU29210","physical","txid224308"
"BSU_15930","BSU_15950","Rnc","FtsY","rnc","ftsY","Rnc","FtsY","BSU_15930","BSU_15950","string-db","224308.BSU15950/224308.BSU15930","physical","txid224308"
"BSU_23210","BSU_23220","SpcB","ScpA","scpB","scpA","ScpB","ScpA","BSU_23210","BSU_23220","subtiwiki","224308.BSU23220/224308.BSU23210","physical","txid224308"
"BSU_23210","BSU_35500","SpcB","DegS","scpB","degS","ScpB","DegS","BSU_23210","BSU_35500","string-db","224308.BSU35500/224308.BSU23210","physical","txid224308"
"BSU_15970","BSU_15950","YlxM","FtsY","ylxM","ftsY","YlxM","FtsY","BSU_15970","BSU_15950","subtiwiki","224308.BSU15970/224308.BSU15950","physical","txid224308"
"BSU_15970","BSU_15980","YlxM","Ffh","ylxM","ffh","YlxM","Ffh","BSU_15970","BSU_15980","subtiwiki","224308.BSU15970/224308.BSU15980","physical","txid224308"
"BSU_15970","BSU_24290","YlxM","XseB","ylxM","BSU_24290","YlxM","XseB","BSU_15970","BSU_24290","string-db","224308.BSU24290/224308.BSU15970","physical","txid224308"
"BSU_15970","BSU_24300","YlxM","XseA","ylxM","BSU_24300","YlxM","XseA","BSU_15970","BSU_24300","string-db","224308.BSU24300/224308.BSU15970","physical","txid224308"
"BSU_16060","BSU_28620","RnhB","RnhC","rnhB","BSU_28620","RnhB","RnhC","BSU_16060","BSU_28620","string-db","224308.BSU28620/224308.BSU16060","physical","txid224308"
"BSU_16090","BSU_33040","SucC","FumC","sucC","citG","SucC","CitG","BSU_16090","BSU_33040","string-db","224308.BSU33040/224308.BSU16090","physical","txid224308"
"BSU_16090","BSU_19370","SucC","OdhA","sucC","odhA","SucC","OdhA","BSU_16090","BSU_19370","string-db","224308.BSU19370/224308.BSU16090","physical","txid224308"
"BSU_16090","BSU_16100","SucC","SucD","sucC","sucD","SucC","SucD","BSU_16090","BSU_16100","subtiwiki","224308.BSU16100/224308.BSU16090","physical","txid224308"
"BSU_16090","BSU_19360","SucC","OdhB","sucC","odhB","SucC","OdhB","BSU_16090","BSU_19360","string-db","224308.BSU19360/224308.BSU16090","physical","txid224308"
"BSU_16100","BSU_06690","SucD","GatB","sucD","BSU_06690","SucD","GatB","BSU_16100","BSU_06690","subtiwiki","224308.BSU16100/224308.BSU06690","physical","txid224308"
"BSU_16100","BSU_19360","SucD","OdhB","sucD","odhB","SucD","OdhB","BSU_16100","BSU_19360","string-db","224308.BSU19360/224308.BSU16100","physical","txid224308"
"BSU_16100","BSU_19370","SucD","OdhA","sucD","odhA","SucD","OdhA","BSU_16100","BSU_19370","string-db","224308.BSU19370/224308.BSU16100","physical","txid224308"
"BSU_16100","BSU_33040","SucD","FumC","sucD","citG","SucD","CitG","BSU_16100","BSU_33040","string-db","224308.BSU33040/224308.BSU16100","physical","txid224308"
"BSU_16100","BSU_29740","SucD","CcpA","sucD","ccpA","SucD","CcpA","BSU_16100","BSU_29740","string-db","224308.BSU29740/224308.BSU16100","physical","txid224308"
"BSU_35470","BSU_16940","ComFA","RecA","comFA","recA","ComFA","RecA","BSU_35470","BSU_16940","subtiwiki","224308.BSU35470/224308.BSU16940","physical","txid224308"
"BSU_35450","BSU_35460","ComFC","ComFB","comFC","comFB","ComFC","ComFB","BSU_35450","BSU_35460","string-db","224308.BSU35460/224308.BSU35450","physical","txid224308"
"BSU_35450","BSU_35470","ComFC","ComFA","comFC","comFA","ComFC","ComFA","BSU_35450","BSU_35470","subtiwiki","224308.BSU35450/224308.BSU35470","physical","txid224308"
"BSU_16120","BSU_16580","TopA","PolC","topA","BSU_16580","TopA","PolC","BSU_16120","BSU_16580","string-db","224308.BSU16580/224308.BSU16120","physical","txid224308"
"BSU_16140","BSU_23510","CodV","RipX","codV","BSU_23510","CodV","RipX","BSU_16140","BSU_23510","string-db","224308.BSU23510/224308.BSU16140","physical","txid224308"
"BSU_16160","BSU_29740","ClpY","CcpA","clpY","ccpA","ClpY","CcpA","BSU_16160","BSU_29740","string-db","224308.BSU29740/224308.BSU16160","physical","txid224308"
"BSU_16160","BSU_34540","ClpY","ClpP","clpY","clpP","ClpY","ClpP","BSU_16160","BSU_34540","string-db","224308.BSU34540/224308.BSU16160","physical","txid224308"
"BSU_16160","BSU_28220","ClpY","ClpX","clpY","clpX","ClpY","ClpX","BSU_16160","BSU_28220","string-db","224308.BSU28220/224308.BSU16160","physical","txid224308"
"BSU_16180","BSU_16190","FlgB","FlgC","flgB","flgC","FlgB","FlgC","BSU_16180","BSU_16190","subtiwiki","224308.BSU16180/224308.BSU16190","physical","txid224308"
"BSU_16180","BSU_16290","FlgB","FlgE","flgB","flgE","FlgB","FlgE","BSU_16180","BSU_16290","string-db","224308.BSU16290/224308.BSU16180","physical","txid224308"
"BSU_16290","BSU_35410","FlgE","FlgK","flgE","flgK","FlgE","FlgK","BSU_16290","BSU_35410","string-db","224308.BSU35410/224308.BSU16290","physical","txid224308"
"BSU_16190","BSU_36400","FlgC","FlhO","flgC","flhO","FlgC","FlhO","BSU_16190","BSU_36400","subtiwiki","224308.BSU16190/224308.BSU36400","physical","txid224308"
"BSU_16190","BSU_16290","FlgC","FlgE","flgC","flgE","FlgC","FlgE","BSU_16190","BSU_16290","string-db","224308.BSU16290/224308.BSU16190","physical","txid224308"
"BSU_16200","BSU_16180","FliE","FlgB","fliE","flgB","FliE","FlgB","BSU_16200","BSU_16180","subtiwiki","224308.BSU16200/224308.BSU16180","physical","txid224308"
"BSU_16200","BSU_16290","FliE","FlgE","fliE","flgE","FliE","FlgE","BSU_16200","BSU_16290","string-db","224308.BSU16290/224308.BSU16200","physical","txid224308"
"BSU_16350","BSU_16360","FliP","FliQ","fliP","fliQ","FliP","FliQ","BSU_16350","BSU_16360","subtiwiki","224308.BSU16350/224308.BSU16360","physical","txid224308"
"BSU_16350","BSU_16390","FliP","FlhA","fliP","flhA","FliP","FlhA","BSU_16350","BSU_16390","string-db","224308.BSU16390/224308.BSU16350","physical","txid224308"
"BSU_16350","BSU_16370","FliP","FliR","fliP","fliR","FliP","FliR","BSU_16350","BSU_16370","subtiwiki","224308.BSU16350/224308.BSU16370","physical","txid224308"
"BSU_16350","BSU_16380","FliP","FlhB","fliP","flhB","FliP","FlhB","BSU_16350","BSU_16380","string-db","224308.BSU16380/224308.BSU16350","physical","txid224308"
"BSU_16350","BSU_16340","FliP","FliZ","fliP","fliO","FliP","FliO","BSU_16350","BSU_16340","subtiwiki","224308.BSU16350/224308.BSU16340","physical","txid224308"
"BSU_16390","BSU_35340","FlhA","FliD","flhA","fliD","FlhA","FliD","BSU_16390","BSU_35340","subtiwiki","224308.BSU16390/224308.BSU35340","physical","txid224308"
"BSU_16390","BSU_35330","FlhA","FliS","flhA","fliS","FlhA","FliS","BSU_16390","BSU_35330","subtiwiki","224308.BSU35330/224308.BSU16390","physical","txid224308"
"BSU_16390","BSU_35360","FlhA","Hag","flhA","hag","FlhA","Hag","BSU_16390","BSU_35360","subtiwiki","224308.BSU16390/224308.BSU35360","physical","txid224308"
"BSU_16390","BSU_35320","FlhA","FliT","flhA","fliT","FlhA","FliT","BSU_16390","BSU_35320","subtiwiki","224308.BSU35320/224308.BSU16390","physical","txid224308"
"BSU_16380","BSU_16390","FlhB","FlhA","flhB","flhA","FlhB","FlhA","BSU_16380","BSU_16390","subtiwiki","224308.BSU16380/224308.BSU16390","physical","txid224308"
"BSU_16360","BSU_16380","FliQ","FlhB","fliQ","flhB","FliQ","FlhB","BSU_16360","BSU_16380","string-db","224308.BSU16380/224308.BSU16360","physical","txid224308"
"BSU_16360","BSU_16390","FliQ","FlhA","fliQ","flhA","FliQ","FlhA","BSU_16360","BSU_16390","string-db","224308.BSU16390/224308.BSU16360","physical","txid224308"
"BSU_16360","BSU_35400","FliQ","FlgL","fliQ","flgL","FliQ","FlgL","BSU_16360","BSU_35400","string-db","224308.BSU35400/224308.BSU16360","physical","txid224308"
"BSU_16360","BSU_16370","FliQ","FliR","fliQ","fliR","FliQ","FliR","BSU_16360","BSU_16370","subtiwiki","224308.BSU16370/224308.BSU16360","physical","txid224308"
"BSU_16360","BSU_16340","FliQ","FliZ","fliQ","fliO","FliQ","FliO","BSU_16360","BSU_16340","subtiwiki","224308.BSU16360/224308.BSU16340","physical","txid224308"
"BSU_16370","BSU_16340","FliR","FliZ","fliR","fliO","FliR","FliO","BSU_16370","BSU_16340","subtiwiki","224308.BSU16370/224308.BSU16340","physical","txid224308"
"BSU_16370","BSU_16380","FliR","FlhB","fliR","flhB","FliR","FlhB","BSU_16370","BSU_16380","string-db","224308.BSU16380/224308.BSU16370","physical","txid224308"
"BSU_16370","BSU_16390","FliR","FlhA","fliR","flhA","FliR","FlhA","BSU_16370","BSU_16390","string-db","224308.BSU16390/224308.BSU16370","physical","txid224308"
"BSU_34330","BSU_34360","EpsE","EpsB","epsE","epsB","EpsE","EpsB","BSU_34330","BSU_34360","subtiwiki","224308.BSU34330/224308.BSU34360","physical","txid224308"
"BSU_16320","BSU_16410","FliY","YlxH","fliY","flhG","FliY","FlhG","BSU_16320","BSU_16410","subtiwiki","224308.BSU16320/224308.BSU16410","physical","txid224308"
"BSU_16230","BSU_16390","FliH","FlhA","fliH","flhA","FliH","FlhA","BSU_16230","BSU_16390","string-db","224308.BSU16390/224308.BSU16230","physical","txid224308"
"BSU_16230","BSU_16360","FliH","FliQ","fliH","fliQ","FliH","FliQ","BSU_16230","BSU_16360","string-db","224308.BSU16360/224308.BSU16230","physical","txid224308"
"BSU_16230","BSU_35340","FliH","FliD","fliH","fliD","FliH","FliD","BSU_16230","BSU_35340","string-db","224308.BSU35340/224308.BSU16230","physical","txid224308"
"BSU_16230","BSU_16350","FliH","FliP","fliH","fliP","FliH","FliP","BSU_16230","BSU_16350","string-db","224308.BSU16350/224308.BSU16230","physical","txid224308"
"BSU_16230","BSU_16370","FliH","FliR","fliH","fliR","FliH","FliR","BSU_16230","BSU_16370","string-db","224308.BSU16370/224308.BSU16230","physical","txid224308"
"BSU_16230","BSU_16380","FliH","FlhB","fliH","flhB","FliH","FlhB","BSU_16230","BSU_16380","string-db","224308.BSU16380/224308.BSU16230","physical","txid224308"
"BSU_16230","BSU_16240","FliH","FliI","fliH","fliI","FliH","FliI","BSU_16230","BSU_16240","subtiwiki","224308.BSU16240/224308.BSU16230","physical","txid224308"
"BSU_16240","BSU_36820","FliI","AtpG","fliI","atpG","FliI","AtpG","BSU_16240","BSU_36820","string-db","224308.BSU36820/224308.BSU16240","physical","txid224308"
"BSU_16240","BSU_36870","FliI","AtpB","fliI","atpB","FliI","AtpB","BSU_16240","BSU_36870","string-db","224308.BSU36870/224308.BSU16240","physical","txid224308"
"BSU_16240","BSU_36840","FliI","AtpH","fliI","atpH","FliI","AtpH","BSU_16240","BSU_36840","string-db","224308.BSU36840/224308.BSU16240","physical","txid224308"
"BSU_16240","BSU_36800","FliI","AtpC","fliI","atpC","FliI","AtpC","BSU_16240","BSU_36800","string-db","224308.BSU36800/224308.BSU16240","physical","txid224308"
"BSU_16240","BSU_36850","FliI","AtpF","fliI","atpF","FliI","AtpF","BSU_16240","BSU_36850","string-db","224308.BSU36850/224308.BSU16240","physical","txid224308"
"BSU_16240","BSU_36830","FliI","AtpA","fliI","atpA","FliI","AtpA","BSU_16240","BSU_36830","string-db","224308.BSU36830/224308.BSU16240","physical","txid224308"
"BSU_16240","BSU_16380","FliI","FlhB","fliI","flhB","FliI","FlhB","BSU_16240","BSU_16380","subtiwiki","224308.BSU16240/224308.BSU16380","physical","txid224308"
"BSU_16240","BSU_36860","FliI","AtpE","fliI","atpE","FliI","AtpE","BSU_16240","BSU_36860","string-db","224308.BSU36860/224308.BSU16240","physical","txid224308"
"BSU_16240","BSU_16370","FliI","FliR","fliI","fliR","FliI","FliR","BSU_16240","BSU_16370","string-db","224308.BSU16370/224308.BSU16240","physical","txid224308"
"BSU_16240","BSU_36880","FliI","AtpI","fliI","atpI","FliI","AtpI","BSU_16240","BSU_36880","string-db","224308.BSU36880/224308.BSU16240","physical","txid224308"
"BSU_16240","BSU_16350","FliI","FliP","fliI","fliP","FliI","FliP","BSU_16240","BSU_16350","string-db","224308.BSU16350/224308.BSU16240","physical","txid224308"
"BSU_16240","BSU_36810","FliI","AtpD","fliI","atpD","FliI","AtpD","BSU_16240","BSU_36810","string-db","224308.BSU36810/224308.BSU16240","physical","txid224308"
"BSU_16240","BSU_16390","FliI","FlhA","fliI","flhA","FliI","FlhA","BSU_16240","BSU_16390","string-db","224308.BSU16390/224308.BSU16240","physical","txid224308"
"BSU_16240","BSU_16360","FliI","FliQ","fliI","fliQ","FliI","FliQ","BSU_16240","BSU_16360","string-db","224308.BSU16360/224308.BSU16240","physical","txid224308"
"BSU_16240","BSU_16250","FliI","FliJ","fliI","fliJ","FliI","FliJ","BSU_16240","BSU_16250","subtiwiki","224308.BSU16240/224308.BSU16250","physical","txid224308"
"BSU_35340","BSU_35360","FliD","Hag","fliD","hag","FliD","Hag","BSU_35340","BSU_35360","subtiwiki","224308.BSU35340/224308.BSU35360","physical","txid224308"
"BSU_35340","BSU_35400","FliD","FlgL","fliD","flgL","FliD","FlgL","BSU_35340","BSU_35400","string-db","224308.BSU35400/224308.BSU35340","physical","txid224308"
"BSU_35340","BSU_35410","FliD","FlgK","fliD","flgK","FliD","FlgK","BSU_35340","BSU_35410","string-db","224308.BSU35410/224308.BSU35340","physical","txid224308"
"BSU_36840","BSU_36850","AtpH","AtpF","atpH","atpF","AtpH","AtpF","BSU_36840","BSU_36850","subtiwiki","224308.BSU36850/224308.BSU36840","physical","txid224308"
"BSU_36840","BSU_36880","AtpH","AtpI","atpH","atpI","AtpH","AtpI","BSU_36840","BSU_36880","string-db","224308.BSU36880/224308.BSU36840","physical","txid224308"
"BSU_36840","BSU_36870","AtpH","AtpB","atpH","atpB","AtpH","AtpB","BSU_36840","BSU_36870","string-db","224308.BSU36870/224308.BSU36840","physical","txid224308"
"BSU_36840","BSU_36860","AtpH","AtpE","atpH","atpE","AtpH","AtpE","BSU_36840","BSU_36860","string-db","224308.BSU36860/224308.BSU36840","physical","txid224308"
"BSU_36820","BSU_36870","AtpG","AtpB","atpG","atpB","AtpG","AtpB","BSU_36820","BSU_36870","string-db","224308.BSU36870/224308.BSU36820","physical","txid224308"
"BSU_36820","BSU_36840","AtpG","AtpH","atpG","atpH","AtpG","AtpH","BSU_36820","BSU_36840","string-db","224308.BSU36840/224308.BSU36820","physical","txid224308"
"BSU_36820","BSU_36860","AtpG","AtpE","atpG","atpE","AtpG","AtpE","BSU_36820","BSU_36860","string-db","224308.BSU36860/224308.BSU36820","physical","txid224308"
"BSU_36820","BSU_36830","AtpG","AtpA","atpG","atpA","AtpG","AtpA","BSU_36820","BSU_36830","subtiwiki","224308.BSU36820/224308.BSU36830","physical","txid224308"
"BSU_36820","BSU_36880","AtpG","AtpI","atpG","atpI","AtpG","AtpI","BSU_36820","BSU_36880","string-db","224308.BSU36880/224308.BSU36820","physical","txid224308"
"BSU_36820","BSU_36850","AtpG","AtpF","atpG","atpF","AtpG","AtpF","BSU_36820","BSU_36850","string-db","224308.BSU36850/224308.BSU36820","physical","txid224308"
"BSU_36870","BSU_36880","AtpB","AtpI","atpB","atpI","AtpB","AtpI","BSU_36870","BSU_36880","string-db","224308.BSU36880/224308.BSU36870","physical","txid224308"
"BSU_36810","BSU_36830","AtpD","AtpA","atpD","atpA","AtpD","AtpA","BSU_36810","BSU_36830","subtiwiki","224308.BSU36810/224308.BSU36830","physical","txid224308"
"BSU_36810","BSU_36820","AtpD","AtpG","atpD","atpG","AtpD","AtpG","BSU_36810","BSU_36820","subtiwiki","224308.BSU36810/224308.BSU36820","physical","txid224308"
"BSU_36810","BSU_36880","AtpD","AtpI","atpD","atpI","AtpD","AtpI","BSU_36810","BSU_36880","string-db","224308.BSU36880/224308.BSU36810","physical","txid224308"
"BSU_36810","BSU_36840","AtpD","AtpH","atpD","atpH","AtpD","AtpH","BSU_36810","BSU_36840","subtiwiki","224308.BSU36810/224308.BSU36840","physical","txid224308"
"BSU_36810","BSU_36870","AtpD","AtpB","atpD","atpB","AtpD","AtpB","BSU_36810","BSU_36870","string-db","224308.BSU36870/224308.BSU36810","physical","txid224308"
"BSU_36810","BSU_36850","AtpD","AtpF","atpD","atpF","AtpD","AtpF","BSU_36810","BSU_36850","string-db","224308.BSU36850/224308.BSU36810","physical","txid224308"
"BSU_36810","BSU_36860","AtpD","AtpE","atpD","atpE","AtpD","AtpE","BSU_36810","BSU_36860","string-db","224308.BSU36860/224308.BSU36810","physical","txid224308"
"BSU_36800","BSU_36850","AtpC","AtpF","atpC","atpF","AtpC","AtpF","BSU_36800","BSU_36850","string-db","224308.BSU36850/224308.BSU36800","physical","txid224308"
"BSU_36800","BSU_36860","AtpC","AtpE","atpC","atpE","AtpC","AtpE","BSU_36800","BSU_36860","subtiwiki","224308.BSU36860/224308.BSU36800","physical","txid224308"
"BSU_36800","BSU_36810","AtpC","AtpD","atpC","atpD","AtpC","AtpD","BSU_36800","BSU_36810","string-db","224308.BSU36810/224308.BSU36800","physical","txid224308"
"BSU_36800","BSU_36840","AtpC","AtpH","atpC","atpH","AtpC","AtpH","BSU_36800","BSU_36840","string-db","224308.BSU36840/224308.BSU36800","physical","txid224308"
"BSU_36800","BSU_36830","AtpC","AtpA","atpC","atpA","AtpC","AtpA","BSU_36800","BSU_36830","string-db","224308.BSU36830/224308.BSU36800","physical","txid224308"
"BSU_36800","BSU_36820","AtpC","AtpG","atpC","atpG","AtpC","AtpG","BSU_36800","BSU_36820","string-db","224308.BSU36820/224308.BSU36800","physical","txid224308"
"BSU_36800","BSU_36870","AtpC","AtpB","atpC","atpB","AtpC","AtpB","BSU_36800","BSU_36870","string-db","224308.BSU36870/224308.BSU36800","physical","txid224308"
"BSU_36800","BSU_36880","AtpC","AtpI","atpC","atpI","AtpC","AtpI","BSU_36800","BSU_36880","string-db","224308.BSU36880/224308.BSU36800","physical","txid224308"
"BSU_36800","BSU_00370","AtpC","AbrB","atpC","abrB","AtpC","AbrB","BSU_36800","BSU_00370","subtiwiki","224308.BSU36800/224308.BSU00370","physical","txid224308"
"BSU_36860","BSU_36880","AtpE","AtpI","atpE","atpI","AtpE","AtpI","BSU_36860","BSU_36880","string-db","224308.BSU36880/224308.BSU36860","physical","txid224308"
"BSU_36860","BSU_36870","AtpE","AtpB","atpE","atpB","AtpE","AtpB","BSU_36860","BSU_36870","subtiwiki","224308.BSU36860/224308.BSU36870","physical","txid224308"
"BSU_36850","BSU_36860","AtpF","AtpE","atpF","atpE","AtpF","AtpE","BSU_36850","BSU_36860","string-db","224308.BSU36860/224308.BSU36850","physical","txid224308"
"BSU_36850","BSU_36870","AtpF","AtpB","atpF","atpB","AtpF","AtpB","BSU_36850","BSU_36870","subtiwiki","224308.BSU36850/224308.BSU36870","physical","txid224308"
"BSU_36850","BSU_36880","AtpF","AtpI","atpF","atpI","AtpF","AtpI","BSU_36850","BSU_36880","string-db","224308.BSU36880/224308.BSU36850","physical","txid224308"
"BSU_36850","BSU_02980","AtpF","OpuAA","atpF","opuAA","AtpF","OpuAA","BSU_36850","BSU_02980","subtiwiki","224308.BSU36850/224308.BSU02980","physical","txid224308"
"BSU_36850","BSU_09300","AtpF","GlpD","atpF","glpD","AtpF","GlpD","BSU_36850","BSU_09300","subtiwiki","224308.BSU36850/224308.BSU09300","physical","txid224308"
"BSU_36830","BSU_36870","AtpA","AtpB","atpA","atpB","AtpA","AtpB","BSU_36830","BSU_36870","string-db","224308.BSU36870/224308.BSU36830","physical","txid224308"
"BSU_36830","BSU_36840","AtpA","AtpH","atpA","atpH","AtpA","AtpH","BSU_36830","BSU_36840","subtiwiki","224308.BSU36830/224308.BSU36840","physical","txid224308"
"BSU_36830","BSU_36860","AtpA","AtpE","atpA","atpE","AtpA","AtpE","BSU_36830","BSU_36860","string-db","224308.BSU36860/224308.BSU36830","physical","txid224308"
"BSU_36830","BSU_36850","AtpA","AtpF","atpA","atpF","AtpA","AtpF","BSU_36830","BSU_36850","string-db","224308.BSU36850/224308.BSU36830","physical","txid224308"
"BSU_36830","BSU_36880","AtpA","AtpI","atpA","atpI","AtpA","AtpI","BSU_36830","BSU_36880","string-db","224308.BSU36880/224308.BSU36830","physical","txid224308"
"BSU_16250","BSU_16390","FliJ","FlhA","fliJ","flhA","FliJ","FlhA","BSU_16250","BSU_16390","subtiwiki","224308.BSU16250/224308.BSU16390","physical","txid224308"
"BSU_16250","BSU_16360","FliJ","FliQ","fliJ","fliQ","FliJ","FliQ","BSU_16250","BSU_16360","string-db","224308.BSU16360/224308.BSU16250","physical","txid224308"
"BSU_16280","BSU_16290","FlgD","FlgE","flgD","flgE","FlgD","FlgE","BSU_16280","BSU_16290","subtiwiki","224308.BSU16280/224308.BSU16290","physical","txid224308"
"BSU_16280","BSU_35400","FlgD","FlgL","flgD","flgL","FlgD","FlgL","BSU_16280","BSU_35400","string-db","224308.BSU35400/224308.BSU16280","physical","txid224308"
"BSU_16280","BSU_16370","FlgD","FliR","flgD","fliR","FlgD","FliR","BSU_16280","BSU_16370","string-db","224308.BSU16370/224308.BSU16280","physical","txid224308"
"BSU_16280","BSU_16360","FlgD","FliQ","flgD","fliQ","FlgD","FliQ","BSU_16280","BSU_16360","string-db","224308.BSU16360/224308.BSU16280","physical","txid224308"
"BSU_16280","BSU_35410","FlgD","FlgK","flgD","flgK","FlgD","FlgK","BSU_16280","BSU_35410","string-db","224308.BSU35410/224308.BSU16280","physical","txid224308"
"BSU_35400","BSU_35410","FlgL","FlgK","flgL","flgK","FlgL","FlgK","BSU_35400","BSU_35410","string-db","224308.BSU35410/224308.BSU35400","physical","txid224308"
"BSU_35320","BSU_16250","FliT","FliJ","fliT","fliJ","FliT","FliJ","BSU_35320","BSU_16250","subtiwiki","224308.BSU35320/224308.BSU16250","physical","txid224308"
"BSU_35320","BSU_35340","FliT","FliD","fliT","fliD","FliT","FliD","BSU_35320","BSU_35340","subtiwiki","224308.BSU35320/224308.BSU35340","physical","txid224308"
"BSU_35330","BSU_35360","FliS","Hag","fliS","hag","FliS","Hag","BSU_35330","BSU_35360","subtiwiki","224308.BSU35330/224308.BSU35360","physical","txid224308"
"BSU_16400","BSU_16410","FlhF","YlxH","flhF","flhG","FlhF","FlhG","BSU_16400","BSU_16410","subtiwiki","224308.BSU16400/224308.BSU16410","physical","txid224308"
"BSU_16450","BSU_31260","CheC","McpB","cheC","mcpB","CheC","McpB","BSU_16450","BSU_31260","subtiwiki","224308.BSU16450/224308.BSU31260","physical","txid224308"
"BSU_16450","BSU_16460","CheC","CheD","cheC","cheD","CheC","CheD","BSU_16450","BSU_16460","subtiwiki","224308.BSU16460/224308.BSU16450","physical","txid224308"
"BSU_37120","BSU_18000","FbaA","CitB","BSU_37120","citB","FbaA","CitB","BSU_37120","BSU_18000","subtiwiki","224308.BSU37120/224308.BSU18000","physical","txid224308"
"BSU_16570","BSU_29740","ProS","CcpA","BSU_16570","ccpA","ProS","CcpA","BSU_16570","BSU_29740","string-db","224308.BSU29740/224308.BSU16570","physical","txid224308"
"BSU_16600","BSU_29740","NusA","CcpA","nusA","ccpA","NusA","CcpA","BSU_16600","BSU_29740","string-db","224308.BSU29740/224308.BSU16600","physical","txid224308"
"BSU_16600","BSU_01070","NusA","RpoB","nusA","rpoB","NusA","RpoB","BSU_16600","BSU_01070","subtiwiki","224308.BSU16600/224308.BSU01070","physical","txid224308"
"BSU_16600","BSU_01080","NusA","RpoC","nusA","rpoC","NusA","RpoC","BSU_16600","BSU_01080","subtiwiki","224308.BSU16600/224308.BSU01080","physical","txid224308"
"BSU_16600","BSU_22960","NusA","GudB","nusA","gudB","NusA","GudB","BSU_16600","BSU_22960","subtiwiki","224308.BSU16600/224308.BSU22960","physical","txid224308"
"BSU_16600","BSU_14100","NusA","YkuJ","nusA","ykuJ","NusA","YkuJ","BSU_16600","BSU_14100","subtiwiki","224308.BSU16600/224308.BSU14100","physical","txid224308"
"BSU_16630","BSU_29740","InfB","CcpA","infB","ccpA","InfB","CcpA","BSU_16630","BSU_29740","string-db","224308.BSU29740/224308.BSU16630","physical","txid224308"
"BSU_16630","BSU_35700","InfB","TagH","infB","tagH","InfB","TagH","BSU_16630","BSU_35700","subtiwiki","224308.BSU16630/224308.BSU35700","physical","txid224308"
"BSU_16670","BSU_29300","RibC","RbfK","BSU_16670","ribR","RibC","RbfK","BSU_16670","BSU_29300","string-db","224308.BSU29300/224308.BSU16670","physical","txid224308"
"BSU_16730","BSU_16740","SpoVFA","SpoVFB","spoVFA","spoVFB","SpoVFA","SpoVFB","BSU_16730","BSU_16740","string-db","224308.BSU16740/224308.BSU16730","physical","txid224308"
"BSU_16750","BSU_29740","Asd","CcpA","asd","ccpA","Asd","CcpA","BSU_16750","BSU_29740","string-db","224308.BSU29740/224308.BSU16750","physical","txid224308"
"BSU_40900","BSU_27480","SsbA","RecD2","ssbA","BSU_27480","SsbA","RecD2","BSU_40900","BSU_27480","subtiwiki","224308.BSU40900/224308.BSU27480","physical","txid224308"
"BSU_40900","BSU_19220","SsbA","RtbI","ssbA","BSU_19220","SsbA","RecQ","BSU_40900","BSU_19220","subtiwiki","224308.BSU40900/224308.BSU19220","physical","txid224308"
"BSU_40900","BSU_22350","SsbA","DnaD","ssbA","BSU_22350","SsbA","DnaD","BSU_40900","BSU_22350","subtiwiki","224308.BSU40900/224308.BSU22350","physical","txid224308"
"BSU_40900","BSU_00040","SsbA","RecF","ssbA","recF","SsbA","RecF","BSU_40900","BSU_00040","subtiwiki","224308.BSU40900/224308.BSU00040","physical","txid224308"
"BSU_40900","BSU_15710","SsbA","PriA","ssbA","BSU_15710","SsbA","PriA","BSU_40900","BSU_15710","subtiwiki","224308.BSU40900/224308.BSU15710","physical","txid224308"
"BSU_40900","BSU_00310","SsbA","HolB","ssbA","BSU_00310","SsbA","HolB","BSU_40900","BSU_00310","subtiwiki","224308.BSU40900/224308.BSU00310","physical","txid224308"
"BSU_40900","BSU_28980","SsbA","DnaI","ssbA","BSU_28980","SsbA","DnaI","BSU_40900","BSU_28980","subtiwiki","224308.BSU40900/224308.BSU28980","physical","txid224308"
"BSU_40900","BSU_00210","SsbA","RecR","ssbA","BSU_00210","SsbA","RecR","BSU_40900","BSU_00210","subtiwiki","224308.BSU40900/224308.BSU00210","physical","txid224308"
"BSU_40900","BSU_16580","SsbA","PolC","ssbA","BSU_16580","SsbA","PolC","BSU_40900","BSU_16580","subtiwiki","224308.BSU40900/224308.BSU16580","physical","txid224308"
"BSU_40900","BSU_25560","SsbA","HolA","ssbA","BSU_25560","SsbA","HolA","BSU_40900","BSU_25560","subtiwiki","224308.BSU40900/224308.BSU25560","physical","txid224308"
"BSU_40900","BSU_27620","SsbA","RecJ","ssbA","recJ","SsbA","RecJ","BSU_40900","BSU_27620","subtiwiki","224308.BSU40900/224308.BSU27620","physical","txid224308"
"BSU_40900","BSU_37970","SsbA","Ung","ssbA","BSU_37970","SsbA","Ung","BSU_40900","BSU_37970","subtiwiki","224308.BSU40900/224308.BSU37970","physical","txid224308"
"BSU_40900","BSU_10650","SsbA","SbcC","ssbA","sbcC","SsbA","SbcC","BSU_40900","BSU_10650","subtiwiki","224308.BSU40900/224308.BSU10650","physical","txid224308"
"BSU_33900","BSU_29190","Eno","PfkA","eno","BSU_29190","Eno","PfkA","BSU_33900","BSU_29190","subtiwiki","224308.BSU33900/224308.BSU29190","physical","txid224308"
"BSU_33900","BSU_00710","Eno","HslO","eno","yacC","Eno","YacC","BSU_33900","BSU_00710","subtiwiki","224308.BSU33900/224308.BSU00710","physical","txid224308"
"BSU_33900","BSU_01410","Eno","RpsM","eno","rpsM","Eno","RpsM","BSU_33900","BSU_01410","subtiwiki","224308.BSU33900/224308.BSU01410","physical","txid224308"
"BSU_33900","BSU_01420","Eno","RpsK","eno","rpsK","Eno","RpsK","BSU_33900","BSU_01420","subtiwiki","224308.BSU33900/224308.BSU01420","physical","txid224308"
"BSU_33900","BSU_01190","Eno","RplB","eno","rplB","Eno","RplB","BSU_33900","BSU_01190","subtiwiki","224308.BSU33900/224308.BSU01190","physical","txid224308"
"BSU_33900","BSU_39230","Eno","WapA","eno","wapA","Eno","WapA","BSU_33900","BSU_39230","subtiwiki","224308.BSU33900/224308.BSU39230","physical","txid224308"
"BSU_33900","BSU_15080","Eno","RpmF","eno","rpmF","Eno","RpmF","BSU_33900","BSU_15080","subtiwiki","224308.BSU33900/224308.BSU15080","physical","txid224308"
"BSU_33900","BSU_01160","Eno","RplC","eno","rplC","Eno","RplC","BSU_33900","BSU_01160","subtiwiki","224308.BSU33900/224308.BSU01160","physical","txid224308"
"BSU_17670","BSU_17700","CotU","CotC","cotU","cotC","CotU","CotC","BSU_17670","BSU_17700","subtiwiki","224308.BSU17700/224308.BSU17670","physical","txid224308"
"BSU_22800","BSU_28110","SpoIVA","SpoVID","spoIVA","spoVID","SpoIVA","SpoVID","BSU_22800","BSU_28110","subtiwiki","224308.BSU28110/224308.BSU22800","physical","txid224308"
"BSU_22800","BSU_27840","SpoIVA","SafA","spoIVA","safA","SpoIVA","SafA","BSU_22800","BSU_27840","subtiwiki","224308.BSU22800/224308.BSU27840","physical","txid224308"
"BSU_22800","BSU_15810","SpoIVA","SpoVM","spoIVA","spoVM","SpoIVA","SpoVM","BSU_22800","BSU_15810","subtiwiki","224308.BSU22800/224308.BSU15810","physical","txid224308"
"BSU_22800","BSU_00230","SpoIVA","BofA","spoIVA","bofA","SpoIVA","BofA","BSU_22800","BSU_00230","subtiwiki","224308.BSU22800/224308.BSU00230","physical","txid224308"
"BSU_22800","BSU_17640","SpoIVA","AlrB","spoIVA","yncD","SpoIVA","YncD","BSU_22800","BSU_17640","subtiwiki","224308.BSU22800/224308.BSU17640","physical","txid224308"
"BSU_31270","BSU_27840","Tgl","SafA","tgl","safA","Tgl","SafA","BSU_31270","BSU_27840","subtiwiki","224308.BSU31270/224308.BSU27840","physical","txid224308"
"BSU_17040","BSU_28580","MutS","MutSB","BSU_17040","BSU_28580","MutS","RqcU","BSU_17040","BSU_28580","string-db","224308.BSU28580/224308.BSU17040","physical","txid224308"
"BSU_28490","BSU_32620","UvrC","YurQ","uvrC","BSU_32620","UvrC","YurQ","BSU_28490","BSU_32620","string-db","224308.BSU32620/224308.BSU28490","physical","txid224308"
"BSU_28490","BSU_35170","UvrC","UvrB","uvrC","uvrB","UvrC","UvrB","BSU_28490","BSU_35170","subtiwiki","224308.BSU28490/224308.BSU35170","physical","txid224308"
"BSU_28490","BSU_35160","UvrC","UvrA","uvrC","uvrA","UvrC","UvrA","BSU_28490","BSU_35160","string-db","224308.BSU35160/224308.BSU28490","physical","txid224308"
"BSU_32620","BSU_35170","YurQ","UvrB","BSU_32620","uvrB","YurQ","UvrB","BSU_32620","BSU_35170","string-db","224308.BSU35170/224308.BSU32620","physical","txid224308"
"BSU_32620","BSU_35160","YurQ","UvrA","BSU_32620","uvrA","YurQ","UvrA","BSU_32620","BSU_35160","string-db","224308.BSU35160/224308.BSU32620","physical","txid224308"
"BSU_17210","BSU_17220","PksN","PksR","pksN","pksR","PksN","PksR","BSU_17210","BSU_17220","string-db","224308.BSU17220/224308.BSU17210","physical","txid224308"
"BSU_17190","BSU_17210","PksL","PksN","pksL","pksN","PksL","PksN","BSU_17190","BSU_17210","string-db","224308.BSU17210/224308.BSU17190","physical","txid224308"
"BSU_17190","BSU_17220","PksL","PksR","pksL","pksR","PksL","PksR","BSU_17190","BSU_17220","string-db","224308.BSU17220/224308.BSU17190","physical","txid224308"
"BSU_17190","BSU_17200","PksL","PksM","pksL","pksM","PksL","PksM","BSU_17190","BSU_17200","string-db","224308.BSU17200/224308.BSU17190","physical","txid224308"
"BSU_17200","BSU_17220","PksM","PksR","pksM","pksR","PksM","PksR","BSU_17200","BSU_17220","string-db","224308.BSU17220/224308.BSU17200","physical","txid224308"
"BSU_17200","BSU_17210","PksM","PksN","pksM","pksN","PksM","PksN","BSU_17200","BSU_17210","string-db","224308.BSU17210/224308.BSU17200","physical","txid224308"
"BSU_17290","BSU_17300","EbrB","EbrA","BSU_17290","BSU_17300","EbrB","EbrA","BSU_17290","BSU_17300","subtiwiki","224308.BSU17300/224308.BSU17290","physical","txid224308"
"BSU_17340","BSU_25500","Hfq","HemN","BSU_17340","hemN","Hfq","HemN","BSU_17340","BSU_25500","string-db","224308.BSU25500/224308.BSU17340","physical","txid224308"
"BSU_17370","BSU_32110","NrdI","YumC","nrdI","BSU_32110","NrdI","YumC","BSU_17370","BSU_32110","subtiwiki","224308.BSU17370/224308.BSU32110","physical","txid224308"
"BSU_17370","BSU_17390","NrdI","NrdF","nrdI","nrdF","NrdI","NrdF","BSU_17370","BSU_17390","subtiwiki","224308.BSU17370/224308.BSU17390","physical","txid224308"
"BSU_17370","BSU_20040","NrdI","YosP","nrdI","BSU_20040","NrdI","YosP","BSU_17370","BSU_20040","string-db","224308.BSU20040/224308.BSU17370","physical","txid224308"
"BSU_17390","BSU_20070","NrdF","NrdIB","nrdF","BSU_20070","NrdF","NrdIB","BSU_17390","BSU_20070","string-db","224308.BSU20070/224308.BSU17390","physical","txid224308"
"BSU_17390","BSU_20060","NrdF","NrdEB","nrdF","BSU_20060","NrdF","NrdEB","BSU_17390","BSU_20060","string-db","224308.BSU20060/224308.BSU17390","physical","txid224308"
"BSU_17390","BSU_20040","NrdF","YosP","nrdF","BSU_20040","NrdF","YosP","BSU_17390","BSU_20040","string-db","224308.BSU20040/224308.BSU17390","physical","txid224308"
"BSU_20040","BSU_20060","YosP","NrdEB","BSU_20040","BSU_20060","YosP","NrdEB","BSU_20040","BSU_20060","subtiwiki","224308.BSU20040/224308.BSU20060","physical","txid224308"
"BSU_20040","BSU_20070","YosP","NrdIB","BSU_20040","BSU_20070","YosP","NrdIB","BSU_20040","BSU_20070","string-db","224308.BSU20070/224308.BSU20040","physical","txid224308"
"BSU_17380","BSU_20060","NrdE","NrdEB","nrdE","BSU_20060","NrdE","NrdEB","BSU_17380","BSU_20060","string-db","224308.BSU20060/224308.BSU17380","physical","txid224308"
"BSU_17380","BSU_17390","NrdE","NrdF","nrdE","nrdF","NrdE","NrdF","BSU_17380","BSU_17390","subtiwiki","224308.BSU17380/224308.BSU17390","physical","txid224308"
"BSU_17380","BSU_20040","NrdE","YosP","nrdE","BSU_20040","NrdE","YosP","BSU_17380","BSU_20040","string-db","224308.BSU20040/224308.BSU17380","physical","txid224308"
"BSU_17380","BSU_20030","NrdE","YosR","nrdE","BSU_20030","NrdE","YosR","BSU_17380","BSU_20030","subtiwiki","224308.BSU17380/224308.BSU20030","physical","txid224308"
"BSU_17380","BSU_28500","NrdE","TrxA","nrdE","trxA","NrdE","TrxA","BSU_17380","BSU_28500","subtiwiki","224308.BSU17380/224308.BSU28500","physical","txid224308"
"BSU_17450","BSU_17460","GlnR","GlnA","glnR","glnA","GlnR","GlnA","BSU_17450","BSU_17460","subtiwiki","224308.BSU17450/224308.BSU17460","physical","txid224308"
"BSU_28290","BSU_36900","IlvC","GlyA","ilvC","glyA","IlvC","GlyA","BSU_28290","BSU_36900","string-db","224308.BSU36900/224308.BSU28290","physical","txid224308"
"BSU_28290","BSU_29740","IlvC","CcpA","ilvC","ccpA","IlvC","CcpA","BSU_28290","BSU_29740","string-db","224308.BSU29740/224308.BSU28290","physical","txid224308"
"BSU_28290","BSU_38290","IlvC","ThiE","ilvC","thiE","IlvC","ThiE","BSU_28290","BSU_38290","string-db","224308.BSU38290/224308.BSU28290","physical","txid224308"
"BSU_17620","BSU_29980","YncB","YtjP","BSU_17620","BSU_29980","YncB","YtjP","BSU_17620","BSU_29980","string-db","224308.BSU29980/224308.BSU17620","physical","txid224308"
"BSU_17660","BSU_20020","YncF","YosS","BSU_17660","BSU_20020","YncF","YosS","BSU_17660","BSU_20020","string-db","224308.BSU20020/224308.BSU17660","physical","txid224308"
"BSU_17680","BSU_21820","ThyA","ThyB","BSU_17680","thyB","ThyA","ThyB","BSU_17680","BSU_21820","string-db","224308.BSU21820/224308.BSU17680","physical","txid224308"
"BSU_23130","BSU_23140","ResC","ResB","resC","resB","ResC","ResB","BSU_23130","BSU_23140","subtiwiki","224308.BSU23140/224308.BSU23130","physical","txid224308"
"BSU_18090","BSU_18100","ParE","ParC","parE","parC","ParE","ParC","BSU_18090","BSU_18100","subtiwiki","224308.BSU18090/224308.BSU18100","physical","txid224308"
"BSU_28510","BSU_28720","Xsa","AbfA","abf2","abfA","Xsa","AbfA","BSU_28510","BSU_28720","string-db","224308.BSU28720/224308.BSU28510","physical","txid224308"
"BSU_18180","BSU_38190","YngB","GalT","yngB","galT","YngB","GalT","BSU_18180","BSU_38190","string-db","224308.BSU38190/224308.BSU18180","physical","txid224308"
"BSU_18180","BSU_30850","YngB","YtdA","yngB","ytdA","YngB","YtdA","BSU_18180","BSU_30850","string-db","224308.BSU30850/224308.BSU18180","physical","txid224308"
"BSU_18180","BSU_35670","YngB","GtaB","yngB","gtaB","YngB","GtaB","BSU_18180","BSU_35670","string-db","224308.BSU35670/224308.BSU18180","physical","txid224308"
"BSU_35670","BSU_38190","GtaB","GalT","gtaB","galT","GtaB","GalT","BSU_35670","BSU_38190","string-db","224308.BSU38190/224308.BSU35670","physical","txid224308"
"BSU_30850","BSU_35670","YtdA","GtaB","ytdA","gtaB","YtdA","GtaB","BSU_30850","BSU_35670","string-db","224308.BSU35670/224308.BSU30850","physical","txid224308"
"BSU_30850","BSU_38190","YtdA","GalT","ytdA","galT","YtdA","GalT","BSU_30850","BSU_38190","string-db","224308.BSU38190/224308.BSU30850","physical","txid224308"
"BSU_18240","BSU_24340","YngHA","AccC","yngH","BSU_24340","YngH","AccC","BSU_18240","BSU_24340","string-db","224308.BSU24340/224308.BSU18240","physical","txid224308"
"BSU_18240","BSU_24350","YngHA","AccB","yngH","BSU_24350","YngH","AccB","BSU_18240","BSU_24350","string-db","224308.BSU24350/224308.BSU18240","physical","txid224308"
"BSU_18240","BSU_29200","YngHA","AccA","yngH","accA","YngH","AccA","BSU_18240","BSU_29200","string-db","224308.BSU29200/224308.BSU18240","physical","txid224308"
"BSU_18240","BSU_29210","YngHA","AccD","yngH","accD","YngH","AccD","BSU_18240","BSU_29210","string-db","224308.BSU29210/224308.BSU18240","physical","txid224308"
"BSU_29200","BSU_29210","AccA","AccD","accA","accD","AccA","AccD","BSU_29200","BSU_29210","subtiwiki","224308.BSU29200/224308.BSU29210","physical","txid224308"
"BSU_29200","BSU_10000","AccA","YhaH","accA","BSU_10000","AccA","YhaH","BSU_29200","BSU_10000","subtiwiki","224308.BSU29200/224308.BSU10000","physical","txid224308"
"BSU_24340","BSU_29210","AccC","AccD","BSU_24340","accD","AccC","AccD","BSU_24340","BSU_29210","subtiwiki","224308.BSU24340/224308.BSU29210","physical","txid224308"
"BSU_24340","BSU_24350","AccC","AccB","BSU_24340","BSU_24350","AccC","AccB","BSU_24340","BSU_24350","subtiwiki","224308.BSU24340/224308.BSU24350","physical","txid224308"
"BSU_24340","BSU_29740","AccC","CcpA","BSU_24340","ccpA","AccC","CcpA","BSU_24340","BSU_29740","string-db","224308.BSU29740/224308.BSU24340","physical","txid224308"
"BSU_24340","BSU_29200","AccC","AccA","BSU_24340","accA","AccC","AccA","BSU_24340","BSU_29200","subtiwiki","224308.BSU24340/224308.BSU29200","physical","txid224308"
"BSU_18300","BSU_18340","PpsE","PpsA","ppsE","ppsA","PpsE","PpsA","BSU_18300","BSU_18340","string-db","224308.BSU18340/224308.BSU18300","physical","txid224308"
"BSU_18300","BSU_18320","PpsE","PpsC","ppsE","ppsC","PpsE","PpsC","BSU_18300","BSU_18320","string-db","224308.BSU18320/224308.BSU18300","physical","txid224308"
"BSU_18300","BSU_18330","PpsE","PpsB","ppsE","ppsB","PpsE","PpsB","BSU_18300","BSU_18330","string-db","224308.BSU18330/224308.BSU18300","physical","txid224308"
"BSU_18410","BSU_36100","Ggt","YwrD","BSU_18410","ywrD","Ggt","YwrD","BSU_18410","BSU_36100","string-db","224308.BSU36100/224308.BSU18410","physical","txid224308"
"BSU_18460","BSU_37790","GltC","RocG","gltC","rocG","GltC","RocG","BSU_18460","BSU_37790","subtiwiki","224308.BSU37790/224308.BSU18460","physical","txid224308"
"BSU_18460","BSU_22960","GltC","GudB","gltC","gudB","GltC","GudB","BSU_18460","BSU_22960","subtiwiki","224308.BSU18460/224308.BSU22960","physical","txid224308"
"BSU_18550","BSU_29740","YoaC","CcpA","yoaC","ccpA","YoaC","CcpA","BSU_18550","BSU_29740","string-db","224308.BSU29740/224308.BSU18550","physical","txid224308"
"BSU_18560","BSU_23070","YoaD","SerA","yoaD","serA","YoaD","SerA","BSU_18560","BSU_23070","string-db","224308.BSU23070/224308.BSU18560","physical","txid224308"
"BSU_18990","BSU_19000","RttM","RttL","BSU_18990","BSU_19000","YobK","YobL","BSU_18990","BSU_19000","subtiwiki","224308.BSU19000/224308.BSU18990","physical","txid224308"
"BSU_19040","BSU_35300","CsaA","SecA","BSU_19040","secA","CsaA","SecA","BSU_19040","BSU_35300","subtiwiki","224308.BSU35300/224308.BSU19040","physical","txid224308"
"BSU_19190","BSU_34070","DesK","YvfT","BSU_19190","BSU_34070","DesK","YvfT","BSU_19190","BSU_34070","string-db","224308.BSU34070/224308.BSU19190","physical","txid224308"
"BSU_19190","BSU_19200","DesK","DesR","BSU_19190","desR","DesK","DesR","BSU_19190","BSU_19200","subtiwiki","224308.BSU19190/224308.BSU19200","physical","txid224308"
"BSU_28920","BSU_28930","LytT","LytS","lytT","BSU_28930","LytT","LytS","BSU_28920","BSU_28930","subtiwiki","224308.BSU28930/224308.BSU28920","physical","txid224308"
"BSU_27980","BSU_00230","SpoIVFA","BofA","spoIVFA","bofA","SpoIVFA","BofA","BSU_27980","BSU_00230","subtiwiki","224308.BSU27980/224308.BSU00230","physical","txid224308"
"BSU_27980","BSU_35240","SpoIVFA","CtpB","spoIVFA","ctpB","SpoIVFA","CtpB","BSU_27980","BSU_35240","subtiwiki","224308.BSU35240/224308.BSU27980","physical","txid224308"
"BSU_19630","BSU_23490","DeoD","PupG","BSU_19630","pupG","DeoD","PupG","BSU_19630","BSU_23490","string-db","224308.BSU23490/224308.BSU19630","physical","txid224308"
"BSU_19630","BSU_29740","DeoD","CcpA","BSU_19630","ccpA","DeoD","CcpA","BSU_19630","BSU_29740","string-db","224308.BSU29740/224308.BSU19630","physical","txid224308"
"BSU_19630","BSU_39400","DeoD","Pdp","BSU_19630","pdp","DeoD","Pdp","BSU_19630","BSU_39400","string-db","224308.BSU39400/224308.BSU19630","physical","txid224308"
"BSU_23490","BSU_39400","PupG","Pdp","pupG","pdp","PupG","Pdp","BSU_23490","BSU_39400","string-db","224308.BSU39400/224308.BSU23490","physical","txid224308"
"BSU_39400","BSU_39940","Pdp","YxaL","pdp","yxaL","Pdp","YxaL","BSU_39400","BSU_39940","string-db","224308.BSU39940/224308.BSU39400","physical","txid224308"
"BSU_19770","BSU_24300","CgeC","XseA","cgeC","BSU_24300","CgeC","XseA","BSU_19770","BSU_24300","string-db","224308.BSU24300/224308.BSU19770","physical","txid224308"
"BSU_20350","BSU_27620","YorK","RecJ","BSU_20350","recJ","YorK","RecJ","BSU_20350","BSU_27620","string-db","224308.BSU27620/224308.BSU20350","physical","txid224308"
"BSU_20690","BSU_24300","YoqB","XseA","BSU_20690","BSU_24300","YoqB","XseA","BSU_20690","BSU_24300","string-db","224308.BSU24300/224308.BSU20690","physical","txid224308"
"BSU_20800","BSU_29740","YopQ","CcpA","BSU_20800","ccpA","YopQ","CcpA","BSU_20800","BSU_29740","string-db","224308.BSU29740/224308.BSU20800","physical","txid224308"
"BSU_20860","BSU_24300","YopK","XseA","aimR","BSU_24300","AimR","XseA","BSU_20860","BSU_24300","string-db","224308.BSU24300/224308.BSU20860","physical","txid224308"
"BSU_21350","BSU_39940","CwlP","YxaL","BSU_21350","yxaL","CwlP","YxaL","BSU_21350","BSU_39940","string-db","224308.BSU39940/224308.BSU21350","physical","txid224308"
"BSU_21390","BSU_37240","YomE","YwiE","BSU_21390","ywiE","YomE","YwiE","BSU_21390","BSU_37240","string-db","224308.BSU37240/224308.BSU21390","physical","txid224308"
"BSU_21600","BSU_29740","YokG","CcpA","BSU_21600","ccpA","YokG","CcpA","BSU_21600","BSU_29740","string-db","224308.BSU29740/224308.BSU21600","physical","txid224308"
"BSU_21870","BSU_29740","IlvD","CcpA","ilvD","ccpA","IlvD","CcpA","BSU_21870","BSU_29740","string-db","224308.BSU29740/224308.BSU21870","physical","txid224308"
"BSU_21970","BSU_21990","YpeP","YpdQ","BSU_21970","BSU_21990","YpeP","YpdQ","BSU_21970","BSU_21990","string-db","224308.BSU21990/224308.BSU21970","physical","txid224308"
"BSU_22030","BSU_24290","DynA","XseB","dynA","BSU_24290","DynA","XseB","BSU_22030","BSU_24290","string-db","224308.BSU24290/224308.BSU22030","physical","txid224308"
"BSU_22030","BSU_17960","DynA","YneK","dynA","BSU_17960","DynA","YneK","BSU_22030","BSU_17960","subtiwiki","224308.BSU22030/224308.BSU17960","physical","txid224308"
"BSU_22030","BSU_36320","DynA","YwpG","dynA","BSU_36320","DynA","YwpG","BSU_22030","BSU_36320","subtiwiki","224308.BSU22030/224308.BSU36320","physical","txid224308"
"BSU_22030","BSU_16960","DynA","Rny","dynA","BSU_16960","DynA","Rny","BSU_22030","BSU_16960","subtiwiki","224308.BSU22030/224308.BSU16960","physical","txid224308"
"BSU_22180","BSU_00640","GpsB","SpoIIE","BSU_22180","spoIIE","GpsB","SpoIIE","BSU_22180","BSU_00640","subtiwiki","224308.BSU22180/224308.BSU00640","physical","txid224308"
"BSU_22180","BSU_23000","GpsB","YpbE","BSU_22180","BSU_23000","GpsB","YpbE","BSU_22180","BSU_23000","subtiwiki","224308.BSU23000/224308.BSU22180","physical","txid224308"
"BSU_22180","BSU_28020","GpsB","MreC","BSU_22180","mreC","GpsB","MreC","BSU_22180","BSU_28020","subtiwiki","224308.BSU28020/224308.BSU22180","physical","txid224308"
"BSU_22180","BSU_23220","GpsB","ScpA","BSU_22180","scpA","GpsB","ScpA","BSU_22180","BSU_23220","string-db","224308.BSU23220/224308.BSU22180","physical","txid224308"
"BSU_22180","BSU_27300","GpsB","YrrS","BSU_22180","yrrS","GpsB","YrrS","BSU_22180","BSU_27300","subtiwiki","224308.BSU27300/224308.BSU22180","physical","txid224308"
"BSU_22180","BSU_22320","GpsB","PonA","BSU_22180","ponA","GpsB","PonA","BSU_22180","BSU_22320","subtiwiki","224308.BSU22320/224308.BSU22180","physical","txid224308"
"BSU_22180","BSU_29610","GpsB","EzrA","BSU_22180","ezrA","GpsB","EzrA","BSU_22180","BSU_29610","subtiwiki","224308.BSU29610/224308.BSU22180","physical","txid224308"
"BSU_23000","BSU_27310","YpbE","PbpI","BSU_23000","pbpI","YpbE","PbpI","BSU_23000","BSU_27310","string-db","224308.BSU27310/224308.BSU23000","physical","txid224308"
"BSU_23000","BSU_27300","YpbE","YrrS","BSU_23000","yrrS","YpbE","YrrS","BSU_23000","BSU_27300","string-db","224308.BSU27300/224308.BSU23000","physical","txid224308"
"BSU_27300","BSU_27310","YrrS","PbpI","yrrS","pbpI","YrrS","PbpI","BSU_27300","BSU_27310","subtiwiki","224308.BSU27310/224308.BSU27300","physical","txid224308"
"BSU_22280","BSU_29610","YppD","EzrA","yppD","ezrA","YppD","EzrA","BSU_22280","BSU_29610","string-db","224308.BSU29610/224308.BSU22280","physical","txid224308"
"BSU_22360","BSU_29740","AsnS","CcpA","BSU_22360","ccpA","AsnS","CcpA","BSU_22360","BSU_29740","string-db","224308.BSU29740/224308.BSU22360","physical","txid224308"
"BSU_22400","BSU_25210","DinG","DnaG","BSU_22400","dnaG","DinG","DnaG","BSU_22400","BSU_25210","string-db","224308.BSU25210/224308.BSU22400","physical","txid224308"
"BSU_22400","BSU_31250","DinG","TlpA","BSU_22400","tlpA","DinG","TlpA","BSU_22400","BSU_31250","string-db","224308.BSU31250/224308.BSU22400","physical","txid224308"
"BSU_22540","BSU_22550","QcrC","QcrB","qcrC","qcrB","QcrC","QcrB","BSU_22540","BSU_22550","subtiwiki","224308.BSU22550/224308.BSU22540","physical","txid224308"
"BSU_22540","BSU_22560","QcrC","QcrA","qcrC","qcrA","QcrC","QcrA","BSU_22540","BSU_22560","subtiwiki","224308.BSU22560/224308.BSU22540","physical","txid224308"
"BSU_22550","BSU_22560","QcrB","QcrA","qcrB","qcrA","QcrB","QcrA","BSU_22550","BSU_22560","subtiwiki","224308.BSU22550/224308.BSU22560","physical","txid224308"
"BSU_22600","BSU_29740","AroA","CcpA","aroE","ccpA","AroE","CcpA","BSU_22600","BSU_29740","string-db","224308.BSU29740/224308.BSU22600","physical","txid224308"
"BSU_22610","BSU_22620","TyrA","HisC","tyrA","hisC","TyrA","HisC","BSU_22610","BSU_22620","string-db","224308.BSU22620/224308.BSU22610","physical","txid224308"
"BSU_22630","BSU_22640","TrpA","TrpB","trpA","trpB","TrpA","TrpB","BSU_22630","BSU_22640","subtiwiki","224308.BSU22630/224308.BSU22640","physical","txid224308"
"BSU_22690","BSU_27910","AroH","YszB","BSU_22690","thrR","AroH","YszB","BSU_22690","BSU_27910","string-db","224308.BSU27910/224308.BSU22690","physical","txid224308"
"BSU_22690","BSU_29750","AroH","AroX","BSU_22690","BSU_29750","AroH","AroA","BSU_22690","BSU_29750","string-db","224308.BSU29750/224308.BSU22690","physical","txid224308"
"BSU_27910","BSU_29750","YszB","AroX","thrR","BSU_29750","YszB","AroA","BSU_27910","BSU_29750","string-db","224308.BSU29750/224308.BSU27910","physical","txid224308"
"BSU_22710","BSU_29740","AroF","CcpA","BSU_22710","ccpA","AroF","CcpA","BSU_22710","BSU_29740","string-db","224308.BSU29740/224308.BSU22710","physical","txid224308"
"BSU_22730","BSU_29180","Ndk","Pyk","BSU_22730","BSU_29180","Ndk","Pyk","BSU_22730","BSU_29180","string-db","224308.BSU29180/224308.BSU22730","physical","txid224308"
"BSU_22740","BSU_15920","HepT","AcpA","BSU_22740","acpA","HepT","AcpA","BSU_22740","BSU_15920","subtiwiki","224308.BSU22740/224308.BSU15920","physical","txid224308"
"BSU_22740","BSU_22760","HepT","HepS","BSU_22740","BSU_22760","HepT","HepS","BSU_22740","BSU_22760","string-db","224308.BSU22760/224308.BSU22740","physical","txid224308"
"BSU_22790","BSU_07440","Hbs","YfmK","hbs","BSU_07440","Hbs","YfmK","BSU_22790","BSU_07440","subtiwiki","224308.BSU22790/224308.BSU07440","physical","txid224308"
"BSU_22790","BSU_29740","Hbs","CcpA","hbs","ccpA","Hbs","CcpA","BSU_22790","BSU_29740","string-db","224308.BSU29740/224308.BSU22790","physical","txid224308"
"BSU_27840","BSU_37920","SafA","GerQ","safA","gerQ","SafA","GerQ","BSU_27840","BSU_37920","string-db","224308.BSU37920/224308.BSU27840","physical","txid224308"
"BSU_27840","BSU_28110","SafA","SpoVID","safA","spoVID","SafA","SpoVID","BSU_27840","BSU_28110","subtiwiki","224308.BSU28110/224308.BSU27840","physical","txid224308"
"BSU_22940","BSU_28830","PrsW","YsdB","BSU_22940","ysdB","PrsW","YsdB","BSU_22940","BSU_28830","string-db","224308.BSU28830/224308.BSU22940","physical","txid224308"
"BSU_27310","BSU_28030","PbpI","MreB","pbpI","mreB","PbpI","MreB","BSU_27310","BSU_28030","subtiwiki","224308.BSU27310/224308.BSU28030","physical","txid224308"
"BSU_27310","BSU_16910","PbpI","RodZ","pbpI","BSU_16910","PbpI","RodZ","BSU_27310","BSU_16910","subtiwiki","224308.BSU27310/224308.BSU16910","physical","txid224308"
"BSU_27310","BSU_04140","PbpI","PbpC","pbpI","BSU_04140","PbpI","PbpC","BSU_27310","BSU_04140","subtiwiki","224308.BSU27310/224308.BSU04140","physical","txid224308"
"BSU_27310","BSU_38120","PbpI","RodA","pbpI","rodA","PbpI","RodA","BSU_27310","BSU_38120","subtiwiki","224308.BSU27310/224308.BSU38120","physical","txid224308"
"BSU_27310","BSU_28020","PbpI","MreC","pbpI","mreC","PbpI","MreC","BSU_27310","BSU_28020","subtiwiki","224308.BSU27310/224308.BSU28020","physical","txid224308"
"BSU_27310","BSU_13980","PbpI","PbpH","pbpI","pbpH","PbpI","PbpH","BSU_27310","BSU_13980","subtiwiki","224308.BSU27310/224308.BSU13980","physical","txid224308"
"BSU_23080","BSU_24470","AroC","AroQ","BSU_23080","BSU_24470","AroC","AroQ","BSU_23080","BSU_24470","string-db","224308.BSU24470/224308.BSU23080","physical","txid224308"
"BSU_23090","BSU_23100","RsiX","SigX","rsiX","sigX","RsiX","SigX","BSU_23090","BSU_23100","subtiwiki","224308.BSU23090/224308.BSU23100","physical","txid224308"
"BSU_23100","BSU_01070","SigX","RpoB","sigX","rpoB","SigX","RpoB","BSU_23100","BSU_01070","subtiwiki","224308.BSU23100/224308.BSU01070","physical","txid224308"
"BSU_23110","BSU_23120","ResE","ResD","resE","resD","ResE","ResD","BSU_23110","BSU_23120","subtiwiki","224308.BSU23120/224308.BSU23110","physical","txid224308"
"BSU_23120","BSU_01430","ResD","RpoA","resD","rpoA","ResD","RpoA","BSU_23120","BSU_01430","subtiwiki","224308.BSU23120/224308.BSU01430","physical","txid224308"
"BSU_23120","BSU_06360","ResD","GuaA","resD","guaA","ResD","GuaA","BSU_23120","BSU_06360","subtiwiki","224308.BSU23120/224308.BSU06360","physical","txid224308"
"BSU_23150","BSU_25190","ResA","CccA","resA","cccA","ResA","CccA","BSU_23150","BSU_25190","string-db","224308.BSU25190/224308.BSU23150","physical","txid224308"
"BSU_23260","BSU_29740","RibAB","CcpA","ribA","ccpA","RibAB","CcpA","BSU_23260","BSU_29740","string-db","224308.BSU29740/224308.BSU23260","physical","txid224308"
"BSU_23470","BSU_00640","SpoIIAA","SpoIIE","spoIIAA","spoIIE","SpoIIAA","SpoIIE","BSU_23470","BSU_00640","subtiwiki","224308.BSU23470/224308.BSU00640","physical","txid224308"
"BSU_23470","BSU_36550","SpoIIAA","SpoIIQ","spoIIAA","spoIIQ","SpoIIAA","SpoIIQ","BSU_23470","BSU_36550","string-db","224308.BSU36550/224308.BSU23470","physical","txid224308"
"BSU_36550","BSU_00640","SpoIIQ","SpoIIE","spoIIQ","spoIIE","SpoIIQ","SpoIIE","BSU_36550","BSU_00640","subtiwiki","224308.BSU36550/224308.BSU00640","physical","txid224308"
"BSU_36550","BSU_28380","SpoIIQ","GerM","spoIIQ","gerM","SpoIIQ","GerM","BSU_36550","BSU_28380","subtiwiki","224308.BSU36550/224308.BSU28380","physical","txid224308"
"BSU_23530","BSU_25530","SpoIIM","SpoIIP","spoIIM","spoIIP","SpoIIM","SpoIIP","BSU_23530","BSU_25530","subtiwiki","224308.BSU23530/224308.BSU25530","physical","txid224308"
"BSU_23530","BSU_36750","SpoIIM","SpoIID","spoIIM","spoIID","SpoIIM","SpoIID","BSU_23530","BSU_36750","string-db","224308.BSU36750/224308.BSU23530","physical","txid224308"
"BSU_23540","BSU_35290","YqkK","PrfB","BSU_23540","prfB","BrfA","PrfB","BSU_23540","BSU_35290","subtiwiki","224308.BSU35290/224308.BSU23540","physical","txid224308"
"BSU_23570","BSU_16500","AnsB","Tsf","ansB","tsf","AnsB","Tsf","BSU_23570","BSU_16500","subtiwiki","224308.BSU23570/224308.BSU16500","physical","txid224308"
"BSU_23570","BSU_31250","AnsB","TlpA","ansB","tlpA","AnsB","TlpA","BSU_23570","BSU_31250","string-db","224308.BSU31250/224308.BSU23570","physical","txid224308"
"BSU_23570","BSU_31240","AnsB","McpA","ansB","mcpA","AnsB","McpA","BSU_23570","BSU_31240","string-db","224308.BSU31240/224308.BSU23570","physical","txid224308"
"BSU_23710","BSU_29090","PolYB","PolA","polY2","polA","PolY2","PolA","BSU_23710","BSU_29090","subtiwiki","224308.BSU29090/224308.BSU23710","physical","txid224308"
"BSU_23850","BSU_29740","Zwf","CcpA","BSU_23850","ccpA","Zwf","CcpA","BSU_23850","BSU_29740","string-db","224308.BSU29740/224308.BSU23850","physical","txid224308"
"BSU_23860","BSU_29740","GndA","CcpA","BSU_23860","ccpA","GndA","CcpA","BSU_23860","BSU_29740","string-db","224308.BSU29740/224308.BSU23860","physical","txid224308"
"BSU_23860","BSU_40080","GndA","GntZ","BSU_23860","gntZ","GndA","GntZ","BSU_23860","BSU_40080","string-db","224308.BSU40080/224308.BSU23860","physical","txid224308"
"BSU_23860","BSU_25730","GndA","YqeC","BSU_23860","BSU_25730","GndA","YqeC","BSU_23860","BSU_25730","string-db","224308.BSU25730/224308.BSU23860","physical","txid224308"
"BSU_23860","BSU_22730","GndA","Ndk","BSU_23860","BSU_22730","GndA","Ndk","BSU_23860","BSU_22730","subtiwiki","224308.BSU23860/224308.BSU22730","physical","txid224308"
"BSU_25730","BSU_40080","YqeC","GntZ","BSU_25730","gntZ","YqeC","GntZ","BSU_25730","BSU_40080","string-db","224308.BSU40080/224308.BSU25730","physical","txid224308"
"BSU_24390","BSU_24420","SpoIIIAE","SpoIIIAB","spoIIIAE","spoIIIAB","SpoIIIAE","SpoIIIAB","BSU_24390","BSU_24420","string-db","224308.BSU24420/224308.BSU24390","physical","txid224308"
"BSU_24390","BSU_24400","SpoIIIAE","SpoIIIAD","spoIIIAE","spoIIIAD","SpoIIIAE","SpoIIIAD","BSU_24390","BSU_24400","string-db","224308.BSU24400/224308.BSU24390","physical","txid224308"
"BSU_24390","BSU_41040","SpoIIIAE","OxaAA","spoIIIAE","yidC1","SpoIIIAE","YidC1","BSU_24390","BSU_41040","subtiwiki","224308.BSU24390/224308.BSU41040","physical","txid224308"
"BSU_23920","BSU_29210","YqjD","AccD","BSU_23920","accD","YqjD","AccD","BSU_23920","BSU_29210","string-db","224308.BSU29210/224308.BSU23920","physical","txid224308"
"BSU_23920","BSU_29200","YqjD","AccA","BSU_23920","accA","YqjD","AccA","BSU_23920","BSU_29200","string-db","224308.BSU29200/224308.BSU23920","physical","txid224308"
"BSU_23920","BSU_24350","YqjD","AccB","BSU_23920","BSU_24350","YqjD","AccB","BSU_23920","BSU_24350","string-db","224308.BSU24350/224308.BSU23920","physical","txid224308"
"BSU_23960","BSU_23970","ArtR","ArtQ","artR","artQ","ArtR","ArtQ","BSU_23960","BSU_23970","subtiwiki","224308.BSU23970/224308.BSU23960","physical","txid224308"
"BSU_23960","BSU_23980","ArtR","ArtP","artR","artP","ArtR","ArtP","BSU_23960","BSU_23980","subtiwiki","224308.BSU23960/224308.BSU23980","physical","txid224308"
"BSU_24120","BSU_24130","MmgF","MmgE","mmgF","mmgE","MmgF","MmgE","BSU_24120","BSU_24130","string-db","224308.BSU24130/224308.BSU24120","physical","txid224308"
"BSU_24160","BSU_32840","MmgB","FadN","mmgB","fadN","MmgB","FadN","BSU_24160","BSU_32840","string-db","224308.BSU32840/224308.BSU24160","physical","txid224308"
"BSU_24220","BSU_24610","Spo0A","SinR","spo0A","sinR","Spo0A","SinR","BSU_24220","BSU_24610","string-db","224308.BSU24610/224308.BSU24220","physical","txid224308"
"BSU_24220","BSU_31450","Spo0A","KinB","spo0A","kinB","Spo0A","KinB","BSU_24220","BSU_31450","string-db","224308.BSU31450/224308.BSU24220","physical","txid224308"
"BSU_24220","BSU_14490","Spo0A","KinC","spo0A","kinC","Spo0A","KinC","BSU_24220","BSU_14490","subtiwiki","224308.BSU24220/224308.BSU14490","physical","txid224308"
"BSU_24220","BSU_11520","Spo0A","MecA","spo0A","mecA","Spo0A","MecA","BSU_24220","BSU_11520","subtiwiki","224308.BSU24220/224308.BSU11520","physical","txid224308"
"BSU_24220","BSU_25200","Spo0A","SigA","spo0A","sigA","Spo0A","SigA","BSU_24220","BSU_25200","subtiwiki","224308.BSU24220/224308.BSU25200","physical","txid224308"
"BSU_24220","BSU_13640","Spo0A","Spo0E","spo0A","spo0E","Spo0A","Spo0E","BSU_24220","BSU_13640","subtiwiki","224308.BSU24220/224308.BSU13640","physical","txid224308"
"BSU_24220","BSU_26310","Spo0A","YqaH","spo0A","yqaH","Spo0A","YqaH","BSU_24220","BSU_26310","subtiwiki","224308.BSU24220/224308.BSU26310","physical","txid224308"
"BSU_24230","BSU_27980","SpoIVB","SpoIVFA","spoIVB","spoIVFA","SpoIVB","SpoIVFA","BSU_24230","BSU_27980","subtiwiki","224308.BSU27980/224308.BSU24230","physical","txid224308"
"BSU_25250","BSU_28850","CcpN","RplT","ccpN","rplT","CcpN","RplT","BSU_25250","BSU_28850","string-db","224308.BSU28850/224308.BSU25250","physical","txid224308"
"BSU_25250","BSU_01430","CcpN","RpoA","ccpN","rpoA","CcpN","RpoA","BSU_25250","BSU_01430","subtiwiki","224308.BSU25250/224308.BSU01430","physical","txid224308"
"BSU_24310","BSU_29740","FolD","CcpA","folD","ccpA","FolD","CcpA","BSU_24310","BSU_29740","string-db","224308.BSU29740/224308.BSU24310","physical","txid224308"
"BSU_24360","BSU_28380","SpoIIIAH","GerM","spoIIIAH","gerM","SpoIIIAH","GerM","BSU_24360","BSU_28380","subtiwiki","224308.BSU24360/224308.BSU28380","physical","txid224308"
"BSU_24360","BSU_36750","SpoIIIAH","SpoIID","spoIIIAH","spoIID","SpoIIIAH","SpoIID","BSU_24360","BSU_36750","string-db","224308.BSU36750/224308.BSU24360","physical","txid224308"
"BSU_24360","BSU_36550","SpoIIIAH","SpoIIQ","spoIIIAH","spoIIQ","SpoIIIAH","SpoIIQ","BSU_24360","BSU_36550","subtiwiki","224308.BSU24360/224308.BSU36550","physical","txid224308"
"BSU_24360","BSU_24370","SpoIIIAH","SpoIIIAG","spoIIIAH","spoIIIAG","SpoIIIAH","SpoIIIAG","BSU_24360","BSU_24370","subtiwiki","224308.BSU24360/224308.BSU24370","physical","txid224308"
"BSU_24360","BSU_25530","SpoIIIAH","SpoIIP","spoIIIAH","spoIIP","SpoIIIAH","SpoIIP","BSU_24360","BSU_25530","string-db","224308.BSU25530/224308.BSU24360","physical","txid224308"
"BSU_24370","BSU_24380","SpoIIIAG","SpoIIIAF","spoIIIAG","spoIIIAF","SpoIIIAG","SpoIIIAF","BSU_24370","BSU_24380","string-db","224308.BSU24380/224308.BSU24370","physical","txid224308"
"BSU_24380","BSU_24390","SpoIIIAF","SpoIIIAE","spoIIIAF","spoIIIAE","SpoIIIAF","SpoIIIAE","BSU_24380","BSU_24390","string-db","224308.BSU24390/224308.BSU24380","physical","txid224308"
"BSU_24380","BSU_24420","SpoIIIAF","SpoIIIAB","spoIIIAF","spoIIIAB","SpoIIIAF","SpoIIIAB","BSU_24380","BSU_24420","string-db","224308.BSU24420/224308.BSU24380","physical","txid224308"
"BSU_24380","BSU_24400","SpoIIIAF","SpoIIIAD","spoIIIAF","spoIIIAD","SpoIIIAF","SpoIIIAD","BSU_24380","BSU_24400","string-db","224308.BSU24400/224308.BSU24380","physical","txid224308"
"BSU_24400","BSU_24420","SpoIIIAD","SpoIIIAB","spoIIIAD","spoIIIAB","SpoIIIAD","SpoIIIAB","BSU_24400","BSU_24420","string-db","224308.BSU24420/224308.BSU24400","physical","txid224308"
"BSU_24430","BSU_36550","SpoIIIAA","SpoIIQ","spoIIIAA","spoIIQ","SpoIIIAA","SpoIIQ","BSU_24430","BSU_36550","string-db","224308.BSU36550/224308.BSU24430","physical","txid224308"
"BSU_24600","BSU_24220","SinI","Spo0A","sinI","spo0A","SinI","Spo0A","BSU_24600","BSU_24220","subtiwiki","224308.BSU24600/224308.BSU24220","physical","txid224308"
"BSU_24600","BSU_24610","SinI","SinR","sinI","sinR","SinI","SinR","BSU_24600","BSU_24610","subtiwiki","224308.BSU24600/224308.BSU24610","physical","txid224308"
"BSU_24690","BSU_24710","ComGE","ComGC","comGE","comGC","ComGE","ComGC","BSU_24690","BSU_24710","string-db","224308.BSU24710/224308.BSU24690","physical","txid224308"
"BSU_24710","BSU_28070","ComGC","ComC","comGC","comC","ComGC","ComC","BSU_24710","BSU_28070","subtiwiki","224308.BSU24710/224308.BSU28070","physical","txid224308"
"BSU_24710","BSU_24720","ComGC","ComGB","comGC","comGB","ComGC","ComGB","BSU_24710","BSU_24720","subtiwiki","224308.BSU24710/224308.BSU24720","physical","txid224308"
"BSU_24710","BSU_24730","ComGC","ComGA","comGC","comGA","ComGC","ComGA","BSU_24710","BSU_24730","string-db","224308.BSU24730/224308.BSU24710","physical","txid224308"
"BSU_24720","BSU_24690","ComGB","ComGE","comGB","comGE","ComGB","ComGE","BSU_24720","BSU_24690","subtiwiki","224308.BSU24720/224308.BSU24690","physical","txid224308"
"BSU_24720","BSU_24730","ComGB","ComGA","comGB","comGA","ComGB","ComGA","BSU_24720","BSU_24730","subtiwiki","224308.BSU24730/224308.BSU24720","physical","txid224308"
"BSU_24730","BSU_28030","ComGA","MreB","comGA","mreB","ComGA","MreB","BSU_24730","BSU_28030","subtiwiki","224308.BSU24730/224308.BSU28030","physical","txid224308"
"BSU_24730","BSU_28050","ComGA","Maf","comGA","maf","ComGA","Maf","BSU_24730","BSU_28050","subtiwiki","224308.BSU24730/224308.BSU28050","physical","txid224308"
"BSU_24730","BSU_27600","ComGA","Rsh","comGA","BSU_27600","ComGA","Rel","BSU_24730","BSU_27600","subtiwiki","224308.BSU24730/224308.BSU27600","physical","txid224308"
"BSU_24730","BSU_35470","ComGA","ComFA","comGA","comFA","ComGA","ComFA","BSU_24730","BSU_35470","subtiwiki","224308.BSU24730/224308.BSU35470","physical","txid224308"
"BSU_24730","BSU_25570","ComGA","ComEC","comGA","comEC","ComGA","ComEC","BSU_24730","BSU_25570","subtiwiki","224308.BSU25570/224308.BSU24730","physical","txid224308"
"BSU_24950","BSU_24980","PstBB","PstC","pstBB","pstC","PstBB","PstC","BSU_24950","BSU_24980","subtiwiki","224308.BSU24950/224308.BSU24980","physical","txid224308"
"BSU_24950","BSU_24990","PstBB","PstS","pstBB","pstS","PstBB","PstS","BSU_24950","BSU_24990","subtiwiki","224308.BSU24950/224308.BSU24990","physical","txid224308"
"BSU_24950","BSU_24970","PstBB","PstA","pstBB","pstA","PstBB","PstA","BSU_24950","BSU_24970","subtiwiki","224308.BSU24950/224308.BSU24970","physical","txid224308"
"BSU_24950","BSU_24960","PstBB","PstBA","pstBB","pstBA","PstBB","PstBA","BSU_24950","BSU_24960","subtiwiki","224308.BSU24950/224308.BSU24960","physical","txid224308"
"BSU_24970","BSU_24990","PstA","PstS","pstA","pstS","PstA","PstS","BSU_24970","BSU_24990","subtiwiki","224308.BSU24970/224308.BSU24990","physical","txid224308"
"BSU_24970","BSU_24980","PstA","PstC","pstA","pstC","PstA","PstC","BSU_24970","BSU_24980","subtiwiki","224308.BSU24970/224308.BSU24980","physical","txid224308"
"BSU_24980","BSU_24990","PstC","PstS","pstC","pstS","PstC","PstS","BSU_24980","BSU_24990","subtiwiki","224308.BSU24980/224308.BSU24990","physical","txid224308"
"BSU_24960","BSU_24990","PstBA","PstS","pstBA","pstS","PstBA","PstS","BSU_24960","BSU_24990","subtiwiki","224308.BSU24960/224308.BSU24990","physical","txid224308"
"BSU_24960","BSU_24970","PstBA","PstA","pstBA","pstA","PstBA","PstA","BSU_24960","BSU_24970","subtiwiki","224308.BSU24960/224308.BSU24970","physical","txid224308"
"BSU_24960","BSU_24980","PstBA","PstC","pstBA","pstC","PstBA","PstC","BSU_24960","BSU_24980","subtiwiki","224308.BSU24960/224308.BSU24980","physical","txid224308"
"BSU_25020","BSU_29740","SodA","CcpA","sodA","ccpA","SodA","CcpA","BSU_25020","BSU_29740","string-db","224308.BSU29740/224308.BSU25020","physical","txid224308"
"BSU_25070","BSU_29740","IspG","CcpA","ispG","ccpA","IspG","CcpA","BSU_25070","BSU_29740","string-db","224308.BSU29740/224308.BSU25070","physical","txid224308"
"BSU_25260","BSU_25270","GlyS","GlyQ","glyS","glyQ","GlyS","GlyQ","BSU_25260","BSU_25270","subtiwiki","224308.BSU25260/224308.BSU25270","physical","txid224308"
"BSU_25260","BSU_29740","GlyS","CcpA","glyS","ccpA","GlyS","CcpA","BSU_25260","BSU_29740","string-db","224308.BSU29740/224308.BSU25260","physical","txid224308"
"BSU_25260","BSU_24070","GlyS","Buk","glyS","buk","GlyS","Buk","BSU_25260","BSU_24070","subtiwiki","224308.BSU25260/224308.BSU24070","physical","txid224308"
"BSU_25400","BSU_29740","YqeY","CcpA","BSU_25400","ccpA","YqeY","CcpA","BSU_25400","BSU_29740","string-db","224308.BSU29740/224308.BSU25400","physical","txid224308"
"BSU_25510","BSU_25560","LepA","HolA","lepA","BSU_25560","LepA","HolA","BSU_25510","BSU_25560","string-db","224308.BSU25560/224308.BSU25510","physical","txid224308"
"BSU_25510","BSU_04580","LepA","CshA","lepA","BSU_04580","LepA","CshA","BSU_25510","BSU_04580","subtiwiki","224308.BSU25510/224308.BSU04580","physical","txid224308"
"BSU_25590","BSU_35450","ComEA","ComFC","comEA","comFC","ComEA","ComFC","BSU_25590","BSU_35450","string-db","224308.BSU35450/224308.BSU25590","physical","txid224308"
"BSU_25590","BSU_35470","ComEA","ComFA","comEA","comFA","ComEA","ComFA","BSU_25590","BSU_35470","string-db","224308.BSU35470/224308.BSU25590","physical","txid224308"
"BSU_25780","BSU_28500","ArsC","TrxA","arsC","trxA","ArsC","TrxA","BSU_25780","BSU_28500","subtiwiki","224308.BSU28500/224308.BSU25780","physical","txid224308"
"BSU_28500","BSU_12420","TrxA","YjoB","trxA","yjoB","TrxA","YjoB","BSU_28500","BSU_12420","subtiwiki","224308.BSU28500/224308.BSU12420","physical","txid224308"
"BSU_28500","BSU_34790","TrxA","TrxB","trxA","trxB","TrxA","TrxB","BSU_28500","BSU_34790","string-db","224308.BSU34790/224308.BSU28500","physical","txid224308"
"BSU_28500","BSU_29740","TrxA","CcpA","trxA","ccpA","TrxA","CcpA","BSU_28500","BSU_29740","string-db","224308.BSU29740/224308.BSU28500","physical","txid224308"
"BSU_25860","BSU_25870","RttG","RttF","yqcG","yqcF","YqcG","YqcF","BSU_25860","BSU_25870","subtiwiki","224308.BSU25870/224308.BSU25860","physical","txid224308"
"BSU_26230","BSU_29740","YqaP","CcpA","yqaP","ccpA","YqaP","CcpA","BSU_26230","BSU_29740","string-db","224308.BSU29740/224308.BSU26230","physical","txid224308"
"BSU_26970","BSU_40250","AdhB","YycR","adhB","BSU_40250","AdhB","YycR","BSU_26970","BSU_40250","string-db","224308.BSU40250/224308.BSU26970","physical","txid224308"
"BSU_26970","BSU_27010","AdhB","AdhA","adhB","adhA","AdhB","AdhA","BSU_26970","BSU_27010","string-db","224308.BSU27010/224308.BSU26970","physical","txid224308"
"BSU_27170","BSU_36250","BscR","PtkA","fatR","ptkA","FatR","PtkA","BSU_27170","BSU_36250","subtiwiki","224308.BSU27170/224308.BSU36250","physical","txid224308"
"BSU_27170","BSU_36260","BscR","YwqC","fatR","tkmA","FatR","TkmA","BSU_27170","BSU_36260","subtiwiki","224308.BSU27170/224308.BSU36260","physical","txid224308"
"BSU_27320","BSU_01070","GreA","RpoB","BSU_27320","rpoB","GreA","RpoB","BSU_27320","BSU_01070","subtiwiki","224308.BSU27320/224308.BSU01070","physical","txid224308"
"BSU_27320","BSU_01080","GreA","RpoC","BSU_27320","rpoC","GreA","RpoC","BSU_27320","BSU_01080","subtiwiki","224308.BSU27320/224308.BSU01080","physical","txid224308"
"BSU_27320","BSU_29740","GreA","CcpA","BSU_27320","ccpA","GreA","CcpA","BSU_27320","BSU_29740","string-db","224308.BSU29740/224308.BSU27320","physical","txid224308"
"BSU_27340","BSU_36260","YrrO","YwqC","BSU_27340","tkmA","YrrO","TkmA","BSU_27340","BSU_36260","string-db","224308.BSU36260/224308.BSU27340","physical","txid224308"
"BSU_27430","BSU_27460","GlnQ","GlnP","glnQ","glnP","GlnQ","GlnP","BSU_27430","BSU_27460","subtiwiki","224308.BSU27430/224308.BSU27460","physical","txid224308"
"BSU_27430","BSU_27450","GlnQ","GlnM","glnQ","glnM","GlnQ","GlnM","BSU_27430","BSU_27450","subtiwiki","224308.BSU27430/224308.BSU27450","physical","txid224308"
"BSU_27430","BSU_27440","GlnQ","GlnH","glnQ","glnH","GlnQ","GlnH","BSU_27430","BSU_27440","subtiwiki","224308.BSU27430/224308.BSU27440","physical","txid224308"
"BSU_27440","BSU_27450","GlnH","GlnM","glnH","glnM","GlnH","GlnM","BSU_27440","BSU_27450","subtiwiki","224308.BSU27450/224308.BSU27440","physical","txid224308"
"BSU_27440","BSU_27460","GlnH","GlnP","glnH","glnP","GlnH","GlnP","BSU_27440","BSU_27460","subtiwiki","224308.BSU27440/224308.BSU27460","physical","txid224308"
"BSU_27490","BSU_33630","YrrB","SecG","BSU_27490","secG","YrrB","SecG","BSU_27490","BSU_33630","string-db","224308.BSU33630/224308.BSU27490","physical","txid224308"
"BSU_27490","BSU_33600","YrrB","SmpB","BSU_27490","smpB","YrrB","SmpB","BSU_27490","BSU_33600","string-db","224308.BSU33600/224308.BSU27490","physical","txid224308"
"BSU_27510","BSU_27880","IscSA","NifS","yrvO","nifS","YrvO","NifS","BSU_27510","BSU_27880","string-db","224308.BSU27880/224308.BSU27510","physical","txid224308"
"BSU_27510","BSU_29590","IscSA","IscSB","yrvO","BSU_29590","YrvO","NifZ","BSU_27510","BSU_29590","string-db","224308.BSU29590/224308.BSU27510","physical","txid224308"
"BSU_27880","BSU_29590","NifS","IscSB","nifS","BSU_29590","NifS","NifZ","BSU_27880","BSU_29590","string-db","224308.BSU29590/224308.BSU27880","physical","txid224308"
"BSU_29590","BSU_29580","IscSB","ThiI","BSU_29590","BSU_29580","NifZ","ThiI","BSU_29590","BSU_29580","subtiwiki","224308.BSU29590/224308.BSU29580","physical","txid224308"
"BSU_27550","BSU_29740","AspS","CcpA","aspS","ccpA","AspS","CcpA","BSU_27550","BSU_29740","string-db","224308.BSU29740/224308.BSU27550","physical","txid224308"
"BSU_27560","BSU_29740","HisS","CcpA","hisS","ccpA","HisS","CcpA","BSU_27560","BSU_29740","string-db","224308.BSU29740/224308.BSU27560","physical","txid224308"
"BSU_27730","BSU_27740","RuvB","RuvA","ruvB","ruvA","RuvB","RuvA","BSU_27730","BSU_27740","subtiwiki","224308.BSU27740/224308.BSU27730","physical","txid224308"
"BSU_27730","BSU_22310","RuvB","RecU","ruvB","recU","RuvB","RecU","BSU_27730","BSU_22310","subtiwiki","224308.BSU27730/224308.BSU22310","physical","txid224308"
"BSU_27770","BSU_39700","YrbE","IolG","BSU_27770","iolG","YrbE","IolG","BSU_27770","BSU_39700","string-db","224308.BSU39700/224308.BSU27770","physical","txid224308"
"BSU_37920","BSU_31270","GerQ","Tgl","gerQ","tgl","GerQ","Tgl","BSU_37920","BSU_31270","subtiwiki","224308.BSU37920/224308.BSU31270","physical","txid224308"
"BSU_37920","BSU_14250","GerQ","YknT","gerQ","yknT","GerQ","YknT","BSU_37920","BSU_14250","subtiwiki","224308.BSU37920/224308.BSU14250","physical","txid224308"
"BSU_37920","BSU_19780","GerQ","CgeA","gerQ","cgeA","GerQ","CgeA","BSU_37920","BSU_19780","subtiwiki","224308.BSU37920/224308.BSU19780","physical","txid224308"
"BSU_27850","BSU_29740","NadA","CcpA","nadA","ccpA","NadA","CcpA","BSU_27850","BSU_29740","string-db","224308.BSU29740/224308.BSU27850","physical","txid224308"
"BSU_27930","BSU_24220","Spo0B","Spo0A","spo0B","spo0A","Spo0B","Spo0A","BSU_27930","BSU_24220","subtiwiki","224308.BSU27930/224308.BSU24220","physical","txid224308"
"BSU_27930","BSU_17020","Spo0B","YmcA","spo0B","BSU_17020","Spo0B","RicA","BSU_27930","BSU_17020","subtiwiki","224308.BSU27930/224308.BSU17020","physical","txid224308"
"BSU_27930","BSU_37130","Spo0B","Spo0F","spo0B","spo0F","Spo0B","Spo0F","BSU_27930","BSU_37130","subtiwiki","224308.BSU27930/224308.BSU37130","physical","txid224308"
"BSU_34370","BSU_36260","EpsA","YwqC","epsA","tkmA","EpsA","TkmA","BSU_34370","BSU_36260","string-db","224308.BSU36260/224308.BSU34370","physical","txid224308"
"BSU_34370","BSU_34770","EpsA","YvcJ","epsA","yvcJ","EpsA","YvcJ","BSU_34370","BSU_34770","string-db","224308.BSU34770/224308.BSU34370","physical","txid224308"
"BSU_35700","BSU_35750","TagH","TagA","tagH","tagA","TagH","TagA","BSU_35700","BSU_35750","string-db","224308.BSU35750/224308.BSU35700","physical","txid224308"
"BSU_35700","BSU_35760","TagH","TagB","tagH","tagB","TagH","TagB","BSU_35700","BSU_35760","string-db","224308.BSU35760/224308.BSU35700","physical","txid224308"
"BSU_35700","BSU_35720","TagH","TagF","tagH","tagF","TagH","TagF","BSU_35700","BSU_35720","string-db","224308.BSU35720/224308.BSU35700","physical","txid224308"
"BSU_35700","BSU_35730","TagH","TagE","tagH","tagE","TagH","TagE","BSU_35700","BSU_35730","string-db","224308.BSU35730/224308.BSU35700","physical","txid224308"
"BSU_35700","BSU_35710","TagH","TagG","tagH","tagG","TagH","TagG","BSU_35700","BSU_35710","subtiwiki","224308.BSU35700/224308.BSU35710","physical","txid224308"
"BSU_35530","BSU_35720","TagO","TagF","BSU_35530","tagF","TagO","TagF","BSU_35530","BSU_35720","string-db","224308.BSU35720/224308.BSU35530","physical","txid224308"
"BSU_35530","BSU_35750","TagO","TagA","BSU_35530","tagA","TagO","TagA","BSU_35530","BSU_35750","string-db","224308.BSU35750/224308.BSU35530","physical","txid224308"
"BSU_35530","BSU_35760","TagO","TagB","BSU_35530","tagB","TagO","TagB","BSU_35530","BSU_35760","string-db","224308.BSU35760/224308.BSU35530","physical","txid224308"
"BSU_35750","BSU_35760","TagA","TagB","tagA","tagB","TagA","TagB","BSU_35750","BSU_35760","string-db","224308.BSU35760/224308.BSU35750","physical","txid224308"
"BSU_35720","BSU_35760","TagF","TagB","tagF","tagB","TagF","TagB","BSU_35720","BSU_35760","string-db","224308.BSU35760/224308.BSU35720","physical","txid224308"
"BSU_35720","BSU_35750","TagF","TagA","tagF","tagA","TagF","TagA","BSU_35720","BSU_35750","string-db","224308.BSU35750/224308.BSU35720","physical","txid224308"
"BSU_28230","BSU_36930","Tig","YwlE","tig","BSU_36930","Tig","YwlE","BSU_28230","BSU_36930","subtiwiki","224308.BSU28230/224308.BSU36930","physical","txid224308"
"BSU_28230","BSU_29740","Tig","CcpA","tig","ccpA","Tig","CcpA","BSU_28230","BSU_29740","string-db","224308.BSU29740/224308.BSU28230","physical","txid224308"
"BSU_28250","BSU_28260","LeuD","LeuC","leuD","leuC","LeuD","LeuC","BSU_28250","BSU_28260","string-db","224308.BSU28260/224308.BSU28250","physical","txid224308"
"BSU_28260","BSU_29740","LeuC","CcpA","leuC","ccpA","LeuC","CcpA","BSU_28260","BSU_29740","string-db","224308.BSU29740/224308.BSU28260","physical","txid224308"
"BSU_28300","BSU_28310","IlvH","IlvB","ilvH","ilvB","IlvH","IlvB","BSU_28300","BSU_28310","string-db","224308.BSU28310/224308.BSU28300","physical","txid224308"
"BSU_28300","BSU_36010","IlvH","AlsS","ilvH","alsS","IlvH","AlsS","BSU_28300","BSU_36010","string-db","224308.BSU36010/224308.BSU28300","physical","txid224308"
"BSU_36010","BSU_39730","AlsS","IolD","alsS","iolD","AlsS","IolD","BSU_36010","BSU_39730","string-db","224308.BSU39730/224308.BSU36010","physical","txid224308"
"BSU_28310","BSU_39730","IlvB","IolD","ilvB","iolD","IlvB","IolD","BSU_28310","BSU_39730","string-db","224308.BSU39730/224308.BSU28310","physical","txid224308"
"BSU_28310","BSU_36010","IlvB","AlsS","ilvB","alsS","IlvB","AlsS","BSU_28310","BSU_36010","string-db","224308.BSU36010/224308.BSU28310","physical","txid224308"
"BSU_28410","BSU_32640","GerE","SspG","gerE","sspG","GerE","SspG","BSU_28410","BSU_32640","string-db","224308.BSU32640/224308.BSU28410","physical","txid224308"
"BSU_28430","BSU_28450","SdhB","SdhC","sdhB","sdhC","SdhB","SdhC","BSU_28430","BSU_28450","subtiwiki","224308.BSU28450/224308.BSU28430","physical","txid224308"
"BSU_28430","BSU_28440","SdhB","SdhA","sdhB","sdhA","SdhB","SdhA","BSU_28430","BSU_28440","subtiwiki","224308.BSU28440/224308.BSU28430","physical","txid224308"
"BSU_28440","BSU_36850","SdhA","AtpF","sdhA","atpF","SdhA","AtpF","BSU_28440","BSU_36850","subtiwiki","224308.BSU28440/224308.BSU36850","physical","txid224308"
"BSU_28440","BSU_14820","SdhA","YlaL","sdhA","BSU_14820","SdhA","YlaL","BSU_28440","BSU_14820","subtiwiki","224308.BSU28440/224308.BSU14820","physical","txid224308"
"BSU_28440","BSU_31010","SdhA","FloT","sdhA","floT","SdhA","FloT","BSU_28440","BSU_31010","subtiwiki","224308.BSU28440/224308.BSU31010","physical","txid224308"
"BSU_28440","BSU_28450","SdhA","SdhC","sdhA","sdhC","SdhA","SdhC","BSU_28440","BSU_28450","subtiwiki","224308.BSU28440/224308.BSU28450","physical","txid224308"
"BSU_28440","BSU_29740","SdhA","CcpA","sdhA","ccpA","SdhA","CcpA","BSU_28440","BSU_29740","string-db","224308.BSU29740/224308.BSU28440","physical","txid224308"
"BSU_34790","BSU_14230","TrxB","AhpT","trxB","ahpT","TrxB","AhpT","BSU_34790","BSU_14230","subtiwiki","224308.BSU34790/224308.BSU14230","physical","txid224308"
"BSU_28630","BSU_28640","PheT","PheS","pheT","pheS","PheT","PheS","BSU_28630","BSU_28640","subtiwiki","224308.BSU28640/224308.BSU28630","physical","txid224308"
"BSU_28630","BSU_29740","PheT","CcpA","pheT","ccpA","PheT","CcpA","BSU_28630","BSU_29740","string-db","224308.BSU29740/224308.BSU28630","physical","txid224308"
"BSU_28680","BSU_28690","GlcD","GlcF","BSU_28680","BSU_28690","GlcD","GlcF","BSU_28680","BSU_28690","string-db","224308.BSU28690/224308.BSU28680","physical","txid224308"
"BSU_28680","BSU_34680","GlcD","YvcT","BSU_28680","BSU_34680","GlcD","YvcT","BSU_28680","BSU_34680","string-db","224308.BSU34680/224308.BSU28680","physical","txid224308"
"BSU_34680","BSU_00040","YvcT","RecF","BSU_34680","recF","YvcT","RecF","BSU_34680","BSU_00040","subtiwiki","224308.BSU34680/224308.BSU00040","physical","txid224308"
"BSU_28690","BSU_34680","GlcF","YvcT","BSU_28690","BSU_34680","GlcF","YvcT","BSU_28690","BSU_34680","string-db","224308.BSU34680/224308.BSU28690","physical","txid224308"
"BSU_28700","BSU_38370","YsfE","YwbC","ysfE","BSU_38370","YsfE","YwbC","BSU_28700","BSU_38370","string-db","224308.BSU38370/224308.BSU28700","physical","txid224308"
"BSU_28700","BSU_40860","YsfE","YyaH","ysfE","BSU_40860","YsfE","YyaH","BSU_28700","BSU_40860","string-db","224308.BSU40860/224308.BSU28700","physical","txid224308"
"BSU_38370","BSU_40860","YwbC","YyaH","BSU_38370","BSU_40860","YwbC","YyaH","BSU_38370","BSU_40860","string-db","224308.BSU40860/224308.BSU38370","physical","txid224308"
"BSU_28730","BSU_32550","AraQ","YurJ","araQ","frlP","AraQ","FrlP","BSU_28730","BSU_32550","subtiwiki","224308.BSU32550/224308.BSU28730","physical","txid224308"
"BSU_28730","BSU_38810","AraQ","MsmX","araQ","msmX","AraQ","MsmX","BSU_28730","BSU_38810","subtiwiki","224308.BSU38810/224308.BSU28730","physical","txid224308"
"BSU_28730","BSU_28750","AraQ","AraN","araQ","araN","AraQ","AraN","BSU_28730","BSU_28750","subtiwiki","224308.BSU28730/224308.BSU28750","physical","txid224308"
"BSU_28730","BSU_28740","AraQ","AraP","araQ","araP","AraQ","AraP","BSU_28730","BSU_28740","subtiwiki","224308.BSU28740/224308.BSU28730","physical","txid224308"
"BSU_28750","BSU_32550","AraN","YurJ","araN","frlP","AraN","FrlP","BSU_28750","BSU_32550","string-db","224308.BSU32550/224308.BSU28750","physical","txid224308"
"BSU_28750","BSU_38810","AraN","MsmX","araN","msmX","AraN","MsmX","BSU_28750","BSU_38810","string-db","224308.BSU38810/224308.BSU28750","physical","txid224308"
"BSU_28740","BSU_32550","AraP","YurJ","araP","frlP","AraP","FrlP","BSU_28740","BSU_32550","subtiwiki","224308.BSU32550/224308.BSU28740","physical","txid224308"
"BSU_28740","BSU_28750","AraP","AraN","araP","araN","AraP","AraN","BSU_28740","BSU_28750","subtiwiki","224308.BSU28740/224308.BSU28750","physical","txid224308"
"BSU_28740","BSU_38810","AraP","MsmX","araP","msmX","AraP","MsmX","BSU_28740","BSU_38810","subtiwiki","224308.BSU38810/224308.BSU28740","physical","txid224308"
"BSU_28760","BSU_38290","AraM","ThiE","araM","thiE","AraM","ThiE","BSU_28760","BSU_38290","string-db","224308.BSU38290/224308.BSU28760","physical","txid224308"
"BSU_28760","BSU_36900","AraM","GlyA","araM","glyA","AraM","GlyA","BSU_28760","BSU_36900","string-db","224308.BSU36900/224308.BSU28760","physical","txid224308"
"BSU_33950","BSU_40190","CggR","Fbp","cggR","fbp","CggR","Fbp","BSU_33950","BSU_40190","string-db","224308.BSU40190/224308.BSU33950","physical","txid224308"
"BSU_28870","BSU_29740","InfC","CcpA","infC","ccpA","InfC","CcpA","BSU_28870","BSU_29740","string-db","224308.BSU29740/224308.BSU28870","physical","txid224308"
"BSU_28950","BSU_37560","ThrS","ThrZ","thrS","thrZ","ThrS","ThrZ","BSU_28950","BSU_37560","string-db","224308.BSU37560/224308.BSU28950","physical","txid224308"
"BSU_28950","BSU_29740","ThrS","CcpA","thrS","ccpA","ThrS","CcpA","BSU_28950","BSU_29740","string-db","224308.BSU29740/224308.BSU28950","physical","txid224308"
"BSU_29020","BSU_12420","GapB","YjoB","gapB","yjoB","GapB","YjoB","BSU_29020","BSU_12420","subtiwiki","224308.BSU29020/224308.BSU12420","physical","txid224308"
"BSU_29020","BSU_33940","GapB","GapA","gapB","gapA","GapB","GapA","BSU_29020","BSU_33940","string-db","224308.BSU33940/224308.BSU29020","physical","txid224308"
"BSU_29020","BSU_35620","GapB","LytC","gapB","lytC","GapB","LytC","BSU_29020","BSU_35620","string-db","224308.BSU35620/224308.BSU29020","physical","txid224308"
"BSU_35620","BSU_37120","LytC","FbaA","lytC","BSU_37120","LytC","FbaA","BSU_35620","BSU_37120","string-db","224308.BSU37120/224308.BSU35620","physical","txid224308"
"BSU_29050","BSU_33400","YtbE","YvgN","BSU_29050","yvgN","YtbE","YvgN","BSU_29050","BSU_33400","string-db","224308.BSU33400/224308.BSU29050","physical","txid224308"
"BSU_40190","BSU_09300","Fbp","GlpD","fbp","glpD","Fbp","GlpD","BSU_40190","BSU_09300","subtiwiki","224308.BSU40190/224308.BSU09300","physical","txid224308"
"BSU_37090","BSU_40190","YwjI","Fbp","BSU_37090","fbp","YwjI","Fbp","BSU_37090","BSU_40190","string-db","224308.BSU40190/224308.BSU37090","physical","txid224308"
"BSU_29340","BSU_29360","TcyN","TcyL","tcyN","tcyL","TcyN","TcyL","BSU_29340","BSU_29360","subtiwiki","224308.BSU29360/224308.BSU29340","physical","txid224308"
"BSU_29340","BSU_29370","TcyN","TcyK","tcyN","tcyK","TcyN","TcyK","BSU_29340","BSU_29370","subtiwiki","224308.BSU29370/224308.BSU29340","physical","txid224308"
"BSU_29340","BSU_29380","TcyN","TcyJ","tcyN","tcyJ","TcyN","TcyJ","BSU_29340","BSU_29380","subtiwiki","224308.BSU29380/224308.BSU29340","physical","txid224308"
"BSU_29340","BSU_29350","TcyN","TcyM","tcyN","tcyM","TcyN","TcyM","BSU_29340","BSU_29350","subtiwiki","224308.BSU29350/224308.BSU29340","physical","txid224308"
"BSU_29370","BSU_29380","TcyK","TcyJ","tcyK","tcyJ","TcyK","TcyJ","BSU_29370","BSU_29380","subtiwiki","224308.BSU29380/224308.BSU29370","physical","txid224308"
"BSU_29490","BSU_01190","Tpx","RplB","tpx","rplB","Tpx","RplB","BSU_29490","BSU_01190","subtiwiki","224308.BSU29490/224308.BSU01190","physical","txid224308"
"BSU_29490","BSU_29740","Tpx","CcpA","tpx","ccpA","Tpx","CcpA","BSU_29490","BSU_29740","string-db","224308.BSU29740/224308.BSU29490","physical","txid224308"
"BSU_29560","BSU_29680","YtcI","AcsA","BSU_29560","acsA","YtcI","AcsA","BSU_29560","BSU_29680","string-db","224308.BSU29680/224308.BSU29560","physical","txid224308"
"BSU_29560","BSU_29740","YtcI","CcpA","BSU_29560","ccpA","YtcI","CcpA","BSU_29560","BSU_29740","string-db","224308.BSU29740/224308.BSU29560","physical","txid224308"
"BSU_29680","BSU_09650","AcsA","SrtN","acsA","BSU_09650","AcsA","SrtN","BSU_29680","BSU_09650","subtiwiki","224308.BSU29680/224308.BSU09650","physical","txid224308"
"BSU_29670","BSU_38460","TyrS","TyrZ","tyrS","tyrZ","TyrS","TyrZ","BSU_29670","BSU_38460","string-db","224308.BSU38460/224308.BSU29670","physical","txid224308"
"BSU_32670","BSU_32680","SufB","SufU","sufB","sufU","SufB","SufU","BSU_32670","BSU_32680","subtiwiki","224308.BSU32670/224308.BSU32680","physical","txid224308"
"BSU_32670","BSU_32710","SufB","SufC","sufB","sufC","SufB","SufC","BSU_32670","BSU_32710","subtiwiki","224308.BSU32670/224308.BSU32710","physical","txid224308"
"BSU_32670","BSU_32700","SufB","SufD","sufB","sufD","SufB","SufD","BSU_32670","BSU_32700","subtiwiki","224308.BSU32700/224308.BSU32670","physical","txid224308"
"BSU_38500","BSU_38520","DltA","DltC","dltA","dltC","DltA","DltC","BSU_38500","BSU_38520","subtiwiki","224308.BSU38500/224308.BSU38520","physical","txid224308"
"BSU_40090","BSU_40100","AhpC","AhpF","ahpC","ahpF","AhpC","AhpF","BSU_40090","BSU_40100","subtiwiki","224308.BSU40100/224308.BSU40090","physical","txid224308"
"BSU_41010","BSU_41020","TrmF","MnmE","gidA","thdF","GidA","ThdF","BSU_41010","BSU_41020","subtiwiki","224308.BSU41020/224308.BSU41010","physical","txid224308"
"BSU_34040","BSU_34030","LutB","LutC","lutB","lutC","LutB","LutC","BSU_34040","BSU_34030","subtiwiki","224308.BSU34040/224308.BSU34030","physical","txid224308"
"BSU_34040","BSU_34050","LutB","LutA","lutB","lutA","LutB","LutA","BSU_34040","BSU_34050","subtiwiki","224308.BSU34040/224308.BSU34050","physical","txid224308"
"BSU_37330","BSU_01320","ArgS","RplR","BSU_37330","rplR","ArgS","RplR","BSU_37330","BSU_01320","subtiwiki","224308.BSU37330/224308.BSU01320","physical","txid224308"
"BSU_30700","BSU_37070","RpmEB","RpmEA","rpmEB","rpmE","RpmEB","RpmE","BSU_30700","BSU_37070","subtiwiki","224308.BSU37070/224308.BSU30700","physical","txid224308"
"BSU_30700","BSU_01280","RpmEB","RplE","rpmEB","rplE","RpmEB","RplE","BSU_30700","BSU_01280","subtiwiki","224308.BSU30700/224308.BSU01280","physical","txid224308"
"BSU_30700","BSU_41060","RpmEB","RpmH","rpmEB","rpmH","RpmEB","RpmH","BSU_30700","BSU_41060","subtiwiki","224308.BSU30700/224308.BSU41060","physical","txid224308"
"BSU_30700","BSU_01160","RpmEB","RplC","rpmEB","rplC","RpmEB","RplC","BSU_30700","BSU_01160","subtiwiki","224308.BSU30700/224308.BSU01160","physical","txid224308"
"BSU_30700","BSU_01020","RpmEB","RplK","rpmEB","rplK","RpmEB","RplK","BSU_30700","BSU_01020","subtiwiki","224308.BSU30700/224308.BSU01020","physical","txid224308"
"BSU_30700","BSU_01050","RpmEB","RplL","rpmEB","rplL","RpmEB","RplL","BSU_30700","BSU_01050","subtiwiki","224308.BSU30700/224308.BSU01050","physical","txid224308"
"BSU_30700","BSU_01400","RpmEB","RpmJ","rpmEB","rpmJ","RpmEB","RpmJ","BSU_30700","BSU_01400","subtiwiki","224308.BSU30700/224308.BSU01400","physical","txid224308"
"BSU_30700","BSU_01210","RpmEB","RplV","rpmEB","rplV","RpmEB","RplV","BSU_30700","BSU_01210","subtiwiki","224308.BSU30700/224308.BSU01210","physical","txid224308"
"BSU_33430","BSU_33440","CysI","CysJ","cysI","cysJ","CysI","CysJ","BSU_33430","BSU_33440","subtiwiki","224308.BSU33440/224308.BSU33430","physical","txid224308"
"BSU_29820","BSU_06690","YtpR","GatB","ytpR","BSU_06690","YtpR","GatB","BSU_29820","BSU_06690","subtiwiki","224308.BSU29820/224308.BSU06690","physical","txid224308"
"BSU_29820","BSU_29840","YtpR","YtpP","ytpR","ytpP","YtpR","YtpP","BSU_29820","BSU_29840","string-db","224308.BSU29840/224308.BSU29820","physical","txid224308"
"BSU_29930","BSU_30940","AmyX","GlgP","amyX","glgP","AmyX","GlgP","BSU_29930","BSU_30940","string-db","224308.BSU30940/224308.BSU29930","physical","txid224308"
"BSU_30290","BSU_38810","AmyC","MsmX","melC","msmX","MelC","MsmX","BSU_30290","BSU_38810","subtiwiki","224308.BSU30290/224308.BSU38810","physical","txid224308"
"BSU_30290","BSU_32600","AmyC","FrlO","melC","frlO","MelC","FrlO","BSU_30290","BSU_32600","string-db","224308.BSU32600/224308.BSU30290","physical","txid224308"
"BSU_30290","BSU_32590","AmyC","FrlN","melC","frlN","MelC","FrlN","BSU_30290","BSU_32590","string-db","224308.BSU32590/224308.BSU30290","physical","txid224308"
"BSU_30290","BSU_32580","AmyC","FrlM","melC","frlM","MelC","FrlM","BSU_30290","BSU_32580","string-db","224308.BSU32580/224308.BSU30290","physical","txid224308"
"BSU_30290","BSU_32550","AmyC","YurJ","melC","frlP","MelC","FrlP","BSU_30290","BSU_32550","string-db","224308.BSU32550/224308.BSU30290","physical","txid224308"
"BSU_32580","BSU_32590","FrlM","FrlN","frlM","frlN","FrlM","FrlN","BSU_32580","BSU_32590","subtiwiki","224308.BSU32580/224308.BSU32590","physical","txid224308"
"BSU_32580","BSU_32600","FrlM","FrlO","frlM","frlO","FrlM","FrlO","BSU_32580","BSU_32600","subtiwiki","224308.BSU32580/224308.BSU32600","physical","txid224308"
"BSU_32580","BSU_38810","FrlM","MsmX","frlM","msmX","FrlM","MsmX","BSU_32580","BSU_38810","string-db","224308.BSU38810/224308.BSU32580","physical","txid224308"
"BSU_30280","BSU_30290","AmyD","AmyC","melD","melC","MelD","MelC","BSU_30280","BSU_30290","subtiwiki","224308.BSU30280/224308.BSU30290","physical","txid224308"
"BSU_30280","BSU_32580","AmyD","FrlM","melD","frlM","MelD","FrlM","BSU_30280","BSU_32580","string-db","224308.BSU32580/224308.BSU30280","physical","txid224308"
"BSU_30280","BSU_32600","AmyD","FrlO","melD","frlO","MelD","FrlO","BSU_30280","BSU_32600","string-db","224308.BSU32600/224308.BSU30280","physical","txid224308"
"BSU_30280","BSU_32550","AmyD","YurJ","melD","frlP","MelD","FrlP","BSU_30280","BSU_32550","string-db","224308.BSU32550/224308.BSU30280","physical","txid224308"
"BSU_30280","BSU_38810","AmyD","MsmX","melD","msmX","MelD","MsmX","BSU_30280","BSU_38810","subtiwiki","224308.BSU30280/224308.BSU38810","physical","txid224308"
"BSU_30280","BSU_32590","AmyD","FrlN","melD","frlN","MelD","FrlN","BSU_30280","BSU_32590","string-db","224308.BSU32590/224308.BSU30280","physical","txid224308"
"BSU_32600","BSU_38810","FrlO","MsmX","frlO","msmX","FrlO","MsmX","BSU_32600","BSU_38810","string-db","224308.BSU38810/224308.BSU32600","physical","txid224308"
"BSU_32590","BSU_38810","FrlN","MsmX","frlN","msmX","FrlN","MsmX","BSU_32590","BSU_38810","string-db","224308.BSU38810/224308.BSU32590","physical","txid224308"
"BSU_32590","BSU_32600","FrlN","FrlO","frlN","frlO","FrlN","FrlO","BSU_32590","BSU_32600","subtiwiki","224308.BSU32590/224308.BSU32600","physical","txid224308"
"BSU_30370","BSU_30380","BceB","BceA","bceB","bceA","BceB","BceA","BSU_30370","BSU_30380","subtiwiki","224308.BSU30380/224308.BSU30370","physical","txid224308"
"BSU_30410","BSU_30450","YtrF","YtrB","ytrF","ytrB","YtrF","YtrB","BSU_30410","BSU_30450","subtiwiki","224308.BSU30410/224308.BSU30450","physical","txid224308"
"BSU_30410","BSU_30420","YtrF","YtrE","ytrF","ytrE","YtrF","YtrE","BSU_30410","BSU_30420","subtiwiki","224308.BSU30420/224308.BSU30410","physical","txid224308"
"BSU_30410","BSU_30430","YtrF","YtrD","ytrF","ytrD","YtrF","YtrD","BSU_30410","BSU_30430","subtiwiki","224308.BSU30410/224308.BSU30430","physical","txid224308"
"BSU_30410","BSU_30440","YtrF","YtrC","ytrF","ytrC","YtrF","YtrC","BSU_30410","BSU_30440","subtiwiki","224308.BSU30440/224308.BSU30410","physical","txid224308"
"BSU_30440","BSU_30450","YtrC","YtrB","ytrC","ytrB","YtrC","YtrB","BSU_30440","BSU_30450","subtiwiki","224308.BSU30440/224308.BSU30450","physical","txid224308"
"BSU_30420","BSU_30440","YtrE","YtrC","ytrE","ytrC","YtrE","YtrC","BSU_30420","BSU_30440","subtiwiki","224308.BSU30440/224308.BSU30420","physical","txid224308"
"BSU_30420","BSU_30450","YtrE","YtrB","ytrE","ytrB","YtrE","YtrB","BSU_30420","BSU_30450","subtiwiki","224308.BSU30420/224308.BSU30450","physical","txid224308"
"BSU_30420","BSU_30430","YtrE","YtrD","ytrE","ytrD","YtrE","YtrD","BSU_30420","BSU_30430","subtiwiki","224308.BSU30420/224308.BSU30430","physical","txid224308"
"BSU_30430","BSU_30450","YtrD","YtrB","ytrD","ytrB","YtrD","YtrB","BSU_30430","BSU_30450","subtiwiki","224308.BSU30430/224308.BSU30450","physical","txid224308"
"BSU_30430","BSU_30440","YtrD","YtrC","ytrD","ytrC","YtrD","YtrC","BSU_30430","BSU_30440","subtiwiki","224308.BSU30440/224308.BSU30430","physical","txid224308"
"BSU_30690","BSU_34670","YtiB","YvdA","ytiB","BSU_34670","YtiB","YvdA","BSU_30690","BSU_34670","string-db","224308.BSU34670/224308.BSU30690","physical","txid224308"
"BSU_30720","BSU_38750","YthB","CydB","BSU_30720","cydB","YthB","CydB","BSU_30720","BSU_38750","string-db","224308.BSU38750/224308.BSU30720","physical","txid224308"
"BSU_30820","BSU_30830","MenD","MenF","menD","menF","MenD","MenF","BSU_30820","BSU_30830","string-db","224308.BSU30830/224308.BSU30820","physical","txid224308"
"BSU_30830","BSU_31990","MenF","DhbC","menF","dhbC","MenF","DhbC","BSU_30830","BSU_31990","string-db","224308.BSU31990/224308.BSU30830","physical","txid224308"
"BSU_30860","BSU_36230","YtcA","YwqF","ytcA","ugd","YtcA","YwqF","BSU_30860","BSU_36230","string-db","224308.BSU36230/224308.BSU30860","physical","txid224308"
"BSU_30860","BSU_35580","YtcA","TuaD","ytcA","tuaD","YtcA","TuaD","BSU_30860","BSU_35580","string-db","224308.BSU35580/224308.BSU30860","physical","txid224308"
"BSU_35580","BSU_36230","TuaD","YwqF","tuaD","ugd","TuaD","YwqF","BSU_35580","BSU_36230","string-db","224308.BSU36230/224308.BSU35580","physical","txid224308"
"BSU_30960","BSU_30970","GlgD","GlgC","glgD","glgC","GlgD","GlgC","BSU_30960","BSU_30970","string-db","224308.BSU30970/224308.BSU30960","physical","txid224308"
"BSU_31150","BSU_36530","UppP","BcrC","BSU_31150","bcrC","UppP","BcrC","BSU_31150","BSU_36530","string-db","224308.BSU36530/224308.BSU31150","physical","txid224308"
"BSU_31550","BSU_31560","NupO","NupP","nupO","nupP","NupO","NupP","BSU_31550","BSU_31560","subtiwiki","224308.BSU31560/224308.BSU31550","physical","txid224308"
"BSU_31550","BSU_31570","NupO","NupQ","nupO","nupQ","NupO","NupQ","BSU_31550","BSU_31570","subtiwiki","224308.BSU31550/224308.BSU31570","physical","txid224308"
"BSU_31290","BSU_34570","YugT","MdxK","yugT","yvdK","YugT","MdxK","BSU_31290","BSU_34570","string-db","224308.BSU34570/224308.BSU31290","physical","txid224308"
"BSU_31290","BSU_38040","YugT","SacA","yugT","sacA","YugT","SacA","BSU_31290","BSU_38040","string-db","224308.BSU38040/224308.BSU31290","physical","txid224308"
"BSU_31540","BSU_31550","NupN","NupO","nupN","nupO","NupN","NupO","BSU_31540","BSU_31550","string-db","224308.BSU31550/224308.BSU31540","physical","txid224308"
"BSU_31540","BSU_31570","NupN","NupQ","nupN","nupQ","NupN","NupQ","BSU_31540","BSU_31570","string-db","224308.BSU31570/224308.BSU31540","physical","txid224308"
"BSU_31540","BSU_31560","NupN","NupP","nupN","nupP","NupN","NupP","BSU_31540","BSU_31560","string-db","224308.BSU31560/224308.BSU31540","physical","txid224308"
"BSU_31560","BSU_31570","NupP","NupQ","nupP","nupQ","NupP","NupQ","BSU_31560","BSU_31570","subtiwiki","224308.BSU31560/224308.BSU31570","physical","txid224308"
"BSU_31610","BSU_31660","MrpB","MrpG","BSU_31610","BSU_31660","MrpB","MrpG","BSU_31610","BSU_31660","subtiwiki","224308.BSU31610/224308.BSU31660","physical","txid224308"
"BSU_31610","BSU_31620","MrpB","MrpC","BSU_31610","BSU_31620","MrpB","MrpC","BSU_31610","BSU_31620","subtiwiki","224308.BSU31610/224308.BSU31620","physical","txid224308"
"BSU_31610","BSU_31630","MrpB","MrpD","BSU_31610","BSU_31630","MrpB","MrpD","BSU_31610","BSU_31630","subtiwiki","224308.BSU31630/224308.BSU31610","physical","txid224308"
"BSU_31610","BSU_31640","MrpB","MrpE","BSU_31610","BSU_31640","MrpB","MrpE","BSU_31610","BSU_31640","subtiwiki","224308.BSU31610/224308.BSU31640","physical","txid224308"
"BSU_31660","BSU_31620","MrpG","MrpC","BSU_31660","BSU_31620","MrpG","MrpC","BSU_31660","BSU_31620","subtiwiki","224308.BSU31660/224308.BSU31620","physical","txid224308"
"BSU_31630","BSU_31640","MrpD","MrpE","BSU_31630","BSU_31640","MrpD","MrpE","BSU_31630","BSU_31640","subtiwiki","224308.BSU31630/224308.BSU31640","physical","txid224308"
"BSU_31630","BSU_31620","MrpD","MrpC","BSU_31630","BSU_31620","MrpD","MrpC","BSU_31630","BSU_31620","subtiwiki","224308.BSU31630/224308.BSU31620","physical","txid224308"
"BSU_31630","BSU_31650","MrpD","MrpF","BSU_31630","BSU_31650","MrpD","MrpF","BSU_31630","BSU_31650","subtiwiki","224308.BSU31630/224308.BSU31650","physical","txid224308"
"BSU_31630","BSU_31660","MrpD","MrpG","BSU_31630","BSU_31660","MrpD","MrpG","BSU_31630","BSU_31660","subtiwiki","224308.BSU31630/224308.BSU31660","physical","txid224308"
"BSU_31620","BSU_31640","MrpC","MrpE","BSU_31620","BSU_31640","MrpC","MrpE","BSU_31620","BSU_31640","subtiwiki","224308.BSU31640/224308.BSU31620","physical","txid224308"
"BSU_31640","BSU_31660","MrpE","MrpG","BSU_31640","BSU_31660","MrpE","MrpG","BSU_31640","BSU_31660","subtiwiki","224308.BSU31660/224308.BSU31640","physical","txid224308"
"BSU_31640","BSU_31650","MrpE","MrpF","BSU_31640","BSU_31650","MrpE","MrpF","BSU_31640","BSU_31650","subtiwiki","224308.BSU31650/224308.BSU31640","physical","txid224308"
"BSU_31650","BSU_31660","MrpF","MrpG","BSU_31650","BSU_31660","MrpF","MrpG","BSU_31650","BSU_31660","subtiwiki","224308.BSU31650/224308.BSU31660","physical","txid224308"
"BSU_31650","BSU_31620","MrpF","MrpC","BSU_31650","BSU_31620","MrpF","MrpC","BSU_31650","BSU_31620","subtiwiki","224308.BSU31650/224308.BSU31620","physical","txid224308"
"BSU_31650","BSU_31610","MrpF","MrpB","BSU_31650","BSU_31610","MrpF","MrpB","BSU_31650","BSU_31610","subtiwiki","224308.BSU31650/224308.BSU31610","physical","txid224308"
"BSU_32410","BSU_32470","PucH","PucE","pucH","pucE","PucH","PucE","BSU_32410","BSU_32470","string-db","224308.BSU32470/224308.BSU32410","physical","txid224308"
"BSU_32470","BSU_32500","PucE","PucB","pucE","pucB","PucE","PucB","BSU_32470","BSU_32500","string-db","224308.BSU32500/224308.BSU32470","physical","txid224308"
"BSU_32470","BSU_32510","PucE","PucA","pucE","pucA","PucE","PucA","BSU_32470","BSU_32510","string-db","224308.BSU32510/224308.BSU32470","physical","txid224308"
"BSU_32470","BSU_32490","PucE","PucC","pucE","pucC","PucE","PucC","BSU_32470","BSU_32490","string-db","224308.BSU32490/224308.BSU32470","physical","txid224308"
"BSU_32470","BSU_32480","PucE","PucD","pucE","pucD","PucE","PucD","BSU_32470","BSU_32480","string-db","224308.BSU32480/224308.BSU32470","physical","txid224308"
"BSU_32480","BSU_32510","PucD","PucA","pucD","pucA","PucD","PucA","BSU_32480","BSU_32510","string-db","224308.BSU32510/224308.BSU32480","physical","txid224308"
"BSU_32480","BSU_32500","PucD","PucB","pucD","pucB","PucD","PucB","BSU_32480","BSU_32500","string-db","224308.BSU32500/224308.BSU32480","physical","txid224308"
"BSU_32480","BSU_32490","PucD","PucC","pucD","pucC","PucD","PucC","BSU_32480","BSU_32490","string-db","224308.BSU32490/224308.BSU32480","physical","txid224308"
"BSU_32490","BSU_32510","PucC","PucA","pucC","pucA","PucC","PucA","BSU_32490","BSU_32510","string-db","224308.BSU32510/224308.BSU32490","physical","txid224308"
"BSU_32490","BSU_32500","PucC","PucB","pucC","pucB","PucC","PucB","BSU_32490","BSU_32500","string-db","224308.BSU32500/224308.BSU32490","physical","txid224308"
"BSU_32500","BSU_32510","PucB","PucA","pucB","pucA","PucB","PucA","BSU_32500","BSU_32510","string-db","224308.BSU32510/224308.BSU32500","physical","txid224308"
"BSU_34140","BSU_34610","GanQ","MdxE","ganQ","mdxE","GanQ","MdxE","BSU_34140","BSU_34610","string-db","224308.BSU34610/224308.BSU34140","physical","txid224308"
"BSU_34140","BSU_34150","GanQ","GanP","ganQ","ganP","GanQ","GanP","BSU_34140","BSU_34150","subtiwiki","224308.BSU34140/224308.BSU34150","physical","txid224308"
"BSU_34140","BSU_38810","GanQ","MsmX","ganQ","msmX","GanQ","MsmX","BSU_34140","BSU_38810","subtiwiki","224308.BSU34140/224308.BSU38810","physical","txid224308"
"BSU_34140","BSU_34600","GanQ","MdxF","ganQ","mdxF","GanQ","MdxF","BSU_34140","BSU_34600","string-db","224308.BSU34600/224308.BSU34140","physical","txid224308"
"BSU_34140","BSU_34160","GanQ","CycB","ganQ","ganS","GanQ","GanS","BSU_34140","BSU_34160","subtiwiki","224308.BSU34140/224308.BSU34160","physical","txid224308"
"BSU_34140","BSU_34590","GanQ","MdxG","ganQ","mdxG","GanQ","MdxG","BSU_34140","BSU_34590","string-db","224308.BSU34590/224308.BSU34140","physical","txid224308"
"BSU_34590","BSU_34600","MdxG","MdxF","mdxG","mdxF","MdxG","MdxF","BSU_34590","BSU_34600","subtiwiki","224308.BSU34590/224308.BSU34600","physical","txid224308"
"BSU_34590","BSU_38810","MdxG","MsmX","mdxG","msmX","MdxG","MsmX","BSU_34590","BSU_38810","subtiwiki","224308.BSU38810/224308.BSU34590","physical","txid224308"
"BSU_34590","BSU_34610","MdxG","MdxE","mdxG","mdxE","MdxG","MdxE","BSU_34590","BSU_34610","subtiwiki","224308.BSU34610/224308.BSU34590","physical","txid224308"
"BSU_32680","BSU_18000","SufU","CitB","sufU","citB","SufU","CitB","BSU_32680","BSU_18000","subtiwiki","224308.BSU32680/224308.BSU18000","physical","txid224308"
"BSU_32680","BSU_32690","SufU","SufS","sufU","sufS","SufU","SufS","BSU_32680","BSU_32690","subtiwiki","224308.BSU32690/224308.BSU32680","physical","txid224308"
"BSU_35960","BSU_38850","RbsB","YxkC","rbsB","yxkC","RbsB","YxkC","BSU_35960","BSU_38850","subtiwiki","224308.BSU35960/224308.BSU38850","physical","txid224308"
"BSU_35960","BSU_35930","RbsB","RbsD","rbsB","rbsD","RbsB","RbsD","BSU_35960","BSU_35930","subtiwiki","224308.BSU35960/224308.BSU35930","physical","txid224308"
"BSU_33050","BSU_33070","GerAA","GerAC","gerAA","gerAC","GerAA","GerAC","BSU_33050","BSU_33070","subtiwiki","224308.BSU33070/224308.BSU33050","physical","txid224308"
"BSU_33050","BSU_33060","GerAA","GerAB","gerAA","gerAB","GerAA","GerAB","BSU_33050","BSU_33060","subtiwiki","224308.BSU33060/224308.BSU33050","physical","txid224308"
"BSU_33070","BSU_03700","GerAC","GerKA","gerAC","gerKA","GerAC","GerKA","BSU_33070","BSU_03700","subtiwiki","224308.BSU33070/224308.BSU03700","physical","txid224308"
"BSU_33060","BSU_35810","GerAB","GerBB","gerAB","gerBB","GerAB","GerBB","BSU_33060","BSU_35810","subtiwiki","224308.BSU33060/224308.BSU35810","physical","txid224308"
"BSU_33060","BSU_03700","GerAB","GerKA","gerAB","gerKA","GerAB","GerKA","BSU_33060","BSU_03700","subtiwiki","224308.BSU33060/224308.BSU03700","physical","txid224308"
"BSU_33060","BSU_35820","GerAB","GerBC","gerAB","gerBC","GerAB","GerBC","BSU_33060","BSU_35820","subtiwiki","224308.BSU33060/224308.BSU35820","physical","txid224308"
"BSU_33060","BSU_03710","GerAB","GerKC","gerAB","gerKC","GerAB","GerKC","BSU_33060","BSU_03710","subtiwiki","224308.BSU33060/224308.BSU03710","physical","txid224308"
"BSU_33060","BSU_03720","GerAB","GerKB","gerAB","gerKB","GerAB","GerKB","BSU_33060","BSU_03720","subtiwiki","224308.BSU33060/224308.BSU03720","physical","txid224308"
"BSU_33060","BSU_33070","GerAB","GerAC","gerAB","gerAC","GerAB","GerAC","BSU_33060","BSU_33070","subtiwiki","224308.BSU33060/224308.BSU33070","physical","txid224308"
"BSU_33280","BSU_33290","YvrP","FhuC","yvrP","fhuC","YvrP","FhuC","BSU_33280","BSU_33290","string-db","224308.BSU33290/224308.BSU33280","physical","txid224308"
"BSU_33290","BSU_33300","FhuC","FhuG","fhuC","fhuG","FhuC","FhuG","BSU_33290","BSU_33300","subtiwiki","224308.BSU33290/224308.BSU33300","physical","txid224308"
"BSU_33380","BSU_33390","YvgL","YvgM","BSU_33380","BSU_33390","YvgL","YvgM","BSU_33380","BSU_33390","string-db","224308.BSU33390/224308.BSU33380","physical","txid224308"
"BSU_33470","BSU_33480","BdbC","BdbD","bdbC","bdbD","BdbC","BdbD","BSU_33470","BSU_33480","string-db","224308.BSU33480/224308.BSU33470","physical","txid224308"
"BSU_33660","BSU_14610","RghRA","PdhD","rghR","pdhD","RghR","PdhD","BSU_33660","BSU_14610","subtiwiki","224308.BSU33660/224308.BSU14610","physical","txid224308"
"BSU_33660","BSU_36240","RghRA","YwqE","rghR","ptpZ","RghR","PtpZ","BSU_33660","BSU_36240","string-db","224308.BSU36240/224308.BSU33660","physical","txid224308"
"BSU_33700","BSU_33810","OpuBD","OpuCC","opuBD","opuCC","OpuBD","OpuCC","BSU_33700","BSU_33810","string-db","224308.BSU33810/224308.BSU33700","physical","txid224308"
"BSU_33700","BSU_33710","OpuBD","OpuBC","opuBD","opuBC","OpuBD","OpuBC","BSU_33700","BSU_33710","subtiwiki","224308.BSU33700/224308.BSU33710","physical","txid224308"
"BSU_33700","BSU_33830","OpuBD","OpuCA","opuBD","opuCA","OpuBD","OpuCA","BSU_33700","BSU_33830","string-db","224308.BSU33830/224308.BSU33700","physical","txid224308"
"BSU_33700","BSU_33720","OpuBD","OpuBB","opuBD","opuBB","OpuBD","OpuBB","BSU_33700","BSU_33720","subtiwiki","224308.BSU33700/224308.BSU33720","physical","txid224308"
"BSU_33700","BSU_33730","OpuBD","OpuBA","opuBD","opuBA","OpuBD","OpuBA","BSU_33700","BSU_33730","subtiwiki","224308.BSU33700/224308.BSU33730","physical","txid224308"
"BSU_33730","BSU_33830","OpuBA","OpuCA","opuBA","opuCA","OpuBA","OpuCA","BSU_33730","BSU_33830","string-db","224308.BSU33830/224308.BSU33730","physical","txid224308"
"BSU_33730","BSU_33820","OpuBA","OpuCB","opuBA","opuCB","OpuBA","OpuCB","BSU_33730","BSU_33820","string-db","224308.BSU33820/224308.BSU33730","physical","txid224308"
"BSU_33730","BSU_33800","OpuBA","OpuCD","opuBA","opuCD","OpuBA","OpuCD","BSU_33730","BSU_33800","string-db","224308.BSU33800/224308.BSU33730","physical","txid224308"
"BSU_33730","BSU_33810","OpuBA","OpuCC","opuBA","opuCC","OpuBA","OpuCC","BSU_33730","BSU_33810","string-db","224308.BSU33810/224308.BSU33730","physical","txid224308"
"BSU_33720","BSU_33830","OpuBB","OpuCA","opuBB","opuCA","OpuBB","OpuCA","BSU_33720","BSU_33830","string-db","224308.BSU33830/224308.BSU33720","physical","txid224308"
"BSU_33720","BSU_33730","OpuBB","OpuBA","opuBB","opuBA","OpuBB","OpuBA","BSU_33720","BSU_33730","subtiwiki","224308.BSU33730/224308.BSU33720","physical","txid224308"
"BSU_33720","BSU_33810","OpuBB","OpuCC","opuBB","opuCC","OpuBB","OpuCC","BSU_33720","BSU_33810","string-db","224308.BSU33810/224308.BSU33720","physical","txid224308"
"BSU_33800","BSU_33810","OpuCD","OpuCC","opuCD","opuCC","OpuCD","OpuCC","BSU_33800","BSU_33810","subtiwiki","224308.BSU33800/224308.BSU33810","physical","txid224308"
"BSU_33800","BSU_33820","OpuCD","OpuCB","opuCD","opuCB","OpuCD","OpuCB","BSU_33800","BSU_33820","subtiwiki","224308.BSU33800/224308.BSU33820","physical","txid224308"
"BSU_33800","BSU_33830","OpuCD","OpuCA","opuCD","opuCA","OpuCD","OpuCA","BSU_33800","BSU_33830","subtiwiki","224308.BSU33830/224308.BSU33800","physical","txid224308"
"BSU_33820","BSU_33830","OpuCB","OpuCA","opuCB","opuCA","OpuCB","OpuCA","BSU_33820","BSU_33830","subtiwiki","224308.BSU33830/224308.BSU33820","physical","txid224308"
"BSU_34770","BSU_34760","YvcJ","GlmR","yvcJ","glmR","YvcJ","GlmR","BSU_34770","BSU_34760","subtiwiki","224308.BSU34770/224308.BSU34760","physical","txid224308"
"BSU_34770","BSU_40360","YvcJ","HtrC","yvcJ","htrC","YvcJ","HtrC","BSU_34770","BSU_40360","string-db","224308.BSU40360/224308.BSU34770","physical","txid224308"
"BSU_34800","BSU_18380","CwlO","IseA","cwlO","iseA","CwlO","IseA","BSU_34800","BSU_18380","subtiwiki","224308.BSU34800/224308.BSU18380","physical","txid224308"
"BSU_34800","BSU_35250","CwlO","FtsX","cwlO","ftsX","CwlO","FtsX","BSU_34800","BSU_35250","subtiwiki","224308.BSU34800/224308.BSU35250","physical","txid224308"
"BSU_34840","BSU_36260","YvcB","YwqC","yvcB","tkmA","YvcB","TkmA","BSU_34840","BSU_36260","string-db","224308.BSU36260/224308.BSU34840","physical","txid224308"
"BSU_34840","BSU_40360","YvcB","HtrC","yvcB","htrC","YvcB","HtrC","BSU_34840","BSU_40360","string-db","224308.BSU40360/224308.BSU34840","physical","txid224308"
"BSU_34870","BSU_34890","HisF","HisH","hisF","hisH","HisF","HisH","BSU_34870","BSU_34890","subtiwiki","224308.BSU34870/224308.BSU34890","physical","txid224308"
"BSU_34920","BSU_34930","HisG","HisZ","hisG","hisZ","HisG","HisZ","BSU_34920","BSU_34930","subtiwiki","224308.BSU34930/224308.BSU34920","physical","txid224308"
"BSU_34970","BSU_40550","PpaX","PpaC","yvoE","BSU_40550","PpaX","PpaC","BSU_34970","BSU_40550","string-db","224308.BSU40550/224308.BSU34970","physical","txid224308"
"BSU_35730","BSU_35750","TagE","TagA","tagE","tagA","TagE","TagA","BSU_35730","BSU_35750","string-db","224308.BSU35750/224308.BSU35730","physical","txid224308"
"BSU_35780","BSU_37810","LytD","SpsL","lytD","spsL","LytD","SpsL","BSU_35780","BSU_37810","string-db","224308.BSU37810/224308.BSU35780","physical","txid224308"
"BSU_35800","BSU_35820","GerBA","GerBC","gerBA","gerBC","GerBA","GerBC","BSU_35800","BSU_35820","subtiwiki","224308.BSU35800/224308.BSU35820","physical","txid224308"
"BSU_35800","BSU_03700","GerBA","GerKA","gerBA","gerKA","GerBA","GerKA","BSU_35800","BSU_03700","subtiwiki","224308.BSU35800/224308.BSU03700","physical","txid224308"
"BSU_35800","BSU_03710","GerBA","GerKC","gerBA","gerKC","GerBA","GerKC","BSU_35800","BSU_03710","subtiwiki","224308.BSU35800/224308.BSU03710","physical","txid224308"
"BSU_35800","BSU_03720","GerBA","GerKB","gerBA","gerKB","GerBA","GerKB","BSU_35800","BSU_03720","subtiwiki","224308.BSU35800/224308.BSU03720","physical","txid224308"
"BSU_35800","BSU_01550","GerBA","GerD","gerBA","gerD","GerBA","GerD","BSU_35800","BSU_01550","subtiwiki","224308.BSU35800/224308.BSU01550","physical","txid224308"
"BSU_35800","BSU_33050","GerBA","GerAA","gerBA","gerAA","GerBA","GerAA","BSU_35800","BSU_33050","subtiwiki","224308.BSU35800/224308.BSU33050","physical","txid224308"
"BSU_35800","BSU_33070","GerBA","GerAC","gerBA","gerAC","GerBA","GerAC","BSU_35800","BSU_33070","subtiwiki","224308.BSU35800/224308.BSU33070","physical","txid224308"
"BSU_35800","BSU_33060","GerBA","GerAB","gerBA","gerAB","GerBA","GerAB","BSU_35800","BSU_33060","subtiwiki","224308.BSU35800/224308.BSU33060","physical","txid224308"
"BSU_35800","BSU_35810","GerBA","GerBB","gerBA","gerBB","GerBA","GerBB","BSU_35800","BSU_35810","subtiwiki","224308.BSU35800/224308.BSU35810","physical","txid224308"
"BSU_35810","BSU_33050","GerBB","GerAA","gerBB","gerAA","GerBB","GerAA","BSU_35810","BSU_33050","subtiwiki","224308.BSU35810/224308.BSU33050","physical","txid224308"
"BSU_35810","BSU_03700","GerBB","GerKA","gerBB","gerKA","GerBB","GerKA","BSU_35810","BSU_03700","subtiwiki","224308.BSU35810/224308.BSU03700","physical","txid224308"
"BSU_35810","BSU_33070","GerBB","GerAC","gerBB","gerAC","GerBB","GerAC","BSU_35810","BSU_33070","subtiwiki","224308.BSU35810/224308.BSU33070","physical","txid224308"
"BSU_35870","BSU_35890","CapE","CapC","capE","capC","CapE","CapC","BSU_35870","BSU_35890","string-db","224308.BSU35890/224308.BSU35870","physical","txid224308"
"BSU_35870","BSU_35900","CapE","CapB","capE","capB","CapE","CapB","BSU_35870","BSU_35900","string-db","224308.BSU35900/224308.BSU35870","physical","txid224308"
"BSU_35890","BSU_35900","CapC","CapB","capC","capB","CapC","CapB","BSU_35890","BSU_35900","subtiwiki","224308.BSU35900/224308.BSU35890","physical","txid224308"
"BSU_35900","BSU_35880","CapB","CapA","capB","capA","CapB","CapA","BSU_35900","BSU_35880","subtiwiki","224308.BSU35900/224308.BSU35880","physical","txid224308"
"BSU_35940","BSU_35950","RbsA","RbsC","rbsA","rbsC","RbsA","RbsC","BSU_35940","BSU_35950","subtiwiki","224308.BSU35940/224308.BSU35950","physical","txid224308"
"BSU_35940","BSU_35960","RbsA","RbsB","rbsA","rbsB","RbsA","RbsB","BSU_35940","BSU_35960","subtiwiki","224308.BSU35960/224308.BSU35940","physical","txid224308"
"BSU_35940","BSU_35930","RbsA","RbsD","rbsA","rbsD","RbsA","RbsD","BSU_35940","BSU_35930","subtiwiki","224308.BSU35940/224308.BSU35930","physical","txid224308"
"BSU_35940","BSU_09300","RbsA","GlpD","rbsA","glpD","RbsA","GlpD","BSU_35940","BSU_09300","subtiwiki","224308.BSU35940/224308.BSU09300","physical","txid224308"
"BSU_35950","BSU_35960","RbsC","RbsB","rbsC","rbsB","RbsC","RbsB","BSU_35950","BSU_35960","subtiwiki","224308.BSU35960/224308.BSU35950","physical","txid224308"
"BSU_36180","BSU_36190","RttO","RttN","BSU_36180","BSU_36190","YwqK","YwqJ","BSU_36180","BSU_36190","subtiwiki","224308.BSU36190/224308.BSU36180","physical","txid224308"
"BSU_36390","BSU_16290","FlhP","FlgE","flhP","flgE","FlhP","FlgE","BSU_36390","BSU_16290","subtiwiki","224308.BSU36390/224308.BSU16290","physical","txid224308"
"BSU_36390","BSU_36400","FlhP","FlhO","flhP","flhO","FlhP","FlhO","BSU_36390","BSU_36400","subtiwiki","224308.BSU36400/224308.BSU36390","physical","txid224308"
"BSU_36590","BSU_37190","ClsA","ClsB","BSU_36590","BSU_37190","ClsA","ClsB","BSU_36590","BSU_37190","string-db","224308.BSU37190/224308.BSU36590","physical","txid224308"
"BSU_36590","BSU_37240","ClsA","YwiE","BSU_36590","ywiE","ClsA","YwiE","BSU_36590","BSU_37240","string-db","224308.BSU37240/224308.BSU36590","physical","txid224308"
"BSU_37190","BSU_37240","ClsB","YwiE","BSU_37190","ywiE","ClsB","YwiE","BSU_37190","BSU_37240","string-db","224308.BSU37240/224308.BSU37190","physical","txid224308"
"BSU_36640","BSU_36660","UreC","UreA","ureC","ureA","UreC","UreA","BSU_36640","BSU_36660","subtiwiki","224308.BSU36660/224308.BSU36640","physical","txid224308"
"BSU_36640","BSU_36650","UreC","UreB","ureC","ureB","UreC","UreB","BSU_36640","BSU_36650","subtiwiki","224308.BSU36650/224308.BSU36640","physical","txid224308"
"BSU_36650","BSU_36660","UreB","UreA","ureB","ureA","UreB","UreA","BSU_36650","BSU_36660","subtiwiki","224308.BSU36660/224308.BSU36650","physical","txid224308"
"BSU_36930","BSU_11500","YwlE","SpxA","BSU_36930","spx","YwlE","Spx","BSU_36930","BSU_11500","subtiwiki","224308.BSU36930/224308.BSU11500","physical","txid224308"
"BSU_36930","BSU_00850","YwlE","McsB","BSU_36930","mcsB","YwlE","McsB","BSU_36930","BSU_00850","subtiwiki","224308.BSU36930/224308.BSU00850","physical","txid224308"
"BSU_36930","BSU_39660","YwlE","YxdJ","BSU_36930","yxdJ","YwlE","YxdJ","BSU_36930","BSU_39660","string-db","224308.BSU39660/224308.BSU36930","physical","txid224308"
"BSU_38200","BSU_38580","GalK","LicC","galK","licC","GalK","LicC","BSU_38200","BSU_38580","string-db","224308.BSU38580/224308.BSU38200","physical","txid224308"
"BSU_38510","BSU_38530","DltB","DltD","dltB","dltD","DltB","DltD","BSU_38510","BSU_38530","string-db","224308.BSU38530/224308.BSU38510","physical","txid224308"
"BSU_38510","BSU_38520","DltB","DltC","dltB","dltC","DltB","DltC","BSU_38510","BSU_38520","subtiwiki","224308.BSU38510/224308.BSU38520","physical","txid224308"
"BSU_38690","BSU_38700","YxlC","SigY","yxlC","sigY","YxlC","SigY","BSU_38690","BSU_38700","subtiwiki","224308.BSU38700/224308.BSU38690","physical","txid224308"
"BSU_38700","BSU_01080","SigY","RpoC","sigY","rpoC","SigY","RpoC","BSU_38700","BSU_01080","subtiwiki","224308.BSU38700/224308.BSU01080","physical","txid224308"
"BSU_38700","BSU_01070","SigY","RpoB","sigY","rpoB","SigY","RpoB","BSU_38700","BSU_01070","subtiwiki","224308.BSU38700/224308.BSU01070","physical","txid224308"
"BSU_38730","BSU_38740","CydD","CydC","cydD","cydC","CydD","CydC","BSU_38730","BSU_38740","subtiwiki","224308.BSU38730/224308.BSU38740","physical","txid224308"
"BSU_38980","BSU_38990","AtoB","AtoA","scoB","scoA","ScoB","ScoA","BSU_38980","BSU_38990","subtiwiki","224308.BSU38980/224308.BSU38990","physical","txid224308"
"BSU_39480","BSU_39500","YxeO","YxeM","yxeO","yxeM","YxeO","YxeM","BSU_39480","BSU_39500","subtiwiki","224308.BSU39500/224308.BSU39480","physical","txid224308"
"BSU_39480","BSU_39490","YxeO","YxeN","yxeO","yxeN","YxeO","YxeN","BSU_39480","BSU_39490","subtiwiki","224308.BSU39480/224308.BSU39490","physical","txid224308"
"BSU_39550","BSU_39560","YxeH","YxeG","BSU_39550","BSU_39560","YxeH","YxeG","BSU_39550","BSU_39560","string-db","224308.BSU39560/224308.BSU39550","physical","txid224308"
"BSU_39650","BSU_39660","YxdK","YxdJ","BSU_39650","yxdJ","YxdK","YxdJ","BSU_39650","BSU_39660","string-db","224308.BSU39660/224308.BSU39650","physical","txid224308"
"BSU_40140","BSU_40160","YydJ","EpeP","epeB","epeP","EpeB","EpeP","BSU_40140","BSU_40160","subtiwiki","224308.BSU40140/224308.BSU40160","physical","txid224308"
"BSU_40140","BSU_40150","YydJ","YydI","epeB","epeA","EpeB","EpeA","BSU_40140","BSU_40150","subtiwiki","224308.BSU40150/224308.BSU40140","physical","txid224308"
"BSU_40380","BSU_40400","YycI","WalK","BSU_40380","BSU_40400","WalI","WalK","BSU_40380","BSU_40400","subtiwiki","224308.BSU40400/224308.BSU40380","physical","txid224308"
"BSU_40390","BSU_40380","WalH","YycI","BSU_40390","BSU_40380","WalH","WalI","BSU_40390","BSU_40380","subtiwiki","224308.BSU40390/224308.BSU40380","physical","txid224308"
"BSU_40390","BSU_40400","WalH","WalK","BSU_40390","BSU_40400","WalH","WalK","BSU_40390","BSU_40400","subtiwiki","224308.BSU40390/224308.BSU40400","physical","txid224308"
"BSU_40410","BSU_15770","WalR","PrkC","walR","BSU_15770","WalR","PrkC","BSU_40410","BSU_15770","subtiwiki","224308.BSU40410/224308.BSU15770","physical","txid224308"
"BSU_10330","BSU_26170","YhfQ","YqbB","yhfQ","BSU_26170","YhfQ","YqbB","BSU_10330","BSU_26170","subtiwiki","224308.BSU10330/224308.BSU26170","physical","txid224308"
"BSU_10330","BSU_14580","YhfQ","PdhA","yhfQ","pdhA","YhfQ","PdhA","BSU_10330","BSU_14580","subtiwiki","224308.BSU10330/224308.BSU14580","physical","txid224308"
"BSU_10330","BSU_07510","YhfQ","YfmD","yhfQ","fecD","YhfQ","FecD","BSU_10330","BSU_07510","subtiwiki","224308.BSU10330/224308.BSU07510","physical","txid224308"
"BSU_10330","BSU_07500","YhfQ","YfmE","yhfQ","fecE","YhfQ","FecE","BSU_10330","BSU_07500","subtiwiki","224308.BSU10330/224308.BSU07500","physical","txid224308"
"BSU_10330","BSU_07520","YhfQ","YfmC","yhfQ","fecC","YhfQ","FecC","BSU_10330","BSU_07520","subtiwiki","224308.BSU10330/224308.BSU07520","physical","txid224308"
"BSU_10330","BSU_07490","YhfQ","YfmF","yhfQ","fecF","YhfQ","FecF","BSU_10330","BSU_07490","subtiwiki","224308.BSU10330/224308.BSU07490","physical","txid224308"
"BSU_33310","BSU_33320","FhuB","FhuD","fhuB","fhuD","FhuB","FhuD","BSU_33310","BSU_33320","subtiwiki","224308.BSU33310/224308.BSU33320","physical","txid224308"
"BSU_33310","BSU_33290","FhuB","FhuC","fhuB","fhuC","FhuB","FhuC","BSU_33310","BSU_33290","subtiwiki","224308.BSU33310/224308.BSU33290","physical","txid224308"
"BSU_33310","BSU_33300","FhuB","FhuG","fhuB","fhuG","FhuB","FhuG","BSU_33310","BSU_33300","subtiwiki","224308.BSU33310/224308.BSU33300","physical","txid224308"
"BSU_33310","BSU_39610","FhuB","YxeB","fhuB","yxeB","FhuB","YxeB","BSU_33310","BSU_39610","subtiwiki","224308.BSU33310/224308.BSU39610","physical","txid224308"
"BSU_33320","BSU_33300","FhuD","FhuG","fhuD","fhuG","FhuD","FhuG","BSU_33320","BSU_33300","subtiwiki","224308.BSU33320/224308.BSU33300","physical","txid224308"
"BSU_33320","BSU_33290","FhuD","FhuC","fhuD","fhuC","FhuD","FhuC","BSU_33320","BSU_33290","subtiwiki","224308.BSU33320/224308.BSU33290","physical","txid224308"
"BSU_39610","BSU_33290","YxeB","FhuC","yxeB","fhuC","YxeB","FhuC","BSU_39610","BSU_33290","subtiwiki","224308.BSU39610/224308.BSU33290","physical","txid224308"
"BSU_39610","BSU_33320","YxeB","FhuD","yxeB","fhuD","YxeB","FhuD","BSU_39610","BSU_33320","subtiwiki","224308.BSU39610/224308.BSU33320","physical","txid224308"
"BSU_39610","BSU_33300","YxeB","FhuG","yxeB","fhuG","YxeB","FhuG","BSU_39610","BSU_33300","subtiwiki","224308.BSU39610/224308.BSU33300","physical","txid224308"
"BSU_11382","BSU_11360","AppA/2","AppD","appA/2","appD","AppA/2","AppD","BSU_11382","BSU_11360","subtiwiki","224308.BSU11382/224308.BSU11360","physical","txid224308"
"BSU_11382","BSU_11390","AppA/2","AppB","appA/2","appB","AppA/2","AppB","BSU_11382","BSU_11390","subtiwiki","224308.BSU11382/224308.BSU11390","physical","txid224308"
"BSU_11382","BSU_11400","AppA/2","AppC","appA/2","appC","AppA/2","AppC","BSU_11382","BSU_11400","subtiwiki","224308.BSU11382/224308.BSU11400","physical","txid224308"
"BSU_11382","BSU_11370","AppA/2","AppF","appA/2","appF","AppA/2","AppF","BSU_11382","BSU_11370","subtiwiki","224308.BSU11382/224308.BSU11370","physical","txid224308"
"BSU_04160","BSU_13900","MtlR","PtsH","mtlR","ptsH","MtlR","PtsH","BSU_04160","BSU_13900","subtiwiki","224308.BSU04160/224308.BSU13900","physical","txid224308"
"BSU_04160","BSU_03982","MtlR","MtlF","mtlR","mtlF","MtlR","MtlF","BSU_04160","BSU_03982","subtiwiki","224308.BSU04160/224308.BSU03982","physical","txid224308"
"BSU_04160","BSU_03981","MtlR","MtlA","mtlR","mtlA","MtlR","MtlA","BSU_04160","BSU_03981","subtiwiki","224308.BSU04160/224308.BSU03981","physical","txid224308"
"BSU_35930","BSU_35950","RbsD","RbsC","rbsD","rbsC","RbsD","RbsC","BSU_35930","BSU_35950","subtiwiki","224308.BSU35930/224308.BSU35950","physical","txid224308"
"BSU_03820","BSU_03810","FpbP","FpbO","fpbP","fpbO","FpbP","FpbO","BSU_03820","BSU_03810","subtiwiki","224308.BSU03820/224308.BSU03810","physical","txid224308"
"BSU_03820","BSU_03800","FpbP","FpbN","fpbP","fpbN","FpbP","FpbN","BSU_03820","BSU_03800","subtiwiki","224308.BSU03820/224308.BSU03800","physical","txid224308"
"BSU_03820","BSU_03830","FpbP","FpbQ","fpbP","fpbQ","FpbP","FpbQ","BSU_03820","BSU_03830","subtiwiki","224308.BSU03820/224308.BSU03830","physical","txid224308"
"BSU_03830","BSU_03810","FpbQ","FpbO","fpbQ","fpbO","FpbQ","FpbO","BSU_03830","BSU_03810","subtiwiki","224308.BSU03830/224308.BSU03810","physical","txid224308"
"BSU_03800","BSU_03810","FpbN","FpbO","fpbN","fpbO","FpbN","FpbO","BSU_03800","BSU_03810","subtiwiki","224308.BSU03800/224308.BSU03810","physical","txid224308"
"BSU_03800","BSU_03830","FpbN","FpbQ","fpbN","fpbQ","FpbN","FpbQ","BSU_03800","BSU_03830","subtiwiki","224308.BSU03800/224308.BSU03830","physical","txid224308"
"BSU_01620","BSU_32940","FeuB","YusV","feuB","yusV","FeuB","YusV","BSU_01620","BSU_32940","subtiwiki","224308.BSU01620/224308.BSU32940","physical","txid224308"
"BSU_01620","BSU_01610","FeuB","FeuC","feuB","feuC","FeuB","FeuC","BSU_01620","BSU_01610","subtiwiki","224308.BSU01620/224308.BSU01610","physical","txid224308"
"BSU_32940","BSU_01610","YusV","FeuC","yusV","feuC","YusV","FeuC","BSU_32940","BSU_01610","subtiwiki","224308.BSU32940/224308.BSU01610","physical","txid224308"
"BSU_32940","BSU_08450","YusV","YfiZ","yusV","yfiZ","YusV","YfiZ","BSU_32940","BSU_08450","subtiwiki","224308.BSU32940/224308.BSU08450","physical","txid224308"
"BSU_01630","BSU_01620","FeuA","FeuB","feuA","feuB","FeuA","FeuB","BSU_01630","BSU_01620","subtiwiki","224308.BSU01630/224308.BSU01620","physical","txid224308"
"BSU_01630","BSU_32940","FeuA","YusV","feuA","yusV","FeuA","YusV","BSU_01630","BSU_32940","subtiwiki","224308.BSU01630/224308.BSU32940","physical","txid224308"
"BSU_01630","BSU_01610","FeuA","FeuC","feuA","feuC","FeuA","FeuC","BSU_01630","BSU_01610","subtiwiki","224308.BSU01630/224308.BSU01610","physical","txid224308"
"BSU_34200","BSU_01430","SigL","RpoA","sigL","rpoA","SigL","RpoA","BSU_34200","BSU_01430","subtiwiki","224308.BSU34200/224308.BSU01430","physical","txid224308"
"BSU_34200","BSU_01070","SigL","RpoB","sigL","rpoB","SigL","RpoB","BSU_34200","BSU_01070","subtiwiki","224308.BSU34200/224308.BSU01070","physical","txid224308"
"BSU_34200","BSU_01080","SigL","RpoC","sigL","rpoC","SigL","RpoC","BSU_34200","BSU_01080","subtiwiki","224308.BSU34200/224308.BSU01080","physical","txid224308"
"BSU_34200","BSU_27080","SigL","LevR","sigL","levR","SigL","LevR","BSU_34200","BSU_27080","subtiwiki","224308.BSU34200/224308.BSU27080","physical","txid224308"
"BSU_34200","BSU_24100","SigL","BkdR","sigL","bkdR","SigL","BkdR","BSU_34200","BSU_24100","subtiwiki","224308.BSU34200/224308.BSU24100","physical","txid224308"
"BSU_34200","BSU_40350","SigL","RocR","sigL","rocR","SigL","RocR","BSU_34200","BSU_40350","subtiwiki","224308.BSU34200/224308.BSU40350","physical","txid224308"
"BSU_34200","BSU_08100","SigL","AcoR","sigL","acoR","SigL","AcoR","BSU_34200","BSU_08100","subtiwiki","224308.BSU34200/224308.BSU08100","physical","txid224308"
"BSU_34200","BSU_21780","SigL","YplP","sigL","BSU_21780","SigL","YplP","BSU_34200","BSU_21780","subtiwiki","224308.BSU34200/224308.BSU21780","physical","txid224308"
"BSU_08440","BSU_32940","YfiY","YusV","yfiY","yusV","YfiY","YusV","BSU_08440","BSU_32940","subtiwiki","224308.BSU08440/224308.BSU32940","physical","txid224308"
"BSU_08440","BSU_08450","YfiY","YfiZ","yfiY","yfiZ","YfiY","YfiZ","BSU_08440","BSU_08450","subtiwiki","224308.BSU08440/224308.BSU08450","physical","txid224308"
"BSU_00980","BSU_01070","SigH","RpoB","sigH","rpoB","SigH","RpoB","BSU_00980","BSU_01070","subtiwiki","224308.BSU00980/224308.BSU01070","physical","txid224308"
"G8J2-20","BSU_22800","CmpA","SpoIVA","cmpA","spoIVA","CmpA","SpoIVA","G8J2-20","BSU_22800","subtiwiki","224308.G8J2-20/224308.BSU22800","physical","txid224308"
"BSU_04440","BSU_04450","DctB","DctS","dctB","BSU_04450","DctB","DctS","BSU_04440","BSU_04450","subtiwiki","224308.BSU04440/224308.BSU04450","physical","txid224308"
"BSU_04470","BSU_04440","DctP","DctB","dctP","dctB","DctP","DctB","BSU_04470","BSU_04440","subtiwiki","224308.BSU04470/224308.BSU04440","physical","txid224308"
"BSU_04470","BSU_04450","DctP","DctS","dctP","BSU_04450","DctP","DctS","BSU_04470","BSU_04450","subtiwiki","224308.BSU04470/224308.BSU04450","physical","txid224308"
"BSU_38280","BSU_38270","EfeU","EfeO","efeU","efeO","EfeU","EfeO","BSU_38280","BSU_38270","subtiwiki","224308.BSU38280/224308.BSU38270","physical","txid224308"
"BSU_38260","BSU_38280","EfeB","EfeU","efeB","efeU","EfeB","EfeU","BSU_38260","BSU_38280","subtiwiki","224308.BSU38260/224308.BSU38280","physical","txid224308"
"BSU_23250","BSU_23240","RibH","RibT","ribH","ribT","RibH","RibT","BSU_23250","BSU_23240","subtiwiki","224308.BSU23250/224308.BSU23240","physical","txid224308"
"BSU_23250","BSU_23270","RibH","RibE","ribH","ribE","RibH","RibE","BSU_23250","BSU_23270","subtiwiki","224308.BSU23250/224308.BSU23270","physical","txid224308"
"BSU_23270","BSU_23240","RibE","RibT","ribE","ribT","RibE","RibT","BSU_23270","BSU_23240","subtiwiki","224308.BSU23270/224308.BSU23240","physical","txid224308"
"BSU_08310","BSU_08330","LnrL","YfiN","lnrL","lnrN","LnrL","LnrN","BSU_08310","BSU_08330","subtiwiki","224308.BSU08310/224308.BSU08330","physical","txid224308"
"BSU_06980","BSU_06970","RhiF","RhiL","rhiF","rhiL","RhiF","RhiL","BSU_06980","BSU_06970","subtiwiki","224308.BSU06980/224308.BSU06970","physical","txid224308"
"BSU_06990","BSU_06970","RhiG","RhiL","rhiG","rhiL","RhiG","RhiL","BSU_06990","BSU_06970","subtiwiki","224308.BSU06990/224308.BSU06970","physical","txid224308"
"BSU_06990","BSU_06980","RhiG","RhiF","rhiG","rhiF","RhiG","RhiF","BSU_06990","BSU_06980","subtiwiki","224308.BSU06990/224308.BSU06980","physical","txid224308"
"BSU_16470","BSU_01080","SigD","RpoC","sigD","rpoC","SigD","RpoC","BSU_16470","BSU_01080","subtiwiki","224308.BSU16470/224308.BSU01080","physical","txid224308"
"BSU_16470","BSU_01070","SigD","RpoB","sigD","rpoB","SigD","RpoB","BSU_16470","BSU_01070","subtiwiki","224308.BSU16470/224308.BSU01070","physical","txid224308"
"BSU_16470","BSU_35430","SigD","FlgM","sigD","flgM","SigD","FlgM","BSU_16470","BSU_35430","subtiwiki","224308.BSU16470/224308.BSU35430","physical","txid224308"
"BSU_14730","BSU_14740","YlaC","YlaD","ylaC","ylaD","YlaC","YlaD","BSU_14730","BSU_14740","subtiwiki","224308.BSU14730/224308.BSU14740","physical","txid224308"
"BSU_14730","BSU_01080","YlaC","RpoC","ylaC","rpoC","YlaC","RpoC","BSU_14730","BSU_01080","subtiwiki","224308.BSU14730/224308.BSU01080","physical","txid224308"
"BSU_14730","BSU_01070","YlaC","RpoB","ylaC","rpoB","YlaC","RpoB","BSU_14730","BSU_01070","subtiwiki","224308.BSU14730/224308.BSU01070","physical","txid224308"
"BSU_tRNA_48","BSU_06680","TrnS-Gln","GatA","BSU_tRNA_48","BSU_06680","TrnS-Gln","GatA","BSU_tRNA_48","BSU_06680","subtiwiki","224308.BSUtRNA48/224308.BSU06680","physical","txid224308"
"BSU_tRNA_48","BSU_06690","TrnS-Gln","GatB","BSU_tRNA_48","BSU_06690","TrnS-Gln","GatB","BSU_tRNA_48","BSU_06690","subtiwiki","224308.BSUtRNA48/224308.BSU06690","physical","txid224308"
"BSU_22480","BSU_34740","MgsA","Crh","mgsA","crh","MgsA","Crh","BSU_22480","BSU_34740","subtiwiki","224308.BSU22480/224308.BSU34740","physical","txid224308"
"BSU_14150","BSU_30190","YkuN","BioI","ykuN","bioI","YkuN","BioI","BSU_14150","BSU_30190","subtiwiki","224308.BSU14150/224308.BSU30190","physical","txid224308"
"BSU_14150","BSU_13740","YkuN","QueE","ykuN","queE","YkuN","QueE","BSU_14150","BSU_13740","subtiwiki","224308.BSU14150/224308.BSU13740","physical","txid224308"
"BSU_14150","BSU_07630","YkuN","Nos","ykuN","BSU_07630","YkuN","Nos","BSU_14150","BSU_07630","subtiwiki","224308.BSU14150/224308.BSU07630","physical","txid224308"
"BSU_14150","BSU_19180","YkuN","Des","ykuN","des","YkuN","Des","BSU_14150","BSU_19180","subtiwiki","224308.BSU14150/224308.BSU19180","physical","txid224308"
"BSU_14150","BSU_12210","YkuN","YjiB","ykuN","yjiB","YkuN","YjiB","BSU_14150","BSU_12210","subtiwiki","224308.BSU14150/224308.BSU12210","physical","txid224308"
"BSU_14150","BSU_32110","YkuN","YumC","ykuN","BSU_32110","YkuN","YumC","BSU_14150","BSU_32110","subtiwiki","224308.BSU14150/224308.BSU32110","physical","txid224308"
"BSU_23450","BSU_01070","SigF","RpoB","sigF","rpoB","SigF","RpoB","BSU_23450","BSU_01070","subtiwiki","224308.BSU23450/224308.BSU01070","physical","txid224308"
"BSU_15320","BSU_01070","SigE","RpoB","sigE","rpoB","SigE","RpoB","BSU_15320","BSU_01070","subtiwiki","224308.BSU15320/224308.BSU01070","physical","txid224308"
"BSU_15320","BSU_01080","SigE","RpoC","sigE","rpoC","SigE","RpoC","BSU_15320","BSU_01080","subtiwiki","224308.BSU15320/224308.BSU01080","physical","txid224308"
"BSU_15330","BSU_01070","SigG","RpoB","sigG","rpoB","SigG","RpoB","BSU_15330","BSU_01070","subtiwiki","224308.BSU15330/224308.BSU01070","physical","txid224308"
"BSU_15330","BSU_01080","SigG","RpoC","sigG","rpoC","SigG","RpoC","BSU_15330","BSU_01080","subtiwiki","224308.BSU15330/224308.BSU01080","physical","txid224308"
"BSU_15330","BSU_23460","SigG","SpoIIAB","sigG","spoIIAB","SigG","SpoIIAB","BSU_15330","BSU_23460","subtiwiki","224308.BSU15330/224308.BSU23460","physical","txid224308"
"BSU_12560","BSU_01070","Xpf","RpoB","xpf","rpoB","Xpf","RpoB","BSU_12560","BSU_01070","subtiwiki","224308.BSU12560/224308.BSU01070","physical","txid224308"
"BSU_12560","BSU_01080","Xpf","RpoC","xpf","rpoC","Xpf","RpoC","BSU_12560","BSU_01080","subtiwiki","224308.BSU12560/224308.BSU01080","physical","txid224308"
"BSU_25760","BSU_27970","SigK","SpoIVFB","sigK","spoIVFB","SigK","SpoIVFB","BSU_25760","BSU_27970","subtiwiki","224308.BSU25760/224308.BSU27970","physical","txid224308"
"BSU_25760","BSU_01080","SigK","RpoC","sigK","rpoC","SigK","RpoC","BSU_25760","BSU_01080","subtiwiki","224308.BSU25760/224308.BSU01080","physical","txid224308"
"BSU_25760","BSU_01070","SigK","RpoB","sigK","rpoB","SigK","RpoB","BSU_25760","BSU_01070","subtiwiki","224308.BSU25760/224308.BSU01070","physical","txid224308"
"BSU_26840","BSU_01080","SigZ","RpoC","BSU_26840","rpoC","SigZ","RpoC","BSU_26840","BSU_01080","subtiwiki","224308.BSU26840/224308.BSU01080","physical","txid224308"
"BSU_26840","BSU_01070","SigZ","RpoB","BSU_26840","rpoB","SigZ","RpoB","BSU_26840","BSU_01070","subtiwiki","224308.BSU26840/224308.BSU01070","physical","txid224308"
"BSU_35239","BSU_35319","SwrAA/2","SmiA","swrAA/2","smiA","SwrAA/2","SmiA","BSU_35239","BSU_35319","subtiwiki","224308.BSU35239/224308.BSU35319","physical","txid224308"
"BSU_35239","BSU_28200","SwrAA/2","LonA","swrAA/2","lonA","SwrAA/2","LonA","BSU_35239","BSU_28200","subtiwiki","224308.BSU35239/224308.BSU28200","physical","txid224308"
"BSU_35239","BSU_35490","SwrAA/2","DegU","swrAA/2","degU","SwrAA/2","DegU","BSU_35239","BSU_35490","subtiwiki","224308.BSU35239/224308.BSU35490","physical","txid224308"
"BSU_35490","BSU_40300","DegU","RapG","degU","rapG","DegU","RapG","BSU_35490","BSU_40300","subtiwiki","224308.BSU35490/224308.BSU40300","physical","txid224308"
"BSU_12210","BSU_14170","YjiB","YkuP","yjiB","ykuP","YjiB","YkuP","BSU_12210","BSU_14170","subtiwiki","224308.BSU12210/224308.BSU14170","physical","txid224308"
"BSU_04080","BSU_13990","PxpB","KinA","pxpB","kinA","PxpB","KinA","BSU_04080","BSU_13990","subtiwiki","224308.BSU04080/224308.BSU13990","physical","txid224308"
"BSU_04090","BSU_04080","PxpC","PxpB","pxpC","pxpB","PxpC","PxpB","BSU_04090","BSU_04080","subtiwiki","224308.BSU04090/224308.BSU04080","physical","txid224308"
"BSU_19720","BSU_19730","YodR","YodS","yodR","yodS","YodR","YodS","BSU_19720","BSU_19730","subtiwiki","224308.BSU19720/224308.BSU19730","physical","txid224308"
"BSU_34380","BSU_38229","SlrR","SlrA","slrR","slrA","SlrR","SlrA","BSU_34380","BSU_38229","subtiwiki","224308.BSU34380/224308.BSU38229","physical","txid224308"
"BSU_misc_RNA_32","BSU_01070","BsrB","RpoB","BSU_misc_RNA_32","rpoB","BsrB","RpoB","BSU_misc_RNA_32","BSU_01070","subtiwiki","224308.BSUmiscRNA32/224308.BSU01070","physical","txid224308"
"BSU_misc_RNA_41","BSU_01070","BsrA","RpoB","BSU_misc_RNA_41","rpoB","BsrA","RpoB","BSU_misc_RNA_41","BSU_01070","subtiwiki","224308.BSUmiscRNA41/224308.BSU01070","physical","txid224308"
"BSU_misc_RNA_41","BSU_01080","BsrA","RpoC","BSU_misc_RNA_41","rpoC","BsrA","RpoC","BSU_misc_RNA_41","BSU_01080","subtiwiki","224308.BSUmiscRNA41/224308.BSU01080","physical","txid224308"
"BSU_16560","BSU_13460","RasP","RsgI","BSU_16560","rsgI","RasP","RsgI","BSU_16560","BSU_13460","subtiwiki","224308.BSU16560/224308.BSU13460","physical","txid224308"
"BSU_16560","BSU_27130","RasP","RsiV","BSU_16560","rsiV","RasP","RsiV","BSU_16560","BSU_27130","subtiwiki","224308.BSU16560/224308.BSU27130","physical","txid224308"
"BSU_00870","BSU_00880","RadA","DisA","radA","disA","RadA","DisA","BSU_00870","BSU_00880","subtiwiki","224308.BSU00870/224308.BSU00880","physical","txid224308"
"BSU_31010","BSU_35250","FloT","FtsX","floT","ftsX","FloT","FtsX","BSU_31010","BSU_35250","subtiwiki","224308.BSU31010/224308.BSU35250","physical","txid224308"
"BSU_31010","BSU_31020","FloT","YuaF","floT","yuaF","FloT","YuaF","BSU_31010","BSU_31020","subtiwiki","224308.BSU31010/224308.BSU31020","physical","txid224308"
"BSU_31010","BSU_23110","FloT","ResE","floT","resE","FloT","ResE","BSU_31010","BSU_23110","subtiwiki","224308.BSU31010/224308.BSU23110","physical","txid224308"
"BSU_31010","BSU_14490","FloT","KinC","floT","kinC","FloT","KinC","BSU_31010","BSU_14490","subtiwiki","224308.BSU31010/224308.BSU14490","physical","txid224308"
"BSU_34990","BSU_33070","Lgt","GerAC","lgt","gerAC","Lgt","GerAC","BSU_34990","BSU_33070","subtiwiki","224308.BSU34990/224308.BSU33070","physical","txid224308"
"BSU_34990","BSU_01550","Lgt","GerD","lgt","gerD","Lgt","GerD","BSU_34990","BSU_01550","subtiwiki","224308.BSU34990/224308.BSU01550","physical","txid224308"
"BSU_01550","BSU_33050","GerD","GerAA","gerD","gerAA","GerD","GerAA","BSU_01550","BSU_33050","subtiwiki","224308.BSU01550/224308.BSU33050","physical","txid224308"
"BSU_01550","BSU_03710","GerD","GerKC","gerD","gerKC","GerD","GerKC","BSU_01550","BSU_03710","subtiwiki","224308.BSU01550/224308.BSU03710","physical","txid224308"
"BSU_01550","BSU_33070","GerD","GerAC","gerD","gerAC","GerD","GerAC","BSU_01550","BSU_33070","subtiwiki","224308.BSU01550/224308.BSU33070","physical","txid224308"
"BSU_01550","BSU_35810","GerD","GerBB","gerD","gerBB","GerD","GerBB","BSU_01550","BSU_35810","subtiwiki","224308.BSU01550/224308.BSU35810","physical","txid224308"
"BSU_01550","BSU_35820","GerD","GerBC","gerD","gerBC","GerD","GerBC","BSU_01550","BSU_35820","subtiwiki","224308.BSU01550/224308.BSU35820","physical","txid224308"
"BSU_01550","BSU_03700","GerD","GerKA","gerD","gerKA","GerD","GerKA","BSU_01550","BSU_03700","subtiwiki","224308.BSU01550/224308.BSU03700","physical","txid224308"
"BSU_01550","BSU_03720","GerD","GerKB","gerD","gerKB","GerD","GerKB","BSU_01550","BSU_03720","subtiwiki","224308.BSU01550/224308.BSU03720","physical","txid224308"
"BSU_01550","BSU_33060","GerD","GerAB","gerD","gerAB","GerD","GerAB","BSU_01550","BSU_33060","subtiwiki","224308.BSU01550/224308.BSU33060","physical","txid224308"
"BSU_13150","BSU_21860","OhrR","BrxA","ohrR","BSU_21860","OhrR","BrxA","BSU_13150","BSU_21860","subtiwiki","224308.BSU13150/224308.BSU21860","physical","txid224308"
"BSU_13150","BSU_23990","OhrR","BrxB","ohrR","BSU_23990","OhrR","BrxB","BSU_13150","BSU_23990","subtiwiki","224308.BSU13150/224308.BSU23990","physical","txid224308"
"BSU_39270","BSU_39080","BglP","LicT","bglP","licT","BglP","LicT","BSU_39270","BSU_39080","subtiwiki","224308.BSU39270/224308.BSU39080","physical","txid224308"
"BSU_33250","BSU_33230","RsiO","SigO","rsiO","sigO","RsiO","SigO","BSU_33250","BSU_33230","subtiwiki","224308.BSU33250/224308.BSU33230","physical","txid224308"
"BSU_13400","BSU_13410","LigD","YkoV","ligD","ykoV","LigD","YkoV","BSU_13400","BSU_13410","subtiwiki","224308.BSU13400/224308.BSU13410","physical","txid224308"
"BSU_00240","BSU_15320","CsfB","SigE","csfB","sigE","CsfB","SigE","BSU_00240","BSU_15320","subtiwiki","224308.BSU00240/224308.BSU15320","physical","txid224308"
"BSU_00240","BSU_15330","CsfB","SigG","csfB","sigG","CsfB","SigG","BSU_00240","BSU_15330","subtiwiki","224308.BSU00240/224308.BSU15330","physical","txid224308"
"BSU_19180","BSU_14170","Des","YkuP","des","ykuP","Des","YkuP","BSU_19180","BSU_14170","subtiwiki","224308.BSU19180/224308.BSU14170","physical","txid224308"
"BSU_23040","BSU_34210","Fer","YvfG","BSU_23040","BSU_34210","Fer","YvfG","BSU_23040","BSU_34210","subtiwiki","224308.BSU23040/224308.BSU34210","physical","txid224308"
"BSU_23040","BSU_32200","Fer","YutJ","BSU_23040","BSU_32200","Fer","YutJ","BSU_23040","BSU_32200","subtiwiki","224308.BSU23040/224308.BSU32200","physical","txid224308"
"BSU_23040","BSU_30190","Fer","BioI","BSU_23040","bioI","Fer","BioI","BSU_23040","BSU_30190","subtiwiki","224308.BSU23040/224308.BSU30190","physical","txid224308"
"BSU_23040","BSU_19180","Fer","Des","BSU_23040","des","Fer","Des","BSU_23040","BSU_19180","subtiwiki","224308.BSU23040/224308.BSU19180","physical","txid224308"
"BSU_28070","BSU_24700","ComC","ComGD","comC","comGD","ComC","ComGD","BSU_28070","BSU_24700","subtiwiki","224308.BSU28070/224308.BSU24700","physical","txid224308"
"BSU_28070","BSU_24690","ComC","ComGE","comC","comGE","ComC","ComGE","BSU_28070","BSU_24690","subtiwiki","224308.BSU28070/224308.BSU24690","physical","txid224308"
"BSU_28070","BSU_24670","ComC","ComGG","comC","comGG","ComC","ComGG","BSU_28070","BSU_24670","subtiwiki","224308.BSU28070/224308.BSU24670","physical","txid224308"
"BSU_33120","BSU_33130","LiaH","LiaI","liaH","liaI","LiaH","LiaI","BSU_33120","BSU_33130","subtiwiki","224308.BSU33120/224308.BSU33130","physical","txid224308"
"BSU_25380","BSU_25370","FloA","YqfB","floA","yqfB","FloA","YqfB","BSU_25380","BSU_25370","subtiwiki","224308.BSU25380/224308.BSU25370","physical","txid224308"
"BSU_25380","BSU_00690","FloA","FtsH","floA","ftsH","FloA","FtsH","BSU_25380","BSU_00690","subtiwiki","224308.BSU25380/224308.BSU00690","physical","txid224308"
"BSU_25380","BSU_29100","FloA","PhoR","floA","phoR","FloA","PhoR","BSU_25380","BSU_29100","subtiwiki","224308.BSU25380/224308.BSU29100","physical","txid224308"
"BSU_25380","BSU_31010","FloA","FloT","floA","floT","FloA","FloT","BSU_25380","BSU_31010","subtiwiki","224308.BSU25380/224308.BSU31010","physical","txid224308"
"BSU_30390","BSU_30400","BceS","BceR","BSU_30390","bceR","BceS","BceR","BSU_30390","BSU_30400","subtiwiki","224308.BSU30390/224308.BSU30400","physical","txid224308"
"BSU_30390","BSU_30370","BceS","BceB","BSU_30390","bceB","BceS","BceB","BSU_30390","BSU_30370","subtiwiki","224308.BSU30390/224308.BSU30370","physical","txid224308"
"BSU_09200","BSU_09190","YhcS","YhcR","BSU_09200","BSU_09190","YhcS","YhcR","BSU_09200","BSU_09190","subtiwiki","224308.BSU09200/224308.BSU09190","physical","txid224308"
"BSU_09200","BSU_07840","YhcS","YfkN","BSU_09200","yfkN","YhcS","YfkN","BSU_09200","BSU_07840","subtiwiki","224308.BSU09200/224308.BSU07840","physical","txid224308"
"BSU_misc_RNA_2","BSU_15970","Scr","YlxM","scr","ylxM","Scr","YlxM","BSU_misc_RNA_2","BSU_15970","subtiwiki","224308.BSUmiscRNA2/224308.BSU15970","physical","txid224308"
"BSU_misc_RNA_2","BSU_15950","Scr","FtsY","scr","ftsY","Scr","FtsY","BSU_misc_RNA_2","BSU_15950","subtiwiki","224308.BSUmiscRNA2/224308.BSU15950","physical","txid224308"
"BSU_misc_RNA_2","BSU_15980","Scr","Ffh","scr","ffh","Scr","Ffh","BSU_misc_RNA_2","BSU_15980","subtiwiki","224308.BSUmiscRNA2/224308.BSU15980","physical","txid224308"
"BSU_31910","BSU_39300","YukE","YxiD","yukE","BSU_39300","YukE","YxiD","BSU_31910","BSU_39300","subtiwiki","224308.BSU31910/224308.BSU39300","physical","txid224308"
"BSU_18380","BSU_09420","IseA","LytE","iseA","lytE","IseA","LytE","BSU_18380","BSU_09420","subtiwiki","224308.BSU18380/224308.BSU09420","physical","txid224308"
"BSU_18380","BSU_09370","IseA","LytF","iseA","lytF","IseA","LytF","BSU_18380","BSU_09370","subtiwiki","224308.BSU18380/224308.BSU09370","physical","txid224308"
"BSU_35319","BSU_35230","SmiA","SwrA","smiA","swrA","SmiA","SwrA","BSU_35319","BSU_35230","subtiwiki","224308.BSU35319/224308.BSU35230","physical","txid224308"
"BSU_35319","BSU_28200","SmiA","LonA","smiA","lonA","SmiA","LonA","BSU_35319","BSU_28200","subtiwiki","224308.BSU35319/224308.BSU28200","physical","txid224308"
"BSU_27480","BSU_16940","RecD2","RecA","BSU_27480","recA","RecD2","RecA","BSU_27480","BSU_16940","subtiwiki","224308.BSU27480/224308.BSU16940","physical","txid224308"
"BSU_34100","BSU_34110","RsbQ","RsbP","BSU_34100","BSU_34110","RsbQ","RsbP","BSU_34100","BSU_34110","subtiwiki","224308.BSU34100/224308.BSU34110","physical","txid224308"
"BSU_34110","BSU_04710","RsbP","RsbV","BSU_34110","rsbV","RsbP","RsbV","BSU_34110","BSU_04710","subtiwiki","224308.BSU34110/224308.BSU04710","physical","txid224308"
"BSU_35380","BSU_35370","FliW","CsrA","fliW","csrA","FliW","CsrA","BSU_35380","BSU_35370","subtiwiki","224308.BSU35380/224308.BSU35370","physical","txid224308"
"BSU_35380","BSU_35360","FliW","Hag","fliW","hag","FliW","Hag","BSU_35380","BSU_35360","subtiwiki","224308.BSU35380/224308.BSU35360","physical","txid224308"
"BSU_35820","BSU_03720","GerBC","GerKB","gerBC","gerKB","GerBC","GerKB","BSU_35820","BSU_03720","subtiwiki","224308.BSU35820/224308.BSU03720","physical","txid224308"
"BSU_35820","BSU_03710","GerBC","GerKC","gerBC","gerKC","GerBC","GerKC","BSU_35820","BSU_03710","subtiwiki","224308.BSU35820/224308.BSU03710","physical","txid224308"
"BSU_35820","BSU_33050","GerBC","GerAA","gerBC","gerAA","GerBC","GerAA","BSU_35820","BSU_33050","subtiwiki","224308.BSU35820/224308.BSU33050","physical","txid224308"
"BSU_35820","BSU_03700","GerBC","GerKA","gerBC","gerKA","GerBC","GerKA","BSU_35820","BSU_03700","subtiwiki","224308.BSU35820/224308.BSU03700","physical","txid224308"
"BSU_35820","BSU_35810","GerBC","GerBB","gerBC","gerBB","GerBC","GerBB","BSU_35820","BSU_35810","subtiwiki","224308.BSU35820/224308.BSU35810","physical","txid224308"
"BSU_35820","BSU_33070","GerBC","GerAC","gerBC","gerAC","GerBC","GerAC","BSU_35820","BSU_33070","subtiwiki","224308.BSU35820/224308.BSU33070","physical","txid224308"
"BSU_03700","BSU_33050","GerKA","GerAA","gerKA","gerAA","GerKA","GerAA","BSU_03700","BSU_33050","subtiwiki","224308.BSU03700/224308.BSU33050","physical","txid224308"
"BSU_03720","BSU_03700","GerKB","GerKA","gerKB","gerKA","GerKB","GerKA","BSU_03720","BSU_03700","subtiwiki","224308.BSU03720/224308.BSU03700","physical","txid224308"
"BSU_03720","BSU_03710","GerKB","GerKC","gerKB","gerKC","GerKB","GerKC","BSU_03720","BSU_03710","subtiwiki","224308.BSU03720/224308.BSU03710","physical","txid224308"
"BSU_03720","BSU_33050","GerKB","GerAA","gerKB","gerAA","GerKB","GerAA","BSU_03720","BSU_33050","subtiwiki","224308.BSU03720/224308.BSU33050","physical","txid224308"
"BSU_03720","BSU_35810","GerKB","GerBB","gerKB","gerBB","GerKB","GerBB","BSU_03720","BSU_35810","subtiwiki","224308.BSU03720/224308.BSU35810","physical","txid224308"
"BSU_03720","BSU_33070","GerKB","GerAC","gerKB","gerAC","GerKB","GerAC","BSU_03720","BSU_33070","subtiwiki","224308.BSU03720/224308.BSU33070","physical","txid224308"
"BSU_03710","BSU_03700","GerKC","GerKA","gerKC","gerKA","GerKC","GerKA","BSU_03710","BSU_03700","subtiwiki","224308.BSU03710/224308.BSU03700","physical","txid224308"
"BSU_03710","BSU_33050","GerKC","GerAA","gerKC","gerAA","GerKC","GerAA","BSU_03710","BSU_33050","subtiwiki","224308.BSU03710/224308.BSU33050","physical","txid224308"
"BSU_03710","BSU_35810","GerKC","GerBB","gerKC","gerBB","GerKC","GerBB","BSU_03710","BSU_35810","subtiwiki","224308.BSU03710/224308.BSU35810","physical","txid224308"
"BSU_03710","BSU_33070","GerKC","GerAC","gerKC","gerAC","GerKC","GerAC","BSU_03710","BSU_33070","subtiwiki","224308.BSU03710/224308.BSU33070","physical","txid224308"
"BSU_16910","BSU_27300","RodZ","YrrS","BSU_16910","yrrS","RodZ","YrrS","BSU_16910","BSU_27300","subtiwiki","224308.BSU16910/224308.BSU27300","physical","txid224308"
"BSU_16910","BSU_36410","RodZ","Mbl","BSU_16910","mbl","RodZ","Mbl","BSU_16910","BSU_36410","subtiwiki","224308.BSU16910/224308.BSU36410","physical","txid224308"
"BSU_16910","BSU_00640","RodZ","SpoIIE","BSU_16910","spoIIE","RodZ","SpoIIE","BSU_16910","BSU_00640","subtiwiki","224308.BSU16910/224308.BSU00640","physical","txid224308"
"BSU_16910","BSU_28030","RodZ","MreB","BSU_16910","mreB","RodZ","MreB","BSU_16910","BSU_28030","subtiwiki","224308.BSU16910/224308.BSU28030","physical","txid224308"
"BSU_16910","BSU_38120","RodZ","RodA","BSU_16910","rodA","RodZ","RodA","BSU_16910","BSU_38120","subtiwiki","224308.BSU16910/224308.BSU38120","physical","txid224308"
"BSU_16910","BSU_13980","RodZ","PbpH","BSU_16910","pbpH","RodZ","PbpH","BSU_16910","BSU_13980","subtiwiki","224308.BSU16910/224308.BSU13980","physical","txid224308"
"BSU_16910","BSU_28020","RodZ","MreC","BSU_16910","mreC","RodZ","MreC","BSU_16910","BSU_28020","subtiwiki","224308.BSU16910/224308.BSU28020","physical","txid224308"
"BSU_25000","BSU_04140","PbpA","PbpC","BSU_25000","BSU_04140","PbpA","PbpC","BSU_25000","BSU_04140","subtiwiki","224308.BSU25000/224308.BSU04140","physical","txid224308"
"BSU_25000","BSU_28030","PbpA","MreB","BSU_25000","mreB","PbpA","MreB","BSU_25000","BSU_28030","subtiwiki","224308.BSU25000/224308.BSU28030","physical","txid224308"
"BSU_25000","BSU_16910","PbpA","RodZ","BSU_25000","BSU_16910","PbpA","RodZ","BSU_25000","BSU_16910","subtiwiki","224308.BSU25000/224308.BSU16910","physical","txid224308"
"BSU_25000","BSU_13980","PbpA","PbpH","BSU_25000","pbpH","PbpA","PbpH","BSU_25000","BSU_13980","subtiwiki","224308.BSU25000/224308.BSU13980","physical","txid224308"
"BSU_25000","BSU_28020","PbpA","MreC","BSU_25000","mreC","PbpA","MreC","BSU_25000","BSU_28020","subtiwiki","224308.BSU25000/224308.BSU28020","physical","txid224308"
"BSU_25000","BSU_14470","PbpA","MreBH","BSU_25000","mreBH","PbpA","MreBH","BSU_25000","BSU_14470","subtiwiki","224308.BSU25000/224308.BSU14470","physical","txid224308"
"BSU_25000","BSU_38120","PbpA","RodA","BSU_25000","rodA","PbpA","RodA","BSU_25000","BSU_38120","subtiwiki","224308.BSU25000/224308.BSU38120","physical","txid224308"
"BSU_25000","BSU_27310","PbpA","PbpI","BSU_25000","pbpI","PbpA","PbpI","BSU_25000","BSU_27310","subtiwiki","224308.BSU25000/224308.BSU27310","physical","txid224308"
"BSU_25000","BSU_22380","PbpA","TseB","BSU_25000","BSU_22380","PbpA","TseB","BSU_25000","BSU_22380","subtiwiki","224308.BSU25000/224308.BSU22380","physical","txid224308"
"BSU_01090","BSU_01280","RplGB","RplE","rplGB","rplE","RplGB","RplE","BSU_01090","BSU_01280","subtiwiki","224308.BSU01090/224308.BSU01280","physical","txid224308"
"BSU_01090","BSU_01490","RplGB","RplM","rplGB","rplM","RplGB","RplM","BSU_01090","BSU_01490","subtiwiki","224308.BSU01090/224308.BSU01490","physical","txid224308"
"BSU_01090","BSU_15820","RplGB","RpmB","rplGB","rpmB","RplGB","RpmB","BSU_01090","BSU_15820","subtiwiki","224308.BSU01090/224308.BSU15820","physical","txid224308"
"BSU_01090","BSU_01340","RplGB","RpmD","rplGB","rpmD","RplGB","RpmD","BSU_01090","BSU_01340","subtiwiki","224308.BSU01090/224308.BSU01340","physical","txid224308"
"BSU_01090","BSU_01190","RplGB","RplB","rplGB","rplB","RplGB","RplB","BSU_01090","BSU_01190","subtiwiki","224308.BSU01090/224308.BSU01190","physical","txid224308"
"BSU_01090","BSU_01230","RplGB","RplP","rplGB","rplP","RplGB","RplP","BSU_01090","BSU_01230","subtiwiki","224308.BSU01090/224308.BSU01230","physical","txid224308"
"BSU_01090","BSU_28860","RplGB","RpmI","rplGB","rpmI","RplGB","RpmI","BSU_01090","BSU_28860","subtiwiki","224308.BSU01090/224308.BSU28860","physical","txid224308"
"BSU_01090","BSU_01210","RplGB","RplV","rplGB","rplV","RplGB","RplV","BSU_01090","BSU_01210","subtiwiki","224308.BSU01090/224308.BSU01210","physical","txid224308"
"BSU_01090","BSU_16040","RplGB","RplS","rplGB","rplS","RplGB","RplS","BSU_01090","BSU_16040","subtiwiki","224308.BSU01090/224308.BSU16040","physical","txid224308"
"BSU_01090","new_2477758_2477958_c","RplGB","RpmGC","rplGB","rpmGC","RplGB","RpmGC","BSU_01090","new_2477758_2477958_c","subtiwiki","224308.BSU01090/224308.new24777582477958c","physical","txid224308"
"BSU_01090","BSU_01400","RplGB","RpmJ","rplGB","rpmJ","RplGB","RpmJ","BSU_01090","BSU_01400","subtiwiki","224308.BSU01090/224308.BSU01400","physical","txid224308"
"BSU_01090","BSU_01240","RplGB","RpmC","rplGB","rpmC","RplGB","RpmC","BSU_01090","BSU_01240","subtiwiki","224308.BSU01090/224308.BSU01240","physical","txid224308"
"BSU_01090","BSU_01260","RplGB","RplNA","rplGB","rplN","RplGB","RplN","BSU_01090","BSU_01260","subtiwiki","224308.BSU01090/224308.BSU01260","physical","txid224308"
"BSU_01090","BSU_41060","RplGB","RpmH","rplGB","rpmH","RplGB","RpmH","BSU_01090","BSU_41060","subtiwiki","224308.BSU01090/224308.BSU41060","physical","txid224308"
"BSU_01090","BSU_24900","RplGB","RpmGA","rplGB","BSU_24900","RplGB","RpmGA","BSU_01090","BSU_24900","subtiwiki","224308.BSU01090/224308.BSU24900","physical","txid224308"
"BSU_01090","BSU_01310","RplGB","RplF","rplGB","rplF","RplGB","RplF","BSU_01090","BSU_01310","subtiwiki","224308.BSU01090/224308.BSU01310","physical","txid224308"
"BSU_01090","BSU_01160","RplGB","RplC","rplGB","rplC","RplGB","RplC","BSU_01090","BSU_01160","subtiwiki","224308.BSU01090/224308.BSU01160","physical","txid224308"
"BSU_01090","BSU_01270","RplGB","RplX","rplGB","rplX","RplGB","RplX","BSU_01090","BSU_01270","subtiwiki","224308.BSU01090/224308.BSU01270","physical","txid224308"
"BSU_01090","BSU_01320","RplGB","RplR","rplGB","rplR","RplGB","RplR","BSU_01090","BSU_01320","subtiwiki","224308.BSU01090/224308.BSU01320","physical","txid224308"
"BSU_01090","BSU_00990","RplGB","RpmGB","rplGB","rpmGB","RplGB","RpmGB","BSU_01090","BSU_00990","subtiwiki","224308.BSU01090/224308.BSU00990","physical","txid224308"
"BSU_01090","BSU_00520","RplGB","Ctc","rplGB","ctc","RplGB","Ctc","BSU_01090","BSU_00520","subtiwiki","224308.BSU01090/224308.BSU00520","physical","txid224308"
"BSU_01090","BSU_15080","RplGB","RpmF","rplGB","rpmF","RplGB","RpmF","BSU_01090","BSU_15080","subtiwiki","224308.BSU01090/224308.BSU15080","physical","txid224308"
"BSU_01090","BSU_27940","RplGB","RpmA","rplGB","rpmA","RplGB","RpmA","BSU_01090","BSU_27940","subtiwiki","224308.BSU01090/224308.BSU27940","physical","txid224308"
"BSU_01090","BSU_01030","RplGB","RplA","rplGB","rplA","RplGB","RplA","BSU_01090","BSU_01030","subtiwiki","224308.BSU01090/224308.BSU01030","physical","txid224308"
"BSU_01090","BSU_28850","RplGB","RplT","rplGB","rplT","RplGB","RplT","BSU_01090","BSU_28850","subtiwiki","224308.BSU01090/224308.BSU28850","physical","txid224308"
"BSU_01090","BSU_01180","RplGB","RplW","rplGB","rplW","RplGB","RplW","BSU_01090","BSU_01180","subtiwiki","224308.BSU01090/224308.BSU01180","physical","txid224308"
"BSU_01090","BSU_01020","RplGB","RplK","rplGB","rplK","RplGB","RplK","BSU_01090","BSU_01020","subtiwiki","224308.BSU01090/224308.BSU01020","physical","txid224308"
"BSU_01090","BSU_40500","RplGB","RplI","rplGB","BSU_40500","RplGB","RplI","BSU_01090","BSU_40500","subtiwiki","224308.BSU01090/224308.BSU40500","physical","txid224308"
"BSU_01090","BSU_30700","RplGB","RpmEB","rplGB","rpmEB","RplGB","RpmEB","BSU_01090","BSU_30700","subtiwiki","224308.BSU01090/224308.BSU30700","physical","txid224308"
"BSU_01090","BSU_01040","RplGB","RplJ","rplGB","rplJ","RplGB","RplJ","BSU_01090","BSU_01040","subtiwiki","224308.BSU01090/224308.BSU01040","physical","txid224308"
"BSU_01090","BSU_01050","RplGB","RplL","rplGB","rplL","RplGB","RplL","BSU_01090","BSU_01050","subtiwiki","224308.BSU01090/224308.BSU01050","physical","txid224308"
"BSU_01090","BSU_01350","RplGB","RplO","rplGB","rplO","RplGB","RplO","BSU_01090","BSU_01350","subtiwiki","224308.BSU01090/224308.BSU01350","physical","txid224308"
"BSU_00520","BSU_01180","Ctc","RplW","ctc","rplW","Ctc","RplW","BSU_00520","BSU_01180","subtiwiki","224308.BSU00520/224308.BSU01180","physical","txid224308"
"BSU_00520","BSU_40500","Ctc","RplI","ctc","BSU_40500","Ctc","RplI","BSU_00520","BSU_40500","subtiwiki","224308.BSU00520/224308.BSU40500","physical","txid224308"
"BSU_00520","BSU_01040","Ctc","RplJ","ctc","rplJ","Ctc","RplJ","BSU_00520","BSU_01040","subtiwiki","224308.BSU00520/224308.BSU01040","physical","txid224308"
"BSU_00520","BSU_01210","Ctc","RplV","ctc","rplV","Ctc","RplV","BSU_00520","BSU_01210","subtiwiki","224308.BSU00520/224308.BSU01210","physical","txid224308"
"BSU_00520","BSU_28850","Ctc","RplT","ctc","rplT","Ctc","RplT","BSU_00520","BSU_28850","subtiwiki","224308.BSU00520/224308.BSU28850","physical","txid224308"
"BSU_00520","BSU_24900","Ctc","RpmGA","ctc","BSU_24900","Ctc","RpmGA","BSU_00520","BSU_24900","subtiwiki","224308.BSU00520/224308.BSU24900","physical","txid224308"
"BSU_00520","BSU_01280","Ctc","RplE","ctc","rplE","Ctc","RplE","BSU_00520","BSU_01280","subtiwiki","224308.BSU00520/224308.BSU01280","physical","txid224308"
"BSU_00520","BSU_01340","Ctc","RpmD","ctc","rpmD","Ctc","RpmD","BSU_00520","BSU_01340","subtiwiki","224308.BSU00520/224308.BSU01340","physical","txid224308"
"BSU_00520","BSU_28860","Ctc","RpmI","ctc","rpmI","Ctc","RpmI","BSU_00520","BSU_28860","subtiwiki","224308.BSU00520/224308.BSU28860","physical","txid224308"
"BSU_00520","BSU_01160","Ctc","RplC","ctc","rplC","Ctc","RplC","BSU_00520","BSU_01160","subtiwiki","224308.BSU00520/224308.BSU01160","physical","txid224308"
"BSU_00520","BSU_01020","Ctc","RplK","ctc","rplK","Ctc","RplK","BSU_00520","BSU_01020","subtiwiki","224308.BSU00520/224308.BSU01020","physical","txid224308"
"BSU_00520","BSU_01230","Ctc","RplP","ctc","rplP","Ctc","RplP","BSU_00520","BSU_01230","subtiwiki","224308.BSU00520/224308.BSU01230","physical","txid224308"
"BSU_00520","BSU_01050","Ctc","RplL","ctc","rplL","Ctc","RplL","BSU_00520","BSU_01050","subtiwiki","224308.BSU00520/224308.BSU01050","physical","txid224308"
"BSU_00520","BSU_01190","Ctc","RplB","ctc","rplB","Ctc","RplB","BSU_00520","BSU_01190","subtiwiki","224308.BSU00520/224308.BSU01190","physical","txid224308"
"BSU_00520","BSU_01320","Ctc","RplR","ctc","rplR","Ctc","RplR","BSU_00520","BSU_01320","subtiwiki","224308.BSU00520/224308.BSU01320","physical","txid224308"
"BSU_00520","BSU_01490","Ctc","RplM","ctc","rplM","Ctc","RplM","BSU_00520","BSU_01490","subtiwiki","224308.BSU00520/224308.BSU01490","physical","txid224308"
"BSU_00520","BSU_27940","Ctc","RpmA","ctc","rpmA","Ctc","RpmA","BSU_00520","BSU_27940","subtiwiki","224308.BSU00520/224308.BSU27940","physical","txid224308"
"BSU_00520","BSU_01350","Ctc","RplO","ctc","rplO","Ctc","RplO","BSU_00520","BSU_01350","subtiwiki","224308.BSU00520/224308.BSU01350","physical","txid224308"
"BSU_00520","BSU_01030","Ctc","RplA","ctc","rplA","Ctc","RplA","BSU_00520","BSU_01030","subtiwiki","224308.BSU00520/224308.BSU01030","physical","txid224308"
"BSU_00520","new_2477758_2477958_c","Ctc","RpmGC","ctc","rpmGC","Ctc","RpmGC","BSU_00520","new_2477758_2477958_c","subtiwiki","224308.BSU00520/224308.new24777582477958c","physical","txid224308"
"BSU_00520","BSU_15080","Ctc","RpmF","ctc","rpmF","Ctc","RpmF","BSU_00520","BSU_15080","subtiwiki","224308.BSU00520/224308.BSU15080","physical","txid224308"
"BSU_00520","BSU_41060","Ctc","RpmH","ctc","rpmH","Ctc","RpmH","BSU_00520","BSU_41060","subtiwiki","224308.BSU00520/224308.BSU41060","physical","txid224308"
"BSU_00520","BSU_00990","Ctc","RpmGB","ctc","rpmGB","Ctc","RpmGB","BSU_00520","BSU_00990","subtiwiki","224308.BSU00520/224308.BSU00990","physical","txid224308"
"BSU_00520","BSU_01240","Ctc","RpmC","ctc","rpmC","Ctc","RpmC","BSU_00520","BSU_01240","subtiwiki","224308.BSU00520/224308.BSU01240","physical","txid224308"
"BSU_00520","BSU_15820","Ctc","RpmB","ctc","rpmB","Ctc","RpmB","BSU_00520","BSU_15820","subtiwiki","224308.BSU00520/224308.BSU15820","physical","txid224308"
"BSU_00520","BSU_01400","Ctc","RpmJ","ctc","rpmJ","Ctc","RpmJ","BSU_00520","BSU_01400","subtiwiki","224308.BSU00520/224308.BSU01400","physical","txid224308"
"BSU_00520","BSU_16040","Ctc","RplS","ctc","rplS","Ctc","RplS","BSU_00520","BSU_16040","subtiwiki","224308.BSU00520/224308.BSU16040","physical","txid224308"
"BSU_00520","BSU_01270","Ctc","RplX","ctc","rplX","Ctc","RplX","BSU_00520","BSU_01270","subtiwiki","224308.BSU00520/224308.BSU01270","physical","txid224308"
"BSU_00520","BSU_30700","Ctc","RpmEB","ctc","rpmEB","Ctc","RpmEB","BSU_00520","BSU_30700","subtiwiki","224308.BSU00520/224308.BSU30700","physical","txid224308"
"new_2477758_2477958_c","BSU_40500","RpmGC","RplI","rpmGC","BSU_40500","RpmGC","RplI","new_2477758_2477958_c","BSU_40500","subtiwiki","224308.new24777582477958c/224308.BSU40500","physical","txid224308"
"new_2477758_2477958_c","BSU_01400","RpmGC","RpmJ","rpmGC","rpmJ","RpmGC","RpmJ","new_2477758_2477958_c","BSU_01400","subtiwiki","224308.new24777582477958c/224308.BSU01400","physical","txid224308"
"new_2477758_2477958_c","BSU_01210","RpmGC","RplV","rpmGC","rplV","RpmGC","RplV","new_2477758_2477958_c","BSU_01210","subtiwiki","224308.new24777582477958c/224308.BSU01210","physical","txid224308"
"new_2477758_2477958_c","BSU_15080","RpmGC","RpmF","rpmGC","rpmF","RpmGC","RpmF","new_2477758_2477958_c","BSU_15080","subtiwiki","224308.new24777582477958c/224308.BSU15080","physical","txid224308"
"new_2477758_2477958_c","BSU_28860","RpmGC","RpmI","rpmGC","rpmI","RpmGC","RpmI","new_2477758_2477958_c","BSU_28860","subtiwiki","224308.new24777582477958c/224308.BSU28860","physical","txid224308"
"new_2477758_2477958_c","BSU_01270","RpmGC","RplX","rpmGC","rplX","RpmGC","RplX","new_2477758_2477958_c","BSU_01270","subtiwiki","224308.new24777582477958c/224308.BSU01270","physical","txid224308"
"new_2477758_2477958_c","BSU_01180","RpmGC","RplW","rpmGC","rplW","RpmGC","RplW","new_2477758_2477958_c","BSU_01180","subtiwiki","224308.new24777582477958c/224308.BSU01180","physical","txid224308"
"new_2477758_2477958_c","BSU_01340","RpmGC","RpmD","rpmGC","rpmD","RpmGC","RpmD","new_2477758_2477958_c","BSU_01340","subtiwiki","224308.new24777582477958c/224308.BSU01340","physical","txid224308"
"new_2477758_2477958_c","BSU_01190","RpmGC","RplB","rpmGC","rplB","RpmGC","RplB","new_2477758_2477958_c","BSU_01190","subtiwiki","224308.new24777582477958c/224308.BSU01190","physical","txid224308"
"new_2477758_2477958_c","BSU_01050","RpmGC","RplL","rpmGC","rplL","RpmGC","RplL","new_2477758_2477958_c","BSU_01050","subtiwiki","224308.new24777582477958c/224308.BSU01050","physical","txid224308"
"new_2477758_2477958_c","BSU_30700","RpmGC","RpmEB","rpmGC","rpmEB","RpmGC","RpmEB","new_2477758_2477958_c","BSU_30700","subtiwiki","224308.new24777582477958c/224308.BSU30700","physical","txid224308"
"new_2477758_2477958_c","BSU_24900","RpmGC","RpmGA","rpmGC","BSU_24900","RpmGC","RpmGA","new_2477758_2477958_c","BSU_24900","subtiwiki","224308.new24777582477958c/224308.BSU24900","physical","txid224308"
"new_2477758_2477958_c","BSU_01040","RpmGC","RplJ","rpmGC","rplJ","RpmGC","RplJ","new_2477758_2477958_c","BSU_01040","subtiwiki","224308.new24777582477958c/224308.BSU01040","physical","txid224308"
"new_2477758_2477958_c","BSU_01490","RpmGC","RplM","rpmGC","rplM","RpmGC","RplM","new_2477758_2477958_c","BSU_01490","subtiwiki","224308.new24777582477958c/224308.BSU01490","physical","txid224308"
"new_2477758_2477958_c","BSU_01230","RpmGC","RplP","rpmGC","rplP","RpmGC","RplP","new_2477758_2477958_c","BSU_01230","subtiwiki","224308.new24777582477958c/224308.BSU01230","physical","txid224308"
"new_2477758_2477958_c","BSU_01350","RpmGC","RplO","rpmGC","rplO","RpmGC","RplO","new_2477758_2477958_c","BSU_01350","subtiwiki","224308.new24777582477958c/224308.BSU01350","physical","txid224308"
"new_2477758_2477958_c","BSU_01020","RpmGC","RplK","rpmGC","rplK","RpmGC","RplK","new_2477758_2477958_c","BSU_01020","subtiwiki","224308.new24777582477958c/224308.BSU01020","physical","txid224308"
"new_2477758_2477958_c","BSU_01280","RpmGC","RplE","rpmGC","rplE","RpmGC","RplE","new_2477758_2477958_c","BSU_01280","subtiwiki","224308.new24777582477958c/224308.BSU01280","physical","txid224308"
"new_2477758_2477958_c","BSU_41060","RpmGC","RpmH","rpmGC","rpmH","RpmGC","RpmH","new_2477758_2477958_c","BSU_41060","subtiwiki","224308.new24777582477958c/224308.BSU41060","physical","txid224308"
"new_2477758_2477958_c","BSU_15820","RpmGC","RpmB","rpmGC","rpmB","RpmGC","RpmB","new_2477758_2477958_c","BSU_15820","subtiwiki","224308.new24777582477958c/224308.BSU15820","physical","txid224308"
"new_2477758_2477958_c","BSU_00990","RpmGC","RpmGB","rpmGC","rpmGB","RpmGC","RpmGB","new_2477758_2477958_c","BSU_00990","subtiwiki","224308.new24777582477958c/224308.BSU00990","physical","txid224308"
"new_2477758_2477958_c","BSU_28850","RpmGC","RplT","rpmGC","rplT","RpmGC","RplT","new_2477758_2477958_c","BSU_28850","subtiwiki","224308.new24777582477958c/224308.BSU28850","physical","txid224308"
"new_2477758_2477958_c","BSU_01160","RpmGC","RplC","rpmGC","rplC","RpmGC","RplC","new_2477758_2477958_c","BSU_01160","subtiwiki","224308.new24777582477958c/224308.BSU01160","physical","txid224308"
"new_2477758_2477958_c","BSU_01320","RpmGC","RplR","rpmGC","rplR","RpmGC","RplR","new_2477758_2477958_c","BSU_01320","subtiwiki","224308.new24777582477958c/224308.BSU01320","physical","txid224308"
"BSU_28530","BSU_28520","EtfB","EtfA","etfB","etfA","EtfB","EtfA","BSU_28530","BSU_28520","subtiwiki","224308.BSU28530/224308.BSU28520","physical","txid224308"
"BSU_34760","BSU_15760","GlmR","PrpC","glmR","BSU_15760","GlmR","PrpC","BSU_34760","BSU_15760","subtiwiki","224308.BSU34760/224308.BSU15760","physical","txid224308"
"BSU_06839","BSU_06830","PhrH","RapH","phrH","rapH","PhrH","RapH","BSU_06839","BSU_06830","subtiwiki","224308.BSU06839/224308.BSU06830","physical","txid224308"
"BSU_30190","BSU_14170","BioI","YkuP","bioI","ykuP","BioI","YkuP","BSU_30190","BSU_14170","subtiwiki","224308.BSU30190/224308.BSU14170","physical","txid224308"
"BSU_12240","BSU_12250","YjkA","YjkB","BSU_12240","BSU_12250","YjkA","YjkB","BSU_12240","BSU_12250","subtiwiki","224308.BSU12240/224308.BSU12250","physical","txid224308"
"BSU_24630","BSU_24640","SipW","TapA","sipW","tapA","SipW","TapA","BSU_24630","BSU_24640","subtiwiki","224308.BSU24630/224308.BSU24640","physical","txid224308"
"BSU_24630","BSU_24620","SipW","TasA","sipW","tasA","SipW","TasA","BSU_24630","BSU_24620","subtiwiki","224308.BSU24630/224308.BSU24620","physical","txid224308"
"BSU_39290","BSU_39300","YxxD","YxiD","BSU_39290","BSU_39300","YxxD","YxiD","BSU_39290","BSU_39300","subtiwiki","224308.BSU39290/224308.BSU39300","physical","txid224308"
"BSU_36070","BSU_17670","CotG","CotU","cotG","cotU","CotG","CotU","BSU_36070","BSU_17670","subtiwiki","224308.BSU36070/224308.BSU17670","physical","txid224308"
"BSU_36070","BSU_17700","CotG","CotC","cotG","cotC","CotG","CotC","BSU_36070","BSU_17700","subtiwiki","224308.BSU36070/224308.BSU17700","physical","txid224308"
"BSU_36070","BSU_36060","CotG","CotH","cotG","cotH","CotG","CotH","BSU_36070","BSU_36060","subtiwiki","224308.BSU36070/224308.BSU36060","physical","txid224308"
"BSU_36060","BSU_11750","CotH","CotY","cotH","cotY","CotH","CotY","BSU_36060","BSU_11750","subtiwiki","224308.BSU36060/224308.BSU11750","physical","txid224308"
"BSU_04490","BSU_09300","YdbJ","GlpD","BSU_04490","glpD","YdbJ","GlpD","BSU_04490","BSU_09300","subtiwiki","224308.BSU04490/224308.BSU09300","physical","txid224308"
"BSU_04490","BSU_04500","YdbJ","YdbK","BSU_04490","BSU_04500","YdbJ","YdbK","BSU_04490","BSU_04500","subtiwiki","224308.BSU04490/224308.BSU04500","physical","txid224308"
"BSU_14320","BSU_14330","YknU","YknV","BSU_14320","BSU_14330","YknU","YknV","BSU_14320","BSU_14330","subtiwiki","224308.BSU14320/224308.BSU14330","physical","txid224308"
"BSU_27500","BSU_27510","TrmU","IscSA","trmU","yrvO","TrmU","YrvO","BSU_27500","BSU_27510","subtiwiki","224308.BSU27500/224308.BSU27510","physical","txid224308"
"BSU_14230","BSU_14220","AhpT","AhpA","ahpT","ahpA","AhpT","AhpA","BSU_14230","BSU_14220","subtiwiki","224308.BSU14230/224308.BSU14220","physical","txid224308"
"BSU_01380","BSU_01180","Map","RplW","map","rplW","Map","RplW","BSU_01380","BSU_01180","subtiwiki","224308.BSU01380/224308.BSU01180","physical","txid224308"
"BSU_23030","BSU_40900","YpbB","SsbA","BSU_23030","ssbA","YpbB","SsbA","BSU_23030","BSU_40900","subtiwiki","224308.BSU23030/224308.BSU40900","physical","txid224308"
"BSU_24640","BSU_24620","TapA","TasA","tapA","tasA","TapA","TasA","BSU_24640","BSU_24620","subtiwiki","224308.BSU24640/224308.BSU24620","physical","txid224308"
"BSU_14480","BSU_00370","Abh","AbrB","abh","abrB","Abh","AbrB","BSU_14480","BSU_00370","subtiwiki","224308.BSU14480/224308.BSU00370","physical","txid224308"
"BSU_18239","BSU_22440","YngHB","BirA","yngHB","birA","YngHB","BirA","BSU_18239","BSU_22440","subtiwiki","224308.BSU18239/224308.BSU22440","physical","txid224308"
"BSU_33920","BSU_01260","Tpi","RplNA","tpi","rplN","Tpi","RplN","BSU_33920","BSU_01260","subtiwiki","224308.BSU33920/224308.BSU01260","physical","txid224308"
"BSU_35650","BSU_28030","TagU","MreB","tagU","mreB","TagU","MreB","BSU_35650","BSU_28030","subtiwiki","224308.BSU35650/224308.BSU28030","physical","txid224308"
"BSU_33221","BSU_33210","YvrHb","YvrG","yvrHb","BSU_33210","YvrHb","YvrG","BSU_33221","BSU_33210","subtiwiki","224308.BSU33221/224308.BSU33210","physical","txid224308"
"BSU_27530","BSU_40900","RarA","SsbA","BSU_27530","ssbA","RarA","SsbA","BSU_27530","BSU_40900","subtiwiki","224308.BSU27530/224308.BSU40900","physical","txid224308"
"BSU_04910","BSU_04940","ConB","ConE","conB","conE","ConB","ConE","BSU_04910","BSU_04940","subtiwiki","224308.BSU04910/224308.BSU04940","physical","txid224308"
"BSU_24700","BSU_24690","ComGD","ComGE","comGD","comGE","ComGD","ComGE","BSU_24700","BSU_24690","subtiwiki","224308.BSU24700/224308.BSU24690","physical","txid224308"
"BSU_24700","BSU_24720","ComGD","ComGB","comGD","comGB","ComGD","ComGB","BSU_24700","BSU_24720","subtiwiki","224308.BSU24700/224308.BSU24720","physical","txid224308"
"BSU_14860","BSU_22440","PycA","BirA","pycA","birA","PycA","BirA","BSU_14860","BSU_22440","subtiwiki","224308.BSU14860/224308.BSU22440","physical","txid224308"
"BSU_14860","BSU_14130","PycA","DarB","pycA","darB","PycA","DarB","BSU_14860","BSU_14130","subtiwiki","224308.BSU14860/224308.BSU14130","physical","txid224308"
"BSU_01910","BSU_01920","SkfA","SkfB","skfA","skfB","SkfA","SkfB","BSU_01910","BSU_01920","subtiwiki","224308.BSU01910/224308.BSU01920","physical","txid224308"
"BSU_33270","BSU_33260","YvrO","YvrN","yvrO","yvrN","YvrO","YvrN","BSU_33270","BSU_33260","subtiwiki","224308.BSU33270/224308.BSU33260","physical","txid224308"
"BSU_27750","BSU_24230","BofC","SpoIVB","bofC","spoIVB","BofC","SpoIVB","BSU_27750","BSU_24230","subtiwiki","224308.BSU27750/224308.BSU24230","physical","txid224308"
"BSU_34700","BSU_34690","PsdA","PsdB","psdA","psdB","PsdA","PsdB","BSU_34700","BSU_34690","subtiwiki","224308.BSU34700/224308.BSU34690","physical","txid224308"
"BSU_09080","BSU_09090","YhcH","YhcI","BSU_09080","BSU_09090","YhcH","YhcI","BSU_09080","BSU_09090","subtiwiki","224308.BSU09080/224308.BSU09090","physical","txid224308"
"BSU_09050","BSU_09070","YhcE","YhcG","BSU_09050","BSU_09070","YhcE","YhcG","BSU_09050","BSU_09070","subtiwiki","224308.BSU09050/224308.BSU09070","physical","txid224308"
"BSU_18920","BSU_18910","PhrK","RapK","phrK","rapK","PhrK","RapK","BSU_18920","BSU_18910","subtiwiki","224308.BSU18920/224308.BSU18910","physical","txid224308"
"BSU_37390","BSU_37400","AlbC","AlbD","albC","albD","AlbC","AlbD","BSU_37390","BSU_37400","subtiwiki","224308.BSU37390/224308.BSU37400","physical","txid224308"
"BSU_18210","BSU_18240","YngE","YngHA","yngE","yngH","YngE","YngH","BSU_18210","BSU_18240","subtiwiki","224308.BSU18210/224308.BSU18240","physical","txid224308"
"BSU_01950","BSU_01960","SkfE","SkfF","skfE","skfF","SkfE","SkfF","BSU_01950","BSU_01960","subtiwiki","224308.BSU01950/224308.BSU01960","physical","txid224308"
"BSU_40310","BSU_40300","PhrG","RapG","phrG","rapG","PhrG","RapG","BSU_40310","BSU_40300","subtiwiki","224308.BSU40310/224308.BSU40300","physical","txid224308"
"BSU_10300","BSU_32150","AprE","PaiA","aprE","BSU_32150","AprE","PaiA","BSU_10300","BSU_32150","subtiwiki","224308.BSU10300/224308.BSU32150","physical","txid224308"
"BSU_40180","BSU_40160","EpeX","EpeP","epeX","epeP","EpeX","EpeP","BSU_40180","BSU_40160","subtiwiki","224308.BSU40180/224308.BSU40160","physical","txid224308"
"BSU_31700","BSU_31710","ComX","ComQ","comX","comQ","ComX","ComQ","BSU_31700","BSU_31710","subtiwiki","224308.BSU31700/224308.BSU31710","physical","txid224308"
"BSU_33770","BSU_19040","SdpC","CsaA","sdpC","BSU_19040","SdpC","CsaA","BSU_33770","BSU_19040","subtiwiki","224308.BSU33770/224308.BSU19040","physical","txid224308"
"BSU_misc_RNA_35","BSU_41050","RnpB","RnpA","BSU_misc_RNA_35","BSU_41050","RnpB","RnpA","BSU_misc_RNA_35","BSU_41050","subtiwiki","224308.BSUmiscRNA35/224308.BSU41050","physical","txid224308"
"BSU_40170","BSU_40180","EpeE","EpeX","epeE","epeX","EpeE","EpeX","BSU_40170","BSU_40180","subtiwiki","224308.BSU40170/224308.BSU40180","physical","txid224308"
"BSU_36280","BSU_06610","YwqA","PcrA","BSU_36280","pcrA","YwqA","PcrA","BSU_36280","BSU_06610","subtiwiki","224308.BSU36280/224308.BSU06610","physical","txid224308"
"BSU_21580","BSU_21570","YokI","YokJ","yokI","yokJ","YokI","YokJ","BSU_21580","BSU_21570","subtiwiki","224308.BSU21580/224308.BSU21570","physical","txid224308"
"BSU_08210","BSU_08220","YfiB","YfiC","BSU_08210","BSU_08220","YfiB","YfiC","BSU_08210","BSU_08220","subtiwiki","224308.BSU08210/224308.BSU08220","physical","txid224308"
"BSU_11760","BSU_11750","CotX","CotY","cotX","cotY","CotX","CotY","BSU_11760","BSU_11750","subtiwiki","224308.BSU11760/224308.BSU11750","physical","txid224308"
"BSU_11760","BSU_11740","CotX","CotZ","cotX","cotZ","CotX","CotZ","BSU_11760","BSU_11740","subtiwiki","224308.BSU11760/224308.BSU11740","physical","txid224308"
"BSU_11760","BSU_11770","CotX","CotW","cotX","cotW","CotX","CotW","BSU_11760","BSU_11770","subtiwiki","224308.BSU11760/224308.BSU11770","physical","txid224308"
"BSU_33130","BSU_35130","LiaI","YvlA","liaI","yvlA","LiaI","YvlA","BSU_33130","BSU_35130","subtiwiki","224308.BSU33130/224308.BSU35130","physical","txid224308"
"BSU_33130","BSU_35110","LiaI","YvlC","liaI","yvlC","LiaI","YvlC","BSU_33130","BSU_35110","subtiwiki","224308.BSU33130/224308.BSU35110","physical","txid224308"
"BSU_33790","BSU_33780","SdpR","SdpI","sdpR","sdpI","SdpR","SdpI","BSU_33790","BSU_33780","subtiwiki","224308.BSU33790/224308.BSU33780","physical","txid224308"
"BSU_03730","BSU_03740","YclH","YclI","yclH","yclI","YclH","YclI","BSU_03730","BSU_03740","subtiwiki","224308.BSU03730/224308.BSU03740","physical","txid224308"
"BSU_04810","BSU_04820","ImmA","ImmR","BSU_04810","immR","ImmA","ImmR","BSU_04810","BSU_04820","subtiwiki","224308.BSU04810/224308.BSU04820","physical","txid224308"
"BSU_36050","BSU_36070","CotB","CotG","cotB","cotG","CotB","CotG","BSU_36050","BSU_36070","subtiwiki","224308.BSU36050/224308.BSU36070","physical","txid224308"
"BSU_36050","BSU_36060","CotB","CotH","cotB","cotH","CotB","CotH","BSU_36050","BSU_36060","subtiwiki","224308.BSU36050/224308.BSU36060","physical","txid224308"
"BSU_10040","BSU_16560","EcsA","RasP","BSU_10040","BSU_16560","EcsA","RasP","BSU_10040","BSU_16560","subtiwiki","224308.BSU10040/224308.BSU16560","physical","txid224308"
"BSU_10040","BSU_10050","EcsA","EcsB","BSU_10040","BSU_10050","EcsA","EcsB","BSU_10040","BSU_10050","subtiwiki","224308.BSU10040/224308.BSU10050","physical","txid224308"
"BSU_35840","BSU_28030","TagT","MreB","tagT","mreB","TagT","MreB","BSU_35840","BSU_28030","subtiwiki","224308.BSU35840/224308.BSU28030","physical","txid224308"
"BSU_09850","BSU_09860","KhtU","KhtT","BSU_09850","BSU_09860","KhtU","KhtT","BSU_09850","BSU_09860","subtiwiki","224308.BSU09850/224308.BSU09860","physical","txid224308"
"BSU_36130","BSU_36120","YwrA","YwrB","ywrA","ywrB","YwrA","YwrB","BSU_36130","BSU_36120","subtiwiki","224308.BSU36130/224308.BSU36120","physical","txid224308"
"BSU_03760","BSU_03750","YclK","YclJ","yclK","yclJ","YclK","YclJ","BSU_03760","BSU_03750","subtiwiki","224308.BSU03760/224308.BSU03750","physical","txid224308"
"BSU_02560","BSU_02550","YcbM","YcbL","BSU_02560","BSU_02550","YcbM","YcbL","BSU_02560","BSU_02550","subtiwiki","224308.BSU02560/224308.BSU02550","physical","txid224308"
"BSU_33080","BSU_33090","LiaR","LiaS","liaR","liaS","LiaR","LiaS","BSU_33080","BSU_33090","subtiwiki","224308.BSU33080/224308.BSU33090","physical","txid224308"
"BSU_08290","BSU_08300","LnrJ","LnrK","BSU_08290","lnrK","LnrJ","LnrK","BSU_08290","BSU_08300","subtiwiki","224308.BSU08290/224308.BSU08300","physical","txid224308"
"BSU_02450","BSU_02440","GlnL","GlnJ","glnL","BSU_02440","GlnL","GlnK","BSU_02450","BSU_02440","subtiwiki","224308.BSU02450/224308.BSU02440","physical","txid224308"
"BSU_04460","BSU_04450","DctR","DctS","BSU_04460","BSU_04450","DctR","DctS","BSU_04460","BSU_04450","subtiwiki","224308.BSU04460/224308.BSU04450","physical","txid224308"
"BSU_34720","BSU_34710","PsdR","PsdS","psdR","psdS","PsdR","PsdS","BSU_34720","BSU_34710","subtiwiki","224308.BSU34720/224308.BSU34710","physical","txid224308"
"BSU_25830","BSU_37130","RapE","Spo0F","rapE","spo0F","RapE","Spo0F","BSU_25830","BSU_37130","subtiwiki","224308.BSU25830/224308.BSU37130","physical","txid224308"
"BSU_31690","BSU_31680","ComP","ComA","comP","comA","ComP","ComA","BSU_31690","BSU_31680","subtiwiki","224308.BSU31690/224308.BSU31680","physical","txid224308"
"BSU_31690","BSU_31700","ComP","ComX","comP","comX","ComP","ComX","BSU_31690","BSU_31700","subtiwiki","224308.BSU31690/224308.BSU31700","physical","txid224308"
"BSU_34060","BSU_34070","YvfU","YvfT","BSU_34060","BSU_34070","YvfU","YvfT","BSU_34060","BSU_34070","subtiwiki","224308.BSU34060/224308.BSU34070","physical","txid224308"
"BSU_02000","BSU_02010","YbdJ","YbdK","BSU_02000","ybdK","YbdJ","YbdK","BSU_02000","BSU_02010","subtiwiki","224308.BSU02000/224308.BSU02010","physical","txid224308"
"BSU_02730","BSU_02740","NatK","NatR","BSU_02730","natR","NatK","NatR","BSU_02730","BSU_02740","subtiwiki","224308.BSU02730/224308.BSU02740","physical","txid224308"
"BSU_38070","BSU_38050","SacT","SacP","sacT","sacP","SacT","SacP","BSU_38070","BSU_38050","subtiwiki","224308.BSU38070/224308.BSU38050","physical","txid224308"
"BSU_31530","BSU_31520","MalR","MalK","malR","BSU_31520","MalR","MalK","BSU_31530","BSU_31520","subtiwiki","224308.BSU31530/224308.BSU31520","physical","txid224308"
"BSU_13250","BSU_13260","YkoG","YkoH","BSU_13250","BSU_13260","YkoG","YkoH","BSU_13250","BSU_13260","subtiwiki","224308.BSU13250/224308.BSU13260","physical","txid224308"
"BSU_05410","BSU_05420","YdfH","YdfI","BSU_05410","ydfI","YdfH","YdfI","BSU_05410","BSU_05420","subtiwiki","224308.BSU05410/224308.BSU05420","physical","txid224308"
"BSU_misc_RNA_55","BSU_33600","SsrA","SmpB","ssrA","smpB","SsrA","SmpB","BSU_misc_RNA_55","BSU_33600","subtiwiki","224308.BSUmiscRNA55/224308.BSU33600","physical","txid224308"
"BSU_38420","BSU_38410","SacY","SacX","sacY","sacX","SacY","SacX","BSU_38420","BSU_38410","subtiwiki","224308.BSU38420/224308.BSU38410","physical","txid224308"
"BSU_26390","BSU_01080","SigKC","RpoC","sigKC","rpoC","SigKC","RpoC","BSU_26390","BSU_01080","subtiwiki","224308.BSU26390/224308.BSU01080","physical","txid224308"
"BSU_14240","BSU_00010","Rok","DnaA","rok","dnaA","Rok","DnaA","BSU_14240","BSU_00010","subtiwiki","224308.BSU14240/224308.BSU00010","physical","txid224308"
"BSU_34500","BSU_34490","YvdR","YvdS","BSU_34500","BSU_34490","YvdR","YvdS","BSU_34500","BSU_34490","subtiwiki","224308.BSU34500/224308.BSU34490","physical","txid224308"
"BSU_33570","BSU_33560","YvaE","YvaD","BSU_33570","BSU_33560","YvaE","YvaD","BSU_33570","BSU_33560","subtiwiki","224308.BSU33570/224308.BSU33560","physical","txid224308"
"BSU_02350","BSU_07800","GamP","TreP","gamP","treP","GamP","TreP","BSU_02350","BSU_07800","subtiwiki","224308.BSU02350/224308.BSU07800","physical","txid224308"
"BSU_02350","BSU_38050","GamP","SacP","gamP","sacP","GamP","SacP","BSU_02350","BSU_38050","subtiwiki","224308.BSU02350/224308.BSU38050","physical","txid224308"
"BSU_13100","BSU_13090","YkkD","YkkC","ykkD","ykkC","YkkD","YkkC","BSU_13100","BSU_13090","subtiwiki","224308.BSU13100/224308.BSU13090","physical","txid224308"
"BSU_04280","BSU_04310","YdaK","YdaN","ydaK","ydaN","YdaK","YdaN","BSU_04280","BSU_04310","subtiwiki","224308.BSU04280/224308.BSU04310","physical","txid224308"
"BSU_04280","BSU_04300","YdaK","YdaM","ydaK","ydaM","YdaK","YdaM","BSU_04280","BSU_04300","subtiwiki","224308.BSU04280/224308.BSU04300","physical","txid224308"
"BSU_04300","BSU_04310","YdaM","YdaN","ydaM","ydaN","YdaM","YdaN","BSU_04300","BSU_04310","subtiwiki","224308.BSU04300/224308.BSU04310","physical","txid224308"
"BSU_19820","BSU_21660","SprB","SprA","sprB","sprA","SprB","SprA","BSU_19820","BSU_21660","subtiwiki","224308.BSU19820/224308.BSU21660","physical","txid224308"
"BSU_19780","BSU_11750","CgeA","CotY","cgeA","cotY","CgeA","CotY","BSU_19780","BSU_11750","subtiwiki","224308.BSU19780/224308.BSU11750","physical","txid224308"
"BSU_19780","BSU_11740","CgeA","CotZ","cgeA","cotZ","CgeA","CotZ","BSU_19780","BSU_11740","subtiwiki","224308.BSU19780/224308.BSU11740","physical","txid224308"
"BSU_06300","BSU_10600","CotA","YhjQ","cotA","yhjQ","CotA","YhjQ","BSU_06300","BSU_10600","subtiwiki","224308.BSU06300/224308.BSU10600","physical","txid224308"
"BSU_06300","BSU_19780","CotA","CgeA","cotA","cgeA","CotA","CgeA","BSU_06300","BSU_19780","subtiwiki","224308.BSU06300/224308.BSU19780","physical","txid224308"
"BSU_06300","BSU_14250","CotA","YknT","cotA","yknT","CotA","YknT","BSU_06300","BSU_14250","subtiwiki","224308.BSU06300/224308.BSU14250","physical","txid224308"
"BSU_06300","BSU_11750","CotA","CotY","cotA","cotY","CotA","CotY","BSU_06300","BSU_11750","subtiwiki","224308.BSU06300/224308.BSU11750","physical","txid224308"
"BSU_06300","BSU_11740","CotA","CotZ","cotA","cotZ","CotA","CotZ","BSU_06300","BSU_11740","subtiwiki","224308.BSU06300/224308.BSU11740","physical","txid224308"
"BSU_11730","BSU_19780","CotO","CgeA","cotO","cgeA","CotO","CgeA","BSU_11730","BSU_19780","subtiwiki","224308.BSU11730/224308.BSU19780","physical","txid224308"
"BSU_11730","BSU_11740","CotO","CotZ","cotO","cotZ","CotO","CotZ","BSU_11730","BSU_11740","subtiwiki","224308.BSU11730/224308.BSU11740","physical","txid224308"
"BSU_14250","BSU_11750","YknT","CotY","yknT","cotY","YknT","CotY","BSU_14250","BSU_11750","subtiwiki","224308.BSU14250/224308.BSU11750","physical","txid224308"
"BSU_14250","BSU_19780","YknT","CgeA","yknT","cgeA","YknT","CgeA","BSU_14250","BSU_19780","subtiwiki","224308.BSU14250/224308.BSU19780","physical","txid224308"
"BSU_14250","BSU_11780","YknT","CotV","yknT","cotV","YknT","CotV","BSU_14250","BSU_11780","subtiwiki","224308.BSU14250/224308.BSU11780","physical","txid224308"
"BSU_17970","BSU_14250","CotM","YknT","cotM","yknT","CotM","YknT","BSU_17970","BSU_14250","subtiwiki","224308.BSU17970/224308.BSU14250","physical","txid224308"
"BSU_17970","BSU_11750","CotM","CotY","cotM","cotY","CotM","CotY","BSU_17970","BSU_11750","subtiwiki","224308.BSU17970/224308.BSU11750","physical","txid224308"
"BSU_17970","BSU_06300","CotM","CotA","cotM","cotA","CotM","CotA","BSU_17970","BSU_06300","subtiwiki","224308.BSU17970/224308.BSU06300","physical","txid224308"
"BSU_30920","BSU_11750","CotI","CotY","cotI","cotY","CotI","CotY","BSU_30920","BSU_11750","subtiwiki","224308.BSU30920/224308.BSU11750","physical","txid224308"
"BSU_34530","BSU_37900","CotR","SpsB","cotR","spsB","CotR","SpsB","BSU_34530","BSU_37900","subtiwiki","224308.BSU34530/224308.BSU37900","physical","txid224308"
"BSU_09650","BSU_19360","SrtN","OdhB","BSU_09650","odhB","SrtN","OdhB","BSU_09650","BSU_19360","subtiwiki","224308.BSU09650/224308.BSU19360","physical","txid224308"
"BSU_28910","BSU_28900","PftA","PftB","pftA","pftB","PftA","PftB","BSU_28910","BSU_28900","subtiwiki","224308.BSU28910/224308.BSU28900","physical","txid224308"
"BSU_29690","BSU_29680","AcuA","AcsA","acuA","acsA","AcuA","AcsA","BSU_29690","BSU_29680","subtiwiki","224308.BSU29690/224308.BSU29680","physical","txid224308"
"BSU_21750","BSU_14890","Sco","CtaC","BSU_21750","ctaC","Sco","CtaC","BSU_21750","BSU_14890","subtiwiki","224308.BSU21750/224308.BSU14890","physical","txid224308"
"BSU_09600","BSU_09610","FluC","YhdV","BSU_09600","BSU_09610","FluC","YhdV","BSU_09600","BSU_09610","subtiwiki","224308.BSU09600/224308.BSU09610","physical","txid224308"
"BSU_37660","BSU_11840","Pta","YjcF","pta","BSU_11840","Pta","YjcF","BSU_37660","BSU_11840","subtiwiki","224308.BSU37660/224308.BSU11840","physical","txid224308"
"BSU_37660","BSU_29120","Pta","Mdh","pta","mdh","Pta","Mdh","BSU_37660","BSU_29120","subtiwiki","224308.BSU37660/224308.BSU29120","physical","txid224308"
"BSU_23310","BSU_27130","SipS","RsiV","sipS","rsiV","SipS","RsiV","BSU_23310","BSU_27130","subtiwiki","224308.BSU23310/224308.BSU27130","physical","txid224308"
"BSU_14410","BSU_27130","SipT","RsiV","sipT","rsiV","SipT","RsiV","BSU_14410","BSU_27130","subtiwiki","224308.BSU14410/224308.BSU27130","physical","txid224308"
"BSU_19410","BSU_18380","CwlS","IseA","cwlS","iseA","CwlS","IseA","BSU_19410","BSU_18380","subtiwiki","224308.BSU19410/224308.BSU18380","physical","txid224308"
"BSU_04970","BSU_18380","CwlT","IseA","cwlT","iseA","CwlT","IseA","BSU_04970","BSU_18380","subtiwiki","224308.BSU04970/224308.BSU18380","physical","txid224308"
"BSU_15050","BSU_17860","DdcP","YneA","BSU_15050","yneA","DdcP","YneA","BSU_15050","BSU_17860","subtiwiki","224308.BSU15050/224308.BSU17860","physical","txid224308"
"BSU_19590","BSU_17860","CtpA","YneA","BSU_19590","yneA","CtpA","YneA","BSU_19590","BSU_17860","subtiwiki","224308.BSU19590/224308.BSU17860","physical","txid224308"
"BSU_07700","BSU_02350","NagP","GamP","nagP","gamP","NagP","GamP","BSU_07700","BSU_02350","subtiwiki","224308.BSU07700/224308.BSU02350","physical","txid224308"
"BSU_07700","BSU_13890","NagP","PtsG","nagP","ptsG","NagP","PtsG","BSU_07700","BSU_13890","subtiwiki","224308.BSU07700/224308.BSU13890","physical","txid224308"
"BSU_07700","BSU_22230","NagP","YpqE","nagP","ptsA","NagP","PtsA","BSU_07700","BSU_22230","subtiwiki","224308.BSU07700/224308.BSU22230","physical","txid224308"
"BSU_14130","BSU_27600","DarB","Rsh","darB","BSU_27600","DarB","Rel","BSU_14130","BSU_27600","subtiwiki","224308.BSU14130/224308.BSU27600","physical","txid224308"
"BSU_22220","BSU_22210","MrfA","MrfB","BSU_22220","BSU_22210","MrfA","MrfB","BSU_22220","BSU_22210","subtiwiki","224308.BSU22220/224308.BSU22210","physical","txid224308"
"BSU_35480","BSU_15840","DegV","FakA","BSU_35480","BSU_15840","DegV","FakA","BSU_35480","BSU_15840","subtiwiki","224308.BSU35480/224308.BSU15840","physical","txid224308"
"BSU_11110","BSU_15840","YitS","FakA","BSU_11110","BSU_15840","YitS","FakA","BSU_11110","BSU_15840","subtiwiki","224308.BSU11110/224308.BSU15840","physical","txid224308"
"BSU_26430","BSU_26420","YrkP","YrkQ","yrkP","yrkQ","YrkP","YrkQ","BSU_26430","BSU_26420","subtiwiki","224308.BSU26430/224308.BSU26420","physical","txid224308"
"BSU_23700","BSU_23710","YqjX","PolYB","yqjX","polY2","YqjX","PolY2","BSU_23700","BSU_23710","subtiwiki","224308.BSU23700/224308.BSU23710","physical","txid224308"
"BSU_21510","BSU_21500","YolD","UvrX","yolD","uvrX","YolD","UvrX","BSU_21510","BSU_21500","subtiwiki","224308.BSU21510/224308.BSU21500","physical","txid224308"
"BSU_18950","BSU_18930","YozL","YobH","yozL","yobH","YozL","YobH","BSU_18950","BSU_18930","subtiwiki","224308.BSU18950/224308.BSU18930","physical","txid224308"
"BSU_06850","BSU_31270","YeeK","Tgl","yeeK","tgl","YeeK","Tgl","BSU_06850","BSU_31270","subtiwiki","224308.BSU06850/224308.BSU31270","physical","txid224308"
"BSU_04960","BSU_04990","ConG","YddJ","conG","yddJ","ConG","YddJ","BSU_04960","BSU_04990","subtiwiki","224308.BSU04960/224308.BSU04990","physical","txid224308"
"BSU_27350","BSU_27340","YrrN","YrrO","BSU_27350","BSU_27340","YrrN","YrrO","BSU_27350","BSU_27340","subtiwiki","224308.BSU27350/224308.BSU27340","physical","txid224308"
"BSU_24940","BSU_24930","SweC","SweD","sweC","sweD","SweC","SweD","BSU_24940","BSU_24930","subtiwiki","224308.BSU24940/224308.BSU24930","physical","txid224308"
"BSU_24930","BSU_35250","SweD","FtsX","sweD","ftsX","SweD","FtsX","BSU_24930","BSU_35250","subtiwiki","224308.BSU24930/224308.BSU35250","physical","txid224308"
"BSU_29520","BSU_29530","SppI","SppA","sppI","sppA","SppI","SppA","BSU_29520","BSU_29530","subtiwiki","224308.BSU29520/224308.BSU29530","physical","txid224308"
"new_1056384_1056537","BSU_misc_RNA_67","RosA","RoxS","rosA","roxS","RosA","RoxS","new_1056384_1056537","BSU_misc_RNA_67","subtiwiki","224308.new10563841056537/224308.BSUmiscRNA67","physical","txid224308"
"new_1056384_1056537","BSU_misc_RNA_69","RosA","FsrA","rosA","fsrA","RosA","FsrA","new_1056384_1056537","BSU_misc_RNA_69","subtiwiki","224308.new10563841056537/224308.BSUmiscRNA69","physical","txid224308"
"BSU_13300","BSU_24870","MgtE","YqgP","mgtE","BSU_24870","MgtE","YqgP","BSU_13300","BSU_24870","subtiwiki","224308.BSU13300/224308.BSU24870","physical","txid224308"
"BSU_09120","BSU_22910","DgcK","YpfA","BSU_09120","BSU_22910","DgcK","MotI","BSU_09120","BSU_22910","subtiwiki","224308.BSU09120/224308.BSU22910","physical","txid224308"
"BSU_09120","BSU_04280","DgcK","YdaK","BSU_09120","ydaK","DgcK","YdaK","BSU_09120","BSU_04280","subtiwiki","224308.BSU09120/224308.BSU04280","physical","txid224308"
"BSU_29650","BSU_22910","DgcP","YpfA","BSU_29650","BSU_22910","DgcP","MotI","BSU_29650","BSU_22910","subtiwiki","224308.BSU29650/224308.BSU22910","physical","txid224308"
"BSU_14840","BSU_23520","FurA","Fur","BSU_14840","fur","FurA","Fur","BSU_14840","BSU_23520","subtiwiki","224308.BSU14840/224308.BSU23520","physical","txid224308"
"BSU_32050","BSU_01440","YuiE","RplQ","BSU_32050","rplQ","YuiE","RplQ","BSU_32050","BSU_01440","subtiwiki","224308.BSU32050/224308.BSU01440","physical","txid224308"
"new_3036310_3036529_c","BSU_33900","SR7P","Eno","SR7P","eno","SR7P","Eno","new_3036310_3036529_c","BSU_33900","subtiwiki","224308.new30363103036529c/224308.BSU33900","physical","txid224308"
"BSU_06900","BSU_37900","CotJB","SpsB","cotJB","spsB","CotJB","SpsB","BSU_06900","BSU_37900","subtiwiki","224308.BSU06900/224308.BSU37900","physical","txid224308"
"BSU_08920","BSU_36060","YhbB","CotH","yhbB","cotH","YhbB","CotH","BSU_08920","BSU_36060","subtiwiki","224308.BSU08920/224308.BSU36060","physical","txid224308"
"BSU_31030","BSU_01080","BstB","RpoC","BSU_31030","rpoC","BstB","RpoC","BSU_31030","BSU_01080","subtiwiki","224308.BSU31030/224308.BSU01080","physical","txid224308"
"BSU_27370","BSU_22320","MltG","PonA","mltG","ponA","MltG","PonA","BSU_27370","BSU_22320","subtiwiki","224308.BSU27370/224308.BSU22320","physical","txid224308"
"BSU_27370","BSU_15160","MltG","PbpB","mltG","BSU_15160","MltG","PbpB","BSU_27370","BSU_15160","subtiwiki","224308.BSU27370/224308.BSU15160","physical","txid224308"
"BSU_11250","BSU_40320","ArgF","RocF","argF","rocF","ArgF","RocF","BSU_11250","BSU_40320","subtiwiki","224308.BSU11250/224308.BSU40320","physical","txid224308"
"BSU_20850","BSU_20860","AimP","YopK","aimP","aimR","AimP","AimR","BSU_20850","BSU_20860","subtiwiki","224308.BSU20850/224308.BSU20860","physical","txid224308"
"BSU_27230","BSU_27220","ForE2","YrhE","BSU_27230","BSU_27220","ForE2","ForC2","BSU_27230","BSU_27220","subtiwiki","224308.BSU27230/224308.BSU27220","physical","txid224308"
"BSU_12170","BSU_12160","ForE1","YjgC","forE1","forC1","ForE1","ForC1","BSU_12170","BSU_12160","subtiwiki","224308.BSU12170/224308.BSU12160","physical","txid224308"
"BSU_06200","BSU_06210","YdjH","YdjI","ydjH","ydjI","YdjH","YdjI","BSU_06200","BSU_06210","subtiwiki","224308.BSU06200/224308.BSU06210","physical","txid224308"
"BSU_06200","BSU_06190","YdjH","YdjG","ydjH","ydjG","YdjH","YdjG","BSU_06200","BSU_06190","subtiwiki","224308.BSU06200/224308.BSU06190","physical","txid224308"
"BSU_29920","BSU_00010","CcrZ","DnaA","BSU_29920","dnaA","CcrZ","DnaA","BSU_29920","BSU_00010","subtiwiki","224308.BSU29920/224308.BSU00010","physical","txid224308"
"BSU_05930","BSU_01130","RimI","TufA","BSU_05930","tufA","RimI","TufA","BSU_05930","BSU_01130","subtiwiki","224308.BSU05930/224308.BSU01130","physical","txid224308"
"BSU_33110","BSU_33130","LiaG","LiaI","liaG","liaI","LiaG","LiaI","BSU_33110","BSU_33130","subtiwiki","224308.BSU33110/224308.BSU33130","physical","txid224308"
"BSU_33110","BSU_33120","LiaG","LiaH","liaG","liaH","LiaG","LiaH","BSU_33110","BSU_33120","subtiwiki","224308.BSU33110/224308.BSU33120","physical","txid224308"
"BSU_35120","BSU_06180","YvlB","PspA","yvlB","pspA","YvlB","PspA","BSU_35120","BSU_06180","subtiwiki","224308.BSU35120/224308.BSU06180","physical","txid224308"
"BSU_35120","BSU_33120","YvlB","LiaH","yvlB","liaH","YvlB","LiaH","BSU_35120","BSU_33120","subtiwiki","224308.BSU35120/224308.BSU33120","physical","txid224308"
"BSU_35120","BSU_35110","YvlB","YvlC","yvlB","yvlC","YvlB","YvlC","BSU_35120","BSU_35110","subtiwiki","224308.BSU35120/224308.BSU35110","physical","txid224308"
"BSU_35120","BSU_35100","YvlB","YvlD","yvlB","yvlD","YvlB","YvlD","BSU_35120","BSU_35100","subtiwiki","224308.BSU35120/224308.BSU35100","physical","txid224308"
"BSU_35120","BSU_35130","YvlB","YvlA","yvlB","yvlA","YvlB","YvlA","BSU_35120","BSU_35130","subtiwiki","224308.BSU35120/224308.BSU35130","physical","txid224308"
"BSU_35130","BSU_35110","YvlA","YvlC","yvlA","yvlC","YvlA","YvlC","BSU_35130","BSU_35110","subtiwiki","224308.BSU35130/224308.BSU35110","physical","txid224308"
"BSU_35100","BSU_35110","YvlD","YvlC","yvlD","yvlC","YvlD","YvlC","BSU_35100","BSU_35110","subtiwiki","224308.BSU35100/224308.BSU35110","physical","txid224308"
"BSU_35100","BSU_35130","YvlD","YvlA","yvlD","yvlA","YvlD","YvlA","BSU_35100","BSU_35130","subtiwiki","224308.BSU35100/224308.BSU35130","physical","txid224308"
"BSU_23402","BSU_23420","SpoVAEB","SpoVAC","spoVAEB","spoVAC","SpoVAEB","SpoVAC","BSU_23402","BSU_23420","subtiwiki","224308.BSU23402/224308.BSU23420","physical","txid224308"
"BSU_23410","BSU_23420","SpoVAD","SpoVAC","spoVAD","spoVAC","SpoVAD","SpoVAC","BSU_23410","BSU_23420","subtiwiki","224308.BSU23410/224308.BSU23420","physical","txid224308"
"BSU_31390","BSU_33930","YugI","Pgk","yugI","pgk","YugI","Pgk","BSU_31390","BSU_33930","subtiwiki","224308.BSU31390/224308.BSU33930","physical","txid224308"
"BSU_31390","BSU_40890","YugI","RpsR","yugI","rpsR","YugI","RpsR","BSU_31390","BSU_40890","subtiwiki","224308.BSU31390/224308.BSU40890","physical","txid224308"
"BSU_31390","BSU_16490","YugI","RpsB","yugI","rpsB","YugI","RpsB","BSU_31390","BSU_16490","subtiwiki","224308.BSU31390/224308.BSU16490","physical","txid224308"
"BSU_31390","BSU_29610","YugI","EzrA","yugI","ezrA","YugI","EzrA","BSU_31390","BSU_29610","subtiwiki","224308.BSU31390/224308.BSU29610","physical","txid224308"
"BSU_31390","BSU_01500","YugI","RpsI","yugI","rpsI","YugI","RpsI","BSU_31390","BSU_01500","subtiwiki","224308.BSU31390/224308.BSU01500","physical","txid224308"
"BSU_18060","BSU_14580","PdhI","PdhA","BSU_18060","pdhA","PdhI","PdhA","BSU_18060","BSU_14580","subtiwiki","224308.BSU18060/224308.BSU14580","physical","txid224308"
"BSU_29860","BSU_28820","YtoP","YsdC","BSU_29860","BSU_28820","YtoP","YsdC","BSU_29860","BSU_28820","subtiwiki","224308.BSU29860/224308.BSU28820","physical","txid224308"
"BSU_25430","BSU_34210","YqeV","YvfG","yqeV","BSU_34210","YqeV","YvfG","BSU_25430","BSU_34210","subtiwiki","224308.BSU25430/224308.BSU34210","physical","txid224308"
"BSU_40200","BSU_40220","YydD","YydB","BSU_40200","BSU_40220","YydD","YydB","BSU_40200","BSU_40220","subtiwiki","224308.BSU40200/224308.BSU40220","physical","txid224308"
"BSU_14000","BSU_22180","PatA","GpsB","BSU_14000","BSU_22180","PatA","GpsB","BSU_14000","BSU_22180","subtiwiki","224308.BSU14000/224308.BSU22180","physical","txid224308"
"BSU_23560","BSU_09950","MleN","PrsA","mleN","BSU_09950","MleN","PrsA","BSU_23560","BSU_09950","subtiwiki","224308.BSU23560/224308.BSU09950","physical","txid224308"
"BSU_38850","BSU_00100","YxkC","DacA","yxkC","BSU_00100","YxkC","DacA","BSU_38850","BSU_00100","subtiwiki","224308.BSU38850/224308.BSU00100","physical","txid224308"
"BSU_38850","BSU_09950","YxkC","PrsA","yxkC","BSU_09950","YxkC","PrsA","BSU_38850","BSU_09950","subtiwiki","224308.BSU38850/224308.BSU09950","physical","txid224308"
"BSU_38850","BSU_23560","YxkC","MleN","yxkC","mleN","YxkC","MleN","BSU_38850","BSU_23560","subtiwiki","224308.BSU38850/224308.BSU23560","physical","txid224308"
"BSU_04030","BSU_36370","YcsD","YwpB","BSU_04030","BSU_36370","YcsD","YwpB","BSU_04030","BSU_36370","subtiwiki","224308.BSU04030/224308.BSU36370","physical","txid224308"
"BSU_19290","BSU_03490","YozO","SrfAB","yozO","srfAB","YozO","SrfAB","BSU_19290","BSU_03490","subtiwiki","224308.BSU19290/224308.BSU03490","physical","txid224308"
"BSU_06270","BSU_25200","YdjO","SigA","ydjO","sigA","YdjO","SigA","BSU_06270","BSU_25200","subtiwiki","224308.BSU06270/224308.BSU25200","physical","txid224308"
"BSU_08720","BSU_29470","YgaF","AckA","BSU_08720","ackA","YgaF","AckA","BSU_08720","BSU_29470","subtiwiki","224308.BSU08720/224308.BSU29470","physical","txid224308"
"BSU_23160","BSU_01150","RluB","RpsJ","BSU_23160","rpsJ","RluB","RpsJ","BSU_23160","BSU_01150","subtiwiki","224308.BSU23160/224308.BSU01150","physical","txid224308"
"BSU_35920","BSU_22960","RbsK","GudB","rbsK","gudB","RbsK","GudB","BSU_35920","BSU_22960","subtiwiki","224308.BSU35920/224308.BSU22960","physical","txid224308"
"BSU_16620","BSU_36830","RplGA","AtpA","rplGA","atpA","RplGA","AtpA","BSU_16620","BSU_36830","subtiwiki","224308.BSU16620/224308.BSU36830","physical","txid224308"
"BSU_27380","BSU_01320","YrzB","RplR","yrzB","rplR","YrzB","RplR","BSU_27380","BSU_01320","subtiwiki","224308.BSU27380/224308.BSU01320","physical","txid224308"
"BSU_16845","BSU_16860","YmfF","YmfH","ymfF","ymfH","YmfF","YmfH","BSU_16845","BSU_16860","subtiwiki","224308.BSU16845/224308.BSU16860","physical","txid224308"
"BSU_16260","BSU_16210","YlxF","FliF","ylxF","fliF","YlxF","FliF","BSU_16260","BSU_16210","subtiwiki","224308.BSU16260/224308.BSU16210","physical","txid224308"
"BSU_06110","BSU_06100","YdjA","YdiS","BSU_06110","BSU_06100","YdjA","YdiS","BSU_06110","BSU_06100","subtiwiki","224308.BSU06110/224308.BSU06100","physical","txid224308"
"BSU_00720","BSU_27580","YacD","YrvJ","yacD","BSU_27580","YacD","YrvJ","BSU_00720","BSU_27580","subtiwiki","224308.BSU00720/224308.BSU27580","physical","txid224308"
"BSU_10140","BSU_28630","HemY","PheT","BSU_10140","pheT","HemY","PheT","BSU_10140","BSU_28630","subtiwiki","224308.BSU10140/224308.BSU28630","physical","txid224308"
"BSU_31410","BSU_16040","AlaR","RplS","BSU_31410","rplS","AlaR","RplS","BSU_31410","BSU_16040","subtiwiki","224308.BSU31410/224308.BSU16040","physical","txid224308"
"BSU_11910","BSU_11920","YjcM","YjcN","yjcM","yjcN","YjcM","YjcN","BSU_11910","BSU_11920","subtiwiki","224308.BSU11910/224308.BSU11920","physical","txid224308"
"BSU_24450","BSU_37660","Efp","Pta","BSU_24450","pta","Efp","Pta","BSU_24450","BSU_37660","subtiwiki","224308.BSU24450/224308.BSU37660","physical","txid224308"
"BSU_32370","BSU_16980","YunD","SpoVS","BSU_32370","spoVS","YunD","SpoVS","BSU_32370","BSU_16980","subtiwiki","224308.BSU32370/224308.BSU16980","physical","txid224308"
"BSU_11840","BSU_01180","YjcF","RplW","BSU_11840","rplW","YjcF","RplW","BSU_11840","BSU_01180","subtiwiki","224308.BSU11840/224308.BSU01180","physical","txid224308"
"BSU_07360","BSU_16440","YfmS","CheW","yfmS","cheW","YfmS","CheW","BSU_07360","BSU_16440","subtiwiki","224308.BSU07360/224308.BSU16440","physical","txid224308"
"BSU_25650","BSU_16490","YqeI","RpsB","BSU_25650","rpsB","YqeI","RpsB","BSU_25650","BSU_16490","subtiwiki","224308.BSU25650/224308.BSU16490","physical","txid224308"
"BSU_29770","BSU_36410","YtxH","Mbl","ytxH","mbl","YtxH","Mbl","BSU_29770","BSU_36410","subtiwiki","224308.BSU29770/224308.BSU36410","physical","txid224308"
"BSU_00460","BSU_01300","IspE","RpsH","ispE","rpsH","IspE","RpsH","BSU_00460","BSU_01300","subtiwiki","224308.BSU00460/224308.BSU01300","physical","txid224308"
"BSU_09000","BSU_09950","YhbJ","PrsA","BSU_09000","BSU_09950","YhbJ","PrsA","BSU_09000","BSU_09950","subtiwiki","224308.BSU09000/224308.BSU09950","physical","txid224308"
"BSU_05840","BSU_30700","GmuD","RpmEB","gmuD","rpmEB","GmuD","RpmEB","BSU_05840","BSU_30700","subtiwiki","224308.BSU05840/224308.BSU30700","physical","txid224308"
"BSU_15740","BSU_25620","YloM","YqeL","yloM","BSU_25620","YloM","YqeL","BSU_15740","BSU_25620","subtiwiki","224308.BSU15740/224308.BSU25620","physical","txid224308"
"BSU_19310","BSU_03910","DhaS","GabD","BSU_19310","gabD","DhaS","GabD","BSU_19310","BSU_03910","subtiwiki","224308.BSU19310/224308.BSU03910","physical","txid224308"
"BSU_19300","BSU_27410","YozC","AlaS","BSU_19300","alaS","YozC","AlaS","BSU_19300","BSU_27410","subtiwiki","224308.BSU19300/224308.BSU27410","physical","txid224308"
"BSU_19470","BSU_19460","YojF","BshB2","yojF","bshB2","YojF","BshB2","BSU_19470","BSU_19460","subtiwiki","224308.BSU19470/224308.BSU19460","physical","txid224308"
"BSU_31900","BSU_31850","YukD","YueC","yukD","yueC","YukD","YueC","BSU_31900","BSU_31850","subtiwiki","224308.BSU31900/224308.BSU31850","physical","txid224308"
"BSU_31900","BSU_31890","YukD","YukC","yukD","essB","YukD","EssB","BSU_31900","BSU_31890","subtiwiki","224308.BSU31900/224308.BSU31890","physical","txid224308"
"BSU_32160","BSU_12420","SufA","YjoB","BSU_32160","yjoB","SufA","YjoB","BSU_32160","BSU_12420","subtiwiki","224308.BSU32160/224308.BSU12420","physical","txid224308"
"BSU_12410","BSU_12420","BstD","YjoB","BSU_12410","yjoB","BstD","YjoB","BSU_12410","BSU_12420","subtiwiki","224308.BSU12410/224308.BSU12420","physical","txid224308"
"BSU_32220","BSU_12420","Nfu","YjoB","BSU_32220","yjoB","Nfu","YjoB","BSU_32220","BSU_12420","subtiwiki","224308.BSU32220/224308.BSU12420","physical","txid224308"
"BSU_37410","BSU_37420","AlbE","AlbF","albE","albF","AlbE","AlbF","BSU_37410","BSU_37420","subtiwiki","224308.BSU37410/224308.BSU37420","physical","txid224308"
"BSU_26700","BSU_26710","AzlD","AzlC","azlD","azlC","AzlD","AzlC","BSU_26700","BSU_26710","subtiwiki","224308.BSU26700/224308.BSU26710","physical","txid224308"
"BSU_25450","BSU_01020","YqeT","RplK","yqeT","rplK","YqeT","RplK","BSU_25450","BSU_01020","subtiwiki","224308.BSU25450/224308.BSU01020","physical","txid224308"
"BSU_29780","BSU_22180","FacZ","GpsB","facZ","BSU_22180","FacZ","GpsB","BSU_29780","BSU_22180","subtiwiki","224308.BSU29780/224308.BSU22180","physical","txid224308"
"BSU_12580","BSU_12570","XtmB","XtmA","xtmB","xtmA","XtmB","XtmA","BSU_12580","BSU_12570","subtiwiki","224308.BSU12580/224308.BSU12570","physical","txid224308"
"BSU_16300","BSU_16210","FliL","FliF","fliL","fliF","FliL","FliF","BSU_16300","BSU_16210","subtiwiki","224308.BSU16300/224308.BSU16210","physical","txid224308"
"BSU_23440","BSU_23430","SpoVAA","SpoVAB","spoVAA","spoVAB","SpoVAA","SpoVAB","BSU_23440","BSU_23430","subtiwiki","224308.BSU23440/224308.BSU23430","physical","txid224308"
